-1.00000000000000000000 -0.00463814800605177879
-0.99000000953674316400 -0.00463510304689407349
-0.98000001907348632800 -0.00464266492053866387
-0.97000002861022949200 -0.00465252902358770371
-0.95999997854232788100 -0.00465158792212605477
-0.94999998807907104500 -0.00466094817966222763
-0.93999999761581420900 -0.00466101290658116341
-0.93000000715255737300 -0.00464437901973724365
-0.92000001668930053700 -0.00465253787115216255
-0.91000002622604370100 -0.00464245909824967384
-0.89999997615814209000 -0.00462793884798884392
-0.88999998569488525400 -0.00463641900569200516
-0.87999999523162841800 -0.00464345607906579971
-0.87000000476837158200 -0.00464132614433765412
-0.86000001430511474600 -0.00464732479304075241
-0.85000002384185791000 -0.00466346507892012596
-0.83999997377395629900 -0.00464742118492722511
-0.82999998331069946300 -0.00464370893314480782
-0.81999999284744262700 -0.00464578578248620033
-0.81000000238418579100 -0.00462854607030749321
-0.80000001192092895500 -0.00462997192516922951
-0.79000002145767211900 -0.00463220989331603050
-0.77999997138977050800 -0.00463532283902168274
-0.76999998092651367200 -0.00464354222640395165
-0.75999999046325683600 -0.00464892806485295296
-0.75000000000000000000 -0.00465083401650190354
-0.74000000953674316400 -0.00465055508539080620
-0.73000001907348632800 -0.00464244699105620384
-0.72000002861022949200 -0.00463806791231036186
-0.70999997854232788100 -0.00462531298398971558
-0.69999998807907104500 -0.00462441006675362587
-0.68999999761581420900 -0.00462643895298242569
-0.68000000715255737300 -0.00463707419112324715
-0.67000001668930053700 -0.00464413687586784363
-0.66000002622604370100 -0.00463966187089681626
-0.64999997615814209000 -0.00465114507824182511
-0.63999998569488525400 -0.00464142486453056336
-0.62999999523162841800 -0.00463712587952613831
-0.62000000476837158200 -0.00463726418092846871
-0.61000001430511474600 -0.00461987080052495003
-0.60000002384185791000 -0.00461834203451871872
-0.58999997377395629900 -0.00463333586230874062
-0.57999998331069946300 -0.00463724695146083832
-0.56999999284744262700 -0.00463488418608903885
-0.56000000238418579100 -0.00465004099532961846
-0.55000001192092895500 -0.00464332103729248047
-0.54000002145767211900 -0.00462993513792753220
-0.52999997138977050800 -0.00464040413498878479
-0.51999998092651367200 -0.00462913699448108673
-0.50999999046325683600 -0.00461489288136363030
-0.50000000000000000000 -0.00462344801053404808
-0.49000000953674316400 -0.00462908018380403519
-0.47999998927116394000 -0.00462845107540488243
-0.46999999880790710400 -0.00464321905747056008
-0.46000000834465026800 -0.00464753108099102974
-0.44999998807907104500 -0.00463851680979132652
-0.43999999761581420900 -0.00463383411988615990
-0.43000000715255737300 -0.00463356589898467064
-0.41999998688697814900 -0.00461699301376938820
-0.40999999642372131300 -0.00461871689185500145
-0.40000000596046447700 -0.00461689382791519165
-0.38999998569488525400 -0.00461832480505108833
-0.37999999523162841800 -0.00463073421269655228
-0.37000000476837158200 -0.00462890183553099632
-0.36000001430511474600 -0.00463454192504286766
-0.34999999403953552200 -0.00464287307113409042
-0.34000000357627868600 -0.00463274819776415825
-0.33000001311302185100 -0.00462752580642700195
-0.31999999284744262700 -0.00462508294731378555
-0.31000000238418579100 -0.00461659021675586701
-0.30000001192092895500 -0.00461621209979057312
-0.28999999165534973100 -0.00463035190477967262
-0.28000000119209289500 -0.00463035982102155686
-0.27000001072883606000 -0.00463103177025914192
-0.25999999046325683600 -0.00464243022724986076
-0.25000000000000000000 -0.00462949508801102638
-0.23999999463558197000 -0.00462216511368751526
-0.23000000417232513400 -0.00462545081973075867
-0.21999999880790710400 -0.00460188789293169975
-0.20999999344348907500 -0.00459987018257379532
-0.20000000298023223900 -0.00461626611649990082
-0.18999999761581420900 -0.00461347494274377823
-0.18000000715255737300 -0.00461302977055311203
-0.17000000178813934300 -0.00462384102866053581
-0.15999999642372131300 -0.00462279794737696648
-0.15000000596046447800 -0.00460858922451734543
-0.14000000059604644800 -0.00461876904591917992
-0.12999999523162841800 -0.00460748001933097840
-0.11999999731779098500 -0.00458444887772202492
-0.10999999940395355200 -0.00460014399141073227
-0.10000000149011611900 -0.00459757680073380470
-0.09000000357627868650 -0.00459719309583306313
-0.07999999821186065670 -0.00460880203172564507
-0.07000000029802322390 -0.00460856687277555466
-0.05999999865889549260 -0.00460308091714978218
-0.05000000074505805970 -0.00459973793476819992
-0.03999999910593032840 -0.00459428504109382630
-0.02999999932944774630 -0.00458311801776289940
-0.01999999955296516420 -0.00457551283761858940
-0.00999999977648258210 -0.00457141408696770668
0.00000000000000000000 -0.00457403389737010002
0.00999999977648258210 -0.00458215689286589623
0.01999999955296516420 -0.00458178110420703888
0.02999999932944774630 -0.00457822391763329506
0.03999999910593032840 -0.00458841398358345032
0.05000000074505805970 -0.00457575218752026558
0.05999999865889549260 -0.00456638308241963387
0.07000000029802322390 -0.00456398585811257362
0.07999999821186065670 -0.00454021198675036430
0.09000000357627868650 -0.00453776679933071137
0.10000000149011611900 -0.00454416684806346893
0.10999999940395355200 -0.00454069580882787705
0.11999999731779098500 -0.00453496677801012993
0.12999999523162841800 -0.00454319501295685768
0.14000000059604644800 -0.00453436421230435372
0.15000000596046447800 -0.00450984109193086624
0.15999999642372131300 -0.00451039383187890053
0.17000000178813934300 -0.00449072616174817085
0.18000000715255737300 -0.00446571083739399910
0.18999999761581420900 -0.00446545518934726715
0.20000000298023223900 -0.00445776712149381638
0.20999999344348907500 -0.00444124499335885048
0.21999999880790710400 -0.00444143498316407204
0.23000000417232513400 -0.00442908378317952156
0.23999999463558197000 -0.00440162699669599533
0.25000000000000000000 -0.00437815813347697258
0.25999999046325683600 -0.00435521593317389488
0.27000001072883606000 -0.00431531015783548355
0.28000000119209289500 -0.00428633112460374832
0.28999999165534973100 -0.00425815116614103317
0.30000001192092895500 -0.00422082422301173210
0.31000000238418579100 -0.00419391784816980362
0.31999999284744262700 -0.00414693495258688927
0.33000001311302185100 -0.00410330202430486679
0.34000000357627868600 -0.00405078101903200150
0.34999999403953552200 -0.00398340215906500816
0.36000001430511474600 -0.00391937606036663056
0.37000000476837158200 -0.00384637597016990185
0.37999999523162841800 -0.00376439001411199570
0.38999998569488525400 -0.00368643901310861111
0.40000000596046447700 -0.00361214997246861458
0.40999999642372131300 -0.00352108711376786232
0.41999998688697814900 -0.00342429010197520256
0.43000000715255737300 -0.00333047308959066868
0.43999999761581420900 -0.00321635301224887371
0.44999998807907104500 -0.00309905898757278919
0.46000000834465026800 -0.00298498105257749558
0.46999999880790710400 -0.00285417400300502777
0.47999998927116394000 -0.00272585009224712849
0.49000000953674316400 -0.00260507408529520035
0.50000000000000000000 -0.00247254106216132641
0.50999999046325683600 -0.00233747507445514202
0.51999998092651367200 -0.00220317998901009560
0.52999997138977050800 -0.00206270697526633740
0.54000002145767211900 -0.00191509502474218607
0.55000001192092895500 -0.00177322200033813715
0.56000000238418579100 -0.00162363704293966293
0.56999999284744262700 -0.00147078197915107012
0.57999998331069946300 -0.00132715294603258371
0.58999997377395629900 -0.00117976905312389135
0.60000002384185791000 -0.00103313999716192484
0.61000001430511474600 -0.00089783687144517899
0.62000000476837158200 -0.00074282020796090364
0.62999999523162841800 -0.00059560418594628572
0.63999998569488525400 -0.00044916011393070221
0.64999997615814209000 -0.00030294869793578982
0.66000002622604370100 -0.00015769120363984257
0.67000001668930053700 -0.00001795362004486378
0.68000000715255737300 0.00012020830035908148
0.68999999761581420900 0.00026712290127761662
0.69999998807907104500 0.00041270648944191635
0.70999997854232788100 0.00055817369138821960
0.72000002861022949200 0.00070321682142093778
0.73000001907348632800 0.00084925250848755240
0.74000000953674316400 0.00099545426201075316
0.75000000000000000000 0.00113979901652783155
0.75999999046325683600 0.00129187304992228746
0.76999998092651367200 0.00144392601214349270
0.77999997138977050800 0.00159831799101084471
0.79000002145767211900 0.00175697100348770618
0.80000001192092895500 0.00191753404214978218
0.81000000238418579100 0.00208246894180774689
0.81999999284744262700 0.00225202809087932110
0.82999998331069946300 0.00242478493601083756
0.83999997377395629900 0.00260040489956736565
0.85000002384185791000 0.00278136203996837139
0.86000001430511474600 0.00296670105308294296
0.87000000476837158200 0.00315422005951404572
0.87999999523162841800 0.00334970001131296158
0.88999998569488525400 0.00354975694790482521
0.89999997615814209000 0.00375581090338528156
0.91000002622604370100 0.00396956503391265869
0.92000001668930053700 0.00418505398556590080
0.93000000715255737300 0.00440784497186541557
0.93999999761581420900 0.00463597290217876434
0.94999998807907104500 0.00486544985324144364
0.95999997854232788100 0.00510253291577100754
0.97000002861022949200 0.00534453522413969040
0.98000001907348632800 0.00559104885905981064
0.99000000953674316400 0.00584724918007850647
1.00000000000000000000 0.00611274316906929016
