-1.00000000000000000000 -0.00454063294455409050
-0.99000000953674316400 -0.00456213206052780152
-0.98000001907348632800 -0.00454849191009998322
-0.97000002861022949200 -0.00453194603323936463
-0.95999997854232788100 -0.00454289512708783150
-0.94999998807907104500 -0.00452846894040703774
-0.93999999761581420900 -0.00451842788606882095
-0.93000000715255737300 -0.00453512696549296379
-0.92000001668930053700 -0.00453444477170705795
-0.91000002622604370100 -0.00454408908262848854
-0.89999997615814209000 -0.00455867312848567963
-0.88999998569488525400 -0.00456161797046661377
-0.87999999523162841800 -0.00455165002495050430
-0.87000000476837158200 -0.00455655017867684364
-0.86000001430511474600 -0.00454887188971042633
-0.85000002384185791000 -0.00453013507649302483
-0.83999997377395629900 -0.00453775795176625252
-0.82999998331069946300 -0.00454213377088308334
-0.81999999284744262700 -0.00454272795468568802
-0.81000000238418579100 -0.00455488311126828194
-0.80000001192092895500 -0.00455544516444206238
-0.79000002145767211900 -0.00455716997385025025
-0.77999997138977050800 -0.00455824984237551689
-0.76999998092651367200 -0.00455337390303611756
-0.75999999046325683600 -0.00454571796581149101
-0.75000000000000000000 -0.00453779520466923714
-0.74000000953674316400 -0.00453868508338928223
-0.73000001907348632800 -0.00454097893089056015
-0.72000002861022949200 -0.00455154199153184891
-0.70999997854232788100 -0.00455774087458848953
-0.69999998807907104500 -0.00455749593675136566
-0.68999999761581420900 -0.00456624804064631462
-0.68000000715255737300 -0.00455230707302689552
-0.67000001668930053700 -0.00455243978649377823
-0.66000002622604370100 -0.00455184001475572586
-0.64999997615814209000 -0.00453388318419456482
-0.63999998569488525400 -0.00453866785392165184
-0.62999999523162841800 -0.00454832985997200012
-0.62000000476837158200 -0.00455077597871422768
-0.61000001430511474600 -0.00454713311046361923
-0.60000002384185791000 -0.00456398911774158478
-0.58999997377395629900 -0.00455301487818360329
-0.57999998331069946300 -0.00453922618180513382
-0.56999999284744262700 -0.00455071590840816498
-0.56000000238418579100 -0.00453848810866475105
-0.55000001192092895500 -0.00452659698203206062
-0.54000002145767211900 -0.00453361682593822479
-0.52999997138977050800 -0.00453840615227818489
-0.51999998092651367200 -0.00453906599432229996
-0.50999999046325683600 -0.00454802578315138817
-0.50000000000000000000 -0.00455256691202521324
-0.49000000953674316400 -0.00454801088199019432
-0.47999998927116394000 -0.00454073678702116013
-0.46999999880790710400 -0.00453722476959228516
-0.46000000834465026800 -0.00452119298279285431
-0.44999998807907104500 -0.00452426588162779808
-0.43999999761581420900 -0.00452504120767116547
-0.43000000715255737300 -0.00452527683228254318
-0.41999998688697814900 -0.00453556189313530922
-0.40999999642372131300 -0.00453905714675784111
-0.40000000596046447700 -0.00454331003129482269
-0.38999998569488525400 -0.00453732488676905632
-0.37999999523162841800 -0.00452935090288519859
-0.37000000476837158200 -0.00452415784820914269
-0.36000001430511474600 -0.00451163295656442642
-0.34999999403953552200 -0.00450610881671309471
-0.34000000357627868600 -0.00450983922928571701
-0.33000001311302185100 -0.00452233804389834404
-0.31999999284744262700 -0.00452034687623381615
-0.31000000238418579100 -0.00452660396695137024
-0.30000001192092895500 -0.00453522615134716034
-0.28999999165534973100 -0.00452134013175964356
-0.28000000119209289500 -0.00451798876747488976
-0.27000001072883606000 -0.00451646419242024422
-0.25999999046325683600 -0.00450154114514589310
-0.25000000000000000000 -0.00450171111151576042
-0.23999999463558197000 -0.00451412098482251167
-0.23000000417232513400 -0.00451271422207355499
-0.21999999880790710400 -0.00451848702505230904
-0.20999999344348907500 -0.00452905101701617241
-0.20000000298023223900 -0.00452324189245700836
-0.18999999761581420900 -0.00451249582692980766
-0.18000000715255737300 -0.00451797293499112129
-0.17000000178813934300 -0.00450515421107411385
-0.15999999642372131300 -0.00449240300804376602
-0.15000000596046447800 -0.00450195604935288429
-0.14000000059604644800 -0.00450043799355626106
-0.12999999523162841800 -0.00450745876878499985
-0.11999999731779098500 -0.00450895307585597038
-0.10999999940395355200 -0.00451104110106825829
-0.10000000149011611900 -0.00450487388297915459
-0.09000000357627868650 -0.00449472712352871895
-0.07999999821186065670 -0.00448750797659158707
-0.07000000029802322390 -0.00448011700063943863
-0.05999999865889549260 -0.00447728298604488373
-0.05000000074505805970 -0.00447193812578916550
-0.03999999910593032840 -0.00448383716866374016
-0.02999999932944774630 -0.00448138592764735222
-0.01999999955296516420 -0.00448044110089540482
-0.00999999977648258210 -0.00448789214715361595
0.00000000000000000000 -0.00448105111718177796
0.00999999977648258210 -0.00446839910000562668
0.01999999955296516420 -0.00446720980107784271
0.02999999932944774630 -0.00445264996960759163
0.03999999910593032840 -0.00444481102749705315
0.05000000074505805970 -0.00445226300507783890
0.05999999865889549260 -0.00444986904039978981
0.07000000029802322390 -0.00444870581850409508
0.07999999821186065670 -0.00445494195446372032
0.09000000357627868650 -0.00445516407489776611
0.10000000149011611900 -0.00443708477541804314
0.10999999940395355200 -0.00444087618961930275
0.11999999731779098500 -0.00442992616444826126
0.12999999523162841800 -0.00440654577687382698
0.14000000059604644800 -0.00441240798681974411
0.15000000596046447800 -0.00441180402413010597
0.15999999642372131300 -0.00440715299919247627
0.17000000178813934300 -0.00441304594278335571
0.18000000715255737300 -0.00440895417705178261
0.18999999761581420900 -0.00439719017595052719
0.20000000298023223900 -0.00439084600657224655
0.20999999344348907500 -0.00438226619735360146
0.21999999880790710400 -0.00436319410800933838
0.23000000417232513400 -0.00434651179239153862
0.23999999463558197000 -0.00433643022552132607
0.25000000000000000000 -0.00432665506377816200
0.25999999046325683600 -0.00432111416012048721
0.27000001072883606000 -0.00430864421650767326
0.28000000119209289500 -0.00429084710776805878
0.28999999165534973100 -0.00427430402487516403
0.30000001192092895500 -0.00423562200739979744
0.31000000238418579100 -0.00420856708660721779
0.31999999284744262700 -0.00417890399694442749
0.33000001311302185100 -0.00413009012117981911
0.34000000357627868600 -0.00409539090469479561
0.34999999403953552200 -0.00406055198982357979
0.36000001430511474600 -0.00401251995936036110
0.37000000476837158200 -0.00395671185106039047
0.37999999523162841800 -0.00390790589153766632
0.38999998569488525400 -0.00383277097716927528
0.40000000596046447700 -0.00374924903735518456
0.40999999642372131300 -0.00367357488721609116
0.41999998688697814900 -0.00357168191112577915
0.43000000715255737300 -0.00347296311520040035
0.43999999761581420900 -0.00337588507682085037
0.44999998807907104500 -0.00327029800973832607
0.46000000834465026800 -0.00315739796496927738
0.46999999880790710400 -0.00304511189460754395
0.47999998927116394000 -0.00292138289660215378
0.49000000953674316400 -0.00278739910572767258
0.50000000000000000000 -0.00265422090888023377
0.50999999046325683600 -0.00251276488415896893
0.51999998092651367200 -0.00236068805679678917
0.52999997138977050800 -0.00221669697202742100
0.54000002145767211900 -0.00206849002279341221
0.55000001192092895500 -0.00191432901192456484
0.56000000238418579100 -0.00176036404445767403
0.56999999284744262700 -0.00160027004312723875
0.57999998331069946300 -0.00144028302747756243
0.58999997377395629900 -0.00127764604985713959
0.60000002384185791000 -0.00111466296948492527
0.61000001430511474600 -0.00096430629491806030
0.62000000476837158200 -0.00079359539085999131
0.62999999523162841800 -0.00062518642516806722
0.63999998569488525400 -0.00045824999688193202
0.64999997615814209000 -0.00029062331304885447
0.66000002622604370100 -0.00012479569704737514
0.67000001668930053700 0.00003265821942477487
0.68000000715255737300 0.00019170140149071813
0.68999999761581420900 0.00036346769775263965
0.69999998807907104500 0.00053124409168958664
0.70999997854232788100 0.00069869280559942126
0.72000002861022949200 0.00086776912212371826
0.73000001907348632800 0.00103783898521214724
0.74000000953674316400 0.00120453699491918087
0.75000000000000000000 0.00137923902366310358
0.75999999046325683600 0.00155441195238381624
0.76999998092651367200 0.00173171202186495066
0.77999997138977050800 0.00191186298616230488
0.79000002145767211900 0.00209437496960163117
0.80000001192092895500 0.00227872701361775398
0.81000000238418579100 0.00246768305078148842
0.81999999284744262700 0.00265911594033241272
0.82999998331069946300 0.00285434909164905548
0.83999997377395629900 0.00305524398572742939
0.85000002384185791000 0.00326044601388275623
0.86000001430511474600 0.00347081897780299187
0.87000000476837158200 0.00368509907275438309
0.87999999523162841800 0.00390441808849573136
0.88999998569488525400 0.00412746984511613846
0.89999997615814209000 0.00435383385047316551
0.91000002622604370100 0.00458722701296210289
0.92000001668930053700 0.00482355011627078056
0.93000000715255737300 0.00506589887663722038
0.93999999761581420900 0.00531512405723333359
0.94999998807907104500 0.00557034090161323548
0.95999997854232788100 0.00582948420196771622
0.97000002861022949200 0.00609382707625627518
0.98000001907348632800 0.00636847782880067826
0.99000000953674316400 0.00664034998044371605
1.00000000000000000000 0.00692019285634160042
