-1.00000000000000000000 -0.00454751402139663696
-0.99000000953674316400 -0.00453377887606620789
-0.98000001907348632800 -0.00452562700957059860
-0.97000002861022949200 -0.00453869486227631569
-0.95999997854232788100 -0.00454252213239669800
-0.94999998807907104500 -0.00454115914180874825
-0.93999999761581420900 -0.00455374317243695259
-0.93000000715255737300 -0.00455214409157633782
-0.92000001668930053700 -0.00453557306900620461
-0.91000002622604370100 -0.00453820591792464256
-0.89999997615814209000 -0.00453159119933843613
-0.88999998569488525400 -0.00450828298926353455
-0.87999999523162841800 -0.00452160788699984551
-0.87000000476837158200 -0.00452464492991566658
-0.86000001430511474600 -0.00451485719531774521
-0.85000002384185791000 -0.00452645681798458100
-0.83999997377395629900 -0.00452457414939999581
-0.82999998331069946300 -0.00452540488913655281
-0.81999999284744262700 -0.00452633202075958252
-0.81000000238418579100 -0.00452141417190432549
-0.80000001192092895500 -0.00451133819296956062
-0.79000002145767211900 -0.00450445991009473801
-0.77999997138977050800 -0.00450675282627344132
-0.76999998092651367200 -0.00449790991842746735
-0.75999999046325683600 -0.00451171584427356720
-0.75000000000000000000 -0.00451040500774979592
-0.74000000953674316400 -0.00451323110610246658
-0.73000001907348632800 -0.00452294992282986641
-0.72000002861022949200 -0.00451274681836366654
-0.70999997854232788100 -0.00450176093727350235
-0.69999998807907104500 -0.00450226990506052971
-0.68999999761581420900 -0.00448036706075072289
-0.68000000715255737300 -0.00448417291045188904
-0.67000001668930053700 -0.00449885288253426552
-0.66000002622604370100 -0.00449621398001909256
-0.64999997615814209000 -0.00449749687686562538
-0.63999998569488525400 -0.00450943177565932274
-0.62999999523162841800 -0.00450569391250610352
-0.62000000476837158200 -0.00449004909023642540
-0.61000001430511474600 -0.00450176000595092774
-0.60000002384185791000 -0.00448830518871545792
-0.58999997377395629900 -0.00447058677673339844
-0.57999998331069946300 -0.00448998995125293732
-0.56999999284744262700 -0.00448680995032191277
-0.56000000238418579100 -0.00449029682204127312
-0.55000001192092895500 -0.00450496608391404152
-0.54000002145767211900 -0.00450530182570219040
-0.52999997138977050800 -0.00449596019461750984
-0.51999998092651367200 -0.00449164491146802902
-0.50999999046325683600 -0.00449191918596625328
-0.50000000000000000000 -0.00447689415886998177
-0.49000000953674316400 -0.00447785016149282456
-0.47999998927116394000 -0.00447633722797036171
-0.46999999880790710400 -0.00446942215785384178
-0.46000000834465026800 -0.00447880709543824196
-0.44999998807907104500 -0.00448126811534166336
-0.43999999761581420900 -0.00448839319869875908
-0.43000000715255737300 -0.00448765419423580170
-0.41999998688697814900 -0.00447499984875321388
-0.40999999642372131300 -0.00447954516857862473
-0.40000000596046447700 -0.00447850208729505539
-0.38999998569488525400 -0.00446298392489552498
-0.37999999523162841800 -0.00446849223226308823
-0.37000000476837158200 -0.00447890302166342735
-0.36000001430511474600 -0.00448181387037038803
-0.34999999403953552200 -0.00448116799816489220
-0.34000000357627868600 -0.00449725706130266190
-0.33000001311302185100 -0.00448452681303024292
-0.31999999284744262700 -0.00448251608759164810
-0.31000000238418579100 -0.00448923790827393532
-0.30000001192092895500 -0.00447423476725816727
-0.28999999165534973100 -0.00447326386347413063
-0.28000000119209289500 -0.00448192190378904343
-0.27000001072883606000 -0.00448293704539537430
-0.25999999046325683600 -0.00449185911566019058
-0.25000000000000000000 -0.00450619915500283241
-0.23999999463558197000 -0.00450737122446298599
-0.23000000417232513400 -0.00449958723038434982
-0.21999999880790710400 -0.00450251577422022820
-0.20999999344348907500 -0.00449506379663944245
-0.20000000298023223900 -0.00447418214753270149
-0.18999999761581420900 -0.00448095705360174179
-0.18000000715255737300 -0.00448600202798843384
-0.17000000178813934300 -0.00449113780632615090
-0.15999999642372131300 -0.00449815997853875160
-0.15000000596046447800 -0.00449649477377533913
-0.14000000059604644800 -0.00450216885656118393
-0.12999999523162841800 -0.00449112290516495705
-0.11999999731779098500 -0.00449153501540422440
-0.10999999940395355200 -0.00447923783212900162
-0.10000000149011611900 -0.00445995479822158814
-0.09000000357627868650 -0.00446444610133767128
-0.07999999821186065670 -0.00446884287521243096
-0.07000000029802322390 -0.00447399914264678955
-0.05999999865889549260 -0.00447142682969570160
-0.05000000074505805970 -0.00448188092559576035
-0.03999999910593032840 -0.00447737704962491989
-0.02999999932944774630 -0.00446571595966815949
-0.01999999955296516420 -0.00446059787645936012
-0.00999999977648258210 -0.00444885110482573509
0.00000000000000000000 -0.00443024607375264168
0.00999999977648258210 -0.00443102791905403137
0.01999999955296516420 -0.00444279005751013756
0.02999999932944774630 -0.00444005383178591728
0.03999999910593032840 -0.00444211997091770172
0.05000000074505805970 -0.00444831093773245812
0.05999999865889549260 -0.00445028487592935562
0.07000000029802322390 -0.00443729106336832047
0.07999999821186065670 -0.00444095395505428314
0.09000000357627868650 -0.00442873314023017883
0.10000000149011611900 -0.00440848711878061295
0.10999999940395355200 -0.00441206013783812523
0.11999999731779098500 -0.00441299518570303917
0.12999999523162841800 -0.00440752087160944939
0.14000000059604644800 -0.00440921122208237648
0.15000000596046447800 -0.00440573180094361305
0.15999999642372131300 -0.00440485402941703797
0.17000000178813934300 -0.00439552497118711472
0.18000000715255737300 -0.00438875891268253327
0.18999999761581420900 -0.00437945313751697540
0.20000000298023223900 -0.00436337804421782494
0.20999999344348907500 -0.00435696123167872429
0.21999999880790710400 -0.00435885600745677948
0.23000000417232513400 -0.00435591489076614380
0.23999999463558197000 -0.00434771087020635605
0.25000000000000000000 -0.00434518419206142426
0.25999999046325683600 -0.00434025889262557030
0.27000001072883606000 -0.00431469688192009926
0.28000000119209289500 -0.00430550286546349526
0.28999999165534973100 -0.00428479816764593125
0.30000001192092895500 -0.00425086915493011475
0.31000000238418579100 -0.00424057478085160256
0.31999999284744262700 -0.00422365497797727585
0.33000001311302185100 -0.00420036399737000466
0.34000000357627868600 -0.00417586602270603180
0.34999999403953552200 -0.00415149005129933357
0.36000001430511474600 -0.00410799589008092880
0.37000000476837158200 -0.00405784090980887413
0.37999999523162841800 -0.00401357188820838928
0.38999998569488525400 -0.00395116908475756645
0.40000000596046447700 -0.00388172804377973080
0.40999999642372131300 -0.00381946610286831856
0.41999998688697814900 -0.00374902202747762203
0.43000000715255737300 -0.00366821489296853542
0.43999999761581420900 -0.00358220096677541733
0.44999998807907104500 -0.00348692410625517368
0.46000000834465026800 -0.00338582391850650311
0.46999999880790710400 -0.00326629099436104298
0.47999998927116394000 -0.00314988498575985432
0.49000000953674316400 -0.00302381208166480064
0.50000000000000000000 -0.00288628390990197659
0.50999999046325683600 -0.00275111291557550430
0.51999998092651367200 -0.00261475401930510998
0.52999997138977050800 -0.00246691796928644180
0.54000002145767211900 -0.00231286790221929550
0.55000001192092895500 -0.00216121203266084194
0.56000000238418579100 -0.00199267896823585033
0.56999999284744262700 -0.00182297802530229092
0.57999998331069946300 -0.00165961100719869137
0.58999997377395629900 -0.00148275995161384344
0.60000002384185791000 -0.00130653800442814827
0.61000001430511474600 -0.00113467394839972258
0.62000000476837158200 -0.00097389792790636420
0.62999999523162841800 -0.00078617391409352422
0.63999998569488525400 -0.00060610310174524784
0.64999997615814209000 -0.00042691928683780134
0.66000002622604370100 -0.00024602029589004815
0.67000001668930053700 -0.00007547905261162668
0.68000000715255737300 0.00010039799963124096
0.68999999761581420900 0.00028668748564086854
0.69999998807907104500 0.00047075308975763619
0.70999997854232788100 0.00065521738724783063
0.72000002861022949200 0.00084128451999276876
0.73000001907348632800 0.00102842296473681927
0.74000000953674316400 0.00121035496704280376
0.75000000000000000000 0.00140408799052238464
0.75999999046325683600 0.00159943697508424521
0.76999998092651367200 0.00179634697269648314
0.77999997138977050800 0.00199586595408618450
0.79000002145767211900 0.00220151105895638466
0.80000001192092895500 0.00240908004343509674
0.81000000238418579100 0.00261948700062930584
0.81999999284744262700 0.00283801392652094364
0.82999998331069946300 0.00306223402731120586
0.83999997377395629900 0.00329080200754106045
0.85000002384185791000 0.00352668203413486481
0.86000001430511474600 0.00377023406326770783
0.87000000476837158200 0.00401308387517929077
0.87999999523162841800 0.00426310906186699867
0.88999998569488525400 0.00452298112213611603
0.89999997615814209000 0.00478252116590738297
0.91000002622604370100 0.00505148293450474739
0.92000001668930053700 0.00533065013587474823
0.93000000715255737300 0.00561532098799943924
0.93999999761581420900 0.00591193186119198799
0.94999998807907104500 0.00621187314391136170
0.95999997854232788100 0.00651790713891386986
0.97000002861022949200 0.00682567991316318512
0.98000001907348632800 0.00713873887434601784
0.99000000953674316400 0.00746150501072406769
1.00000000000000000000 0.00778331886976957321
