-1.00000000000000000000 -0.00469727581366896629
-0.99000000953674316400 -0.00470104021951556206
-0.98000001907348632800 -0.00470977183431386948
-0.97000002861022949200 -0.00472300080582499504
-0.95999997854232788100 -0.00471294578164815903
-0.94999998807907104500 -0.00470850383862853050
-0.93999999761581420900 -0.00471221283078193665
-0.93000000715255737300 -0.00469300802797079086
-0.92000001668930053700 -0.00468895491212606430
-0.91000002622604370100 -0.00470637809485197067
-0.89999997615814209000 -0.00470613408833742142
-0.88999998569488525400 -0.00470698205754160881
-0.87999999523162841800 -0.00472083687782287598
-0.87000000476837158200 -0.00472119823098182678
-0.86000001430511474600 -0.00470688380300998688
-0.85000002384185791000 -0.00471642799675464630
-0.83999997377395629900 -0.00470883399248123169
-0.82999998331069946300 -0.00468612322583794594
-0.81999999284744262700 -0.00469741597771644592
-0.81000000238418579100 -0.00470469100400805473
-0.80000001192092895500 -0.00470360321924090386
-0.79000002145767211900 -0.00471602007746696472
-0.77999997138977050800 -0.00471891881898045540
-0.76999998092651367200 -0.00471752602607011795
-0.75999999046325683600 -0.00471910415217280388
-0.75000000000000000000 -0.00471323588863015175
-0.74000000953674316400 -0.00470097083598375321
-0.73000001907348632800 -0.00469732983037829399
-0.72000002861022949200 -0.00469222804531455040
-0.70999997854232788100 -0.00469518685713410378
-0.69999998807907104500 -0.00470851687714457512
-0.68999999761581420900 -0.00470803491771221161
-0.68000000715255737300 -0.00471250992268323898
-0.67000001668930053700 -0.00473005184903740883
-0.66000002622604370100 -0.00471682101488113403
-0.64999997615814209000 -0.00471288803964853287
-0.63999998569488525400 -0.00471613183617591858
-0.62999999523162841800 -0.00469191977754235268
-0.62000000476837158200 -0.00469602691009640694
-0.61000001430511474600 -0.00470815505832433701
-0.60000002384185791000 -0.00470790779218077660
-0.58999997377395629900 -0.00470725400373339653
-0.57999998331069946300 -0.00472105620428919792
-0.56999999284744262700 -0.00471616722643375397
-0.56000000238418579100 -0.00470696389675140381
-0.55000001192092895500 -0.00471957679837942124
-0.54000002145767211900 -0.00470570009201765061
-0.52999997138977050800 -0.00468626199290156365
-0.51999998092651367200 -0.00469772517681121826
-0.50999999046325683600 -0.00469989283010363579
-0.50000000000000000000 -0.00469967722892761231
-0.49000000953674316400 -0.00471527408808469772
-0.47999998927116394000 -0.00471152411773800850
-0.46999999880790710400 -0.00471283402293920517
-0.46000000834465026800 -0.00471338583156466484
-0.44999998807907104500 -0.00470677809789776802
-0.43999999761581420900 -0.00469843996688723564
-0.43000000715255737300 -0.00469043012708425522
-0.41999998688697814900 -0.00468911603093147278
-0.40999999642372131300 -0.00469287484884262085
-0.40000000596046447700 -0.00470874318853020668
-0.38999998569488525400 -0.00470331218093633652
-0.37999999523162841800 -0.00471074599772691727
-0.37000000476837158200 -0.00471613416448235512
-0.36000001430511474600 -0.00470187980681657791
-0.34999999403953552200 -0.00470072589814662934
-0.34000000357627868600 -0.00470388820394873619
-0.33000001311302185100 -0.00468346010893583298
-0.31999999284744262700 -0.00468283379450440407
-0.31000000238418579100 -0.00469902716577053070
-0.30000001192092895500 -0.00469624716788530350
-0.28999999165534973100 -0.00470033800229430199
-0.28000000119209289500 -0.00471317721530795098
-0.27000001072883606000 -0.00470716599375009537
-0.25999999046325683600 -0.00469637196511030197
-0.25000000000000000000 -0.00470718601718544960
-0.23999999463558197000 -0.00469188997521996498
-0.23000000417232513400 -0.00467722723260521889
-0.21999999880790710400 -0.00468742800876498222
-0.20999999344348907500 -0.00468702800571918488
-0.20000000298023223900 -0.00469231884926557541
-0.18999999761581420900 -0.00469936616718769074
-0.18000000715255737300 -0.00470228679478168488
-0.17000000178813934300 -0.00470086187124252320
-0.15999999642372131300 -0.00468875607475638390
-0.15000000596046447800 -0.00468619400635361672
-0.14000000059604644800 -0.00468019396066665650
-0.12999999523162841800 -0.00466927699744701386
-0.11999999731779098500 -0.00466972216963768006
-0.10999999940395355200 -0.00467635411769151688
-0.10000000149011611900 -0.00468088313937187195
-0.09000000357627868650 -0.00468208920210599899
-0.07999999821186065670 -0.00469223782420158386
-0.07000000029802322390 -0.00468541122972965241
-0.05999999865889549260 -0.00467767613008618355
-0.05000000074505805970 -0.00468782614916563034
-0.03999999910593032840 -0.00467371102422475815
-0.02999999932944774630 -0.00465761078521609306
-0.01999999955296516420 -0.00467043602839112282
-0.00999999977648258210 -0.00466957082971930504
0.00000000000000000000 -0.00466782599687576294
0.00999999977648258210 -0.00467468099668622017
0.01999999955296516420 -0.00468194391578435898
0.02999999932944774630 -0.00467188004404306412
0.03999999910593032840 -0.00466696778312325478
0.05000000074505805970 -0.00466804997995495796
0.05999999865889549260 -0.00465313997119665146
0.07000000029802322390 -0.00463976990431547165
0.07999999821186065670 -0.00464154919609427452
0.09000000357627868650 -0.00464170519262552262
0.10000000149011611900 -0.00464611919596791268
0.10999999940395355200 -0.00464760279282927513
0.11999999731779098500 -0.00464354781433939934
0.12999999523162841800 -0.00464507285505533219
0.14000000059604644800 -0.00462925992906093598
0.15000000596046447800 -0.00462287990376353264
0.15999999642372131300 -0.00461857020854949951
0.17000000178813934300 -0.00459565781056880951
0.18000000715255737300 -0.00459208805114030838
0.18999999761581420900 -0.00459357677027583122
0.20000000298023223900 -0.00459354510530829430
0.20999999344348907500 -0.00458110217005014420
0.21999999880790710400 -0.00458416109904646874
0.23000000417232513400 -0.00457306997850537300
0.23999999463558197000 -0.00454925280064344406
0.25000000000000000000 -0.00453881779685616493
0.25999999046325683600 -0.00451946584507822991
0.27000001072883606000 -0.00448203692212700844
0.28000000119209289500 -0.00447015510872006416
0.28999999165534973100 -0.00445584720000624657
0.30000001192092895500 -0.00442635314539074898
0.31000000238418579100 -0.00440962193533778191
0.31999999284744262700 -0.00437723612412810326
0.33000001311302185100 -0.00433697691187262535
0.34000000357627868600 -0.00429207505658268929
0.34999999403953552200 -0.00424214685335755348
0.36000001430511474600 -0.00417865999042987824
0.37000000476837158200 -0.00411339290440082550
0.37999999523162841800 -0.00404838519170880318
0.38999998569488525400 -0.00397529220208525658
0.40000000596046447700 -0.00390753382816910744
0.40999999642372131300 -0.00381872011348605156
0.41999998688697814900 -0.00372663605958223343
0.43000000715255737300 -0.00363176804967224598
0.43999999761581420900 -0.00351291103288531304
0.44999998807907104500 -0.00339889689348638058
0.46000000834465026800 -0.00327865709550678730
0.46999999880790710400 -0.00313815311528742314
0.47999998927116394000 -0.00300409202463924885
0.49000000953674316400 -0.00287484005093574524
0.50000000000000000000 -0.00272792694158852100
0.50999999046325683600 -0.00257896701805293560
0.51999998092651367200 -0.00243207998573780060
0.52999997138977050800 -0.00227061705663800240
0.54000002145767211900 -0.00210405210964381695
0.55000001192092895500 -0.00194487697444856167
0.56000000238418579100 -0.00177574495319277048
0.56999999284744262700 -0.00160266703460365534
0.57999998331069946300 -0.00143929594196379185
0.58999997377395629900 -0.00127043004613369703
0.60000002384185791000 -0.00110335100907832384
0.61000001430511474600 -0.00095115607837215066
0.62000000476837158200 -0.00077512377174571157
0.62999999523162841800 -0.00060837878845632076
0.63999998569488525400 -0.00044442131184041500
0.64999997615814209000 -0.00028057949384674430
0.66000002622604370100 -0.00011779140186263248
0.67000001668930053700 0.00003677732820506208
0.68000000715255737300 0.00018889929924625903
0.68999999761581420900 0.00035072409082204103
0.69999998807907104500 0.00050953752361238003
0.70999997854232788100 0.00066810077987611294
0.72000002861022949200 0.00082706648390740156
0.73000001907348632800 0.00098657084163278341
0.74000000953674316400 0.00114138203207403421
0.75000000000000000000 0.00130670901853591204
0.75999999046325683600 0.00147320295218378305
0.76999998092651367200 0.00164247804787009954
0.77999997138977050800 0.00181387795601040125
0.79000002145767211900 0.00199074205011129379
0.80000001192092895500 0.00217165006324648857
0.81000000238418579100 0.00235752901062369347
0.81999999284744262700 0.00254961010068655014
0.82999998331069946300 0.00274534500204026699
0.83999997377395629900 0.00294710998423397541
0.85000002384185791000 0.00315419002436101437
0.86000001430511474600 0.00336417509242892265
0.87000000476837158200 0.00358222099021077156
0.87999999523162841800 0.00380317703820765019
0.88999998569488525400 0.00403065513819456101
0.89999997615814209000 0.00426393002271652222
0.91000002622604370100 0.00450959382578730583
0.92000001668930053700 0.00475814798846840859
0.93000000715255737300 0.00501206377521157265
0.93999999761581420900 0.00527878012508153916
0.94999998807907104500 0.00554357515648007393
0.95999997854232788100 0.00581235112622380257
0.97000002861022949200 0.00609641987830400467
0.98000001907348632800 0.00637682201340794564
0.99000000953674316400 0.00666609779000282288
1.00000000000000000000 0.00697074085474014282
