-1.00000000000000000000 -0.00468258420005440712
-0.99000000953674316400 -0.00467216596007347107
-0.98000001907348632800 -0.00467453012242913246
-0.97000002861022949200 -0.00467806309461593628
-0.95999997854232788100 -0.00469730701297521591
-0.94999998807907104500 -0.00470167398452758789
-0.93999999761581420900 -0.00469902902841567993
-0.93000000715255737300 -0.00470994692295789719
-0.92000001668930053700 -0.00469638500362634659
-0.91000002622604370100 -0.00469424901530146599
-0.89999997615814209000 -0.00469663413241505623
-0.88999998569488525400 -0.00467498693615198136
-0.87999999523162841800 -0.00468197511509060860
-0.87000000476837158200 -0.00470255780965089798
-0.86000001430511474600 -0.00470407586544752121
-0.85000002384185791000 -0.00470174103975296021
-0.83999997377395629900 -0.00472169881686568260
-0.82999998331069946300 -0.00470950920134782791
-0.81999999284744262700 -0.00469441292807459831
-0.81000000238418579100 -0.00471675489097833634
-0.80000001192092895500 -0.00470186909660696984
-0.79000002145767211900 -0.00469248881563544274
-0.77999997138977050800 -0.00470470404252409935
-0.76999998092651367200 -0.00470663793385028839
-0.75999999046325683600 -0.00470576900988817215
-0.75000000000000000000 -0.00472079077735543251
-0.74000000953674316400 -0.00472371792420744896
-0.73000001907348632800 -0.00471450714394450188
-0.72000002861022949200 -0.00471369503065943718
-0.70999997854232788100 -0.00471239397302269936
-0.69999998807907104500 -0.00469249393790960312
-0.68999999761581420900 -0.00469619408249855042
-0.68000000715255737300 -0.00470110401511192322
-0.67000001668930053700 -0.00469920411705970764
-0.66000002622604370100 -0.00471410015597939491
-0.64999997615814209000 -0.00471503613516688347
-0.63999998569488525400 -0.00471494114026427269
-0.62999999523162841800 -0.00471612298861145973
-0.62000000476837158200 -0.00470799719914793968
-0.61000001430511474600 -0.00469994591549038887
-0.60000002384185791000 -0.00469778291881084442
-0.58999997377395629900 -0.00469263177365064621
-0.57999998331069946300 -0.00469195796176791191
-0.56999999284744262700 -0.00470718182623386383
-0.56000000238418579100 -0.00470670079812407494
-0.55000001192092895500 -0.00470644189044833183
-0.54000002145767211900 -0.00472010206431150437
-0.52999997138977050800 -0.00471061281859874726
-0.51999998092651367200 -0.00470332102850079537
-0.50999999046325683600 -0.00470721116289496422
-0.50000000000000000000 -0.00468972790986299515
-0.49000000953674316400 -0.00468231411650776863
-0.47999998927116394000 -0.00470300018787384033
-0.46999999880790710400 -0.00470106210559606552
-0.46000000834465026800 -0.00470063602551817894
-0.44999998807907104500 -0.00471553998067975044
-0.43999999761581420900 -0.00471189804375171662
-0.43000000715255737300 -0.00469634914770722389
-0.41999998688697814900 -0.00470667192712426186
-0.40999999642372131300 -0.00469247903674840927
-0.40000000596046447700 -0.00467932410538196564
-0.38999998569488525400 -0.00468765711411833763
-0.37999999523162841800 -0.00469099078327417374
-0.37000000476837158200 -0.00469440408051013947
-0.36000001430511474600 -0.00470462394878268242
-0.34999999403953552200 -0.00470763910561800003
-0.34000000357627868600 -0.00469863601028919220
-0.33000001311302185100 -0.00469551514834165573
-0.31999999284744262700 -0.00469315983355045319
-0.31000000238418579100 -0.00468190293759107590
-0.30000001192092895500 -0.00468101911246776581
-0.28999999165534973100 -0.00467753317207098007
-0.28000000119209289500 -0.00468650599941611290
-0.27000001072883606000 -0.00469254190102219582
-0.25999999046325683600 -0.00468956679105758667
-0.25000000000000000000 -0.00470004184171557427
-0.23999999463558197000 -0.00469380989670753479
-0.23000000417232513400 -0.00468180701136589050
-0.21999999880790710400 -0.00468865921720862389
-0.20999999344348907500 -0.00466924207285046578
-0.20000000298023223900 -0.00465960893779993057
-0.18999999761581420900 -0.00467770919203758240
-0.18000000715255737300 -0.00467775203287601471
-0.17000000178813934300 -0.00467659300193190575
-0.15999999642372131300 -0.00468653021380305290
-0.15000000596046447800 -0.00468909693881869316
-0.14000000059604644800 -0.00466978782787919045
-0.12999999523162841800 -0.00468160491436719895
-0.11999999731779098500 -0.00467016687616705895
-0.10999999940395355200 -0.00464638089761137962
-0.10000000149011611900 -0.00466346880421042442
-0.09000000357627868650 -0.00466533517464995384
-0.07999999821186065670 -0.00466279499232769013
-0.07000000029802322390 -0.00467872992157936096
-0.05999999865889549260 -0.00468251900747418404
-0.05000000074505805970 -0.00466978084295988083
-0.03999999910593032840 -0.00466900598257780075
-0.02999999932944774630 -0.00466661620885133743
-0.01999999955296516420 -0.00465271482244133949
-0.00999999977648258210 -0.00465012015774846077
0.00000000000000000000 -0.00464824587106704712
0.00999999977648258210 -0.00464846380054950714
0.01999999955296516420 -0.00465999497100710869
0.02999999932944774630 -0.00467089004814624787
0.03999999910593032840 -0.00466691982001066208
0.05000000074505805970 -0.00467424001544713974
0.05999999865889549260 -0.00466018822044134140
0.07000000029802322390 -0.00465651880949735642
0.07999999821186065670 -0.00465208012610673905
0.09000000357627868650 -0.00463289394974708557
0.10000000149011611900 -0.00463287020102143288
0.10999999940395355200 -0.00464511895552277565
0.11999999731779098500 -0.00464296806603670120
0.12999999523162841800 -0.00463747000321745873
0.14000000059604644800 -0.00465374719351530075
0.15000000596046447800 -0.00463666301220655441
0.15999999642372131300 -0.00461701396852731705
0.17000000178813934300 -0.00462299212813377381
0.18000000715255737300 -0.00460125878453254700
0.18999999761581420900 -0.00458905799314379692
0.20000000298023223900 -0.00459420494735240936
0.20999999344348907500 -0.00459070177748799324
0.21999999880790710400 -0.00458135688677430153
0.23000000417232513400 -0.00458667008206248284
0.23999999463558197000 -0.00457987794652581215
0.25000000000000000000 -0.00456028385087847710
0.25999999046325683600 -0.00455002207309007645
0.27000001072883606000 -0.00453201588243246079
0.28000000119209289500 -0.00449913181364536286
0.28999999165534973100 -0.00448720809072256088
0.30000001192092895500 -0.00447102915495634079
0.31000000238418579100 -0.00444552116096019745
0.31999999284744262700 -0.00443491013720631600
0.33000001311302185100 -0.00440312409773468971
0.34000000357627868600 -0.00437127798795700073
0.34999999403953552200 -0.00433281203731894493
0.36000001430511474600 -0.00428383005782961846
0.37000000476837158200 -0.00422644196078181267
0.37999999523162841800 -0.00416790600866079331
0.38999998569488525400 -0.00410084985196590424
0.40000000596046447700 -0.00403347890824079514
0.40999999642372131300 -0.00396776897832751274
0.41999998688697814900 -0.00388196692802011967
0.43000000715255737300 -0.00378717505373060703
0.43999999761581420900 -0.00369421299546957016
0.44999998807907104500 -0.00357653293758630753
0.46000000834465026800 -0.00345387496054172516
0.46999999880790710400 -0.00332789309322834015
0.47999998927116394000 -0.00318024004809558392
0.49000000953674316400 -0.00303899706341326237
0.50000000000000000000 -0.00289501692168414593
0.50999999046325683600 -0.00273797498084604740
0.51999998092651367200 -0.00257623288780450821
0.52999997138977050800 -0.00241095200181007385
0.54000002145767211900 -0.00223451410420238972
0.55000001192092895500 -0.00204884610138833523
0.56000000238418579100 -0.00186792796012014151
0.56999999284744262700 -0.00167741102632135153
0.57999998331069946300 -0.00148047099355608225
0.58999997377395629900 -0.00129249598830938339
0.60000002384185791000 -0.00109736295416951180
0.61000001430511474600 -0.00091510917991399765
0.62000000476837158200 -0.00071028328966349363
0.62999999523162841800 -0.00051126221660524607
0.63999998569488525400 -0.00031186069827526808
0.64999997615814209000 -0.00011300399637548253
0.66000002622604370100 0.00007703291339566931
0.67000001668930053700 0.00027018660330213606
0.68000000715255737300 0.00047319769510067999
0.68999999761581420900 0.00067561928881332278
0.69999998807907104500 0.00087685091421008110
0.70999997854232788100 0.00107078498695045710
0.72000002861022949200 0.00127649202477186918
0.73000001907348632800 0.00148139602970331907
0.74000000953674316400 0.00168700900394469500
0.75000000000000000000 0.00189426797442138195
0.75999999046325683600 0.00210325396619737148
0.76999998092651367200 0.00231582089327275753
0.77999997138977050800 0.00253064697608351708
0.79000002145767211900 0.00274671195074915886
0.80000001192092895500 0.00297078210860490799
0.81000000238418579100 0.00319816800765693188
0.81999999284744262700 0.00342885404825210571
0.82999998331069946300 0.00366643792949616909
0.83999997377395629900 0.00390667794272303581
0.85000002384185791000 0.00414999900385737419
0.86000001430511474600 0.00439890380948781967
0.87000000476837158200 0.00465552322566509247
0.87999999523162841800 0.00491170119494199753
0.88999998569488525400 0.00517729902639985085
0.89999997615814209000 0.00544664682820439339
0.91000002622604370100 0.00572461495175957680
0.92000001668930053700 0.00601149909198284149
0.93000000715255737300 0.00630048522725701332
0.93999999761581420900 0.00659741507843136788
0.94999998807907104500 0.00689759477972984314
0.95999997854232788100 0.00719948112964630127
0.97000002861022949200 0.00751098291948437691
0.98000001907348632800 0.00782496295869350434
0.99000000953674316400 0.00814102124422788620
1.00000000000000000000 0.00846965145319700241
