-1.00000000000000000000 -0.00441478984430432320
-0.99000000953674316400 -0.00441569508984684944
-0.98000001907348632800 -0.00441794516518712044
-0.97000002861022949200 -0.00440156599506735802
-0.95999997854232788100 -0.00440124096348881722
-0.94999998807907104500 -0.00441662408411502838
-0.93999999761581420900 -0.00441596517339348793
-0.93000000715255737300 -0.00441660406067967415
-0.92000001668930053700 -0.00443237181752920151
-0.91000002622604370100 -0.00442672893404960632
-0.89999997615814209000 -0.00441193999722599983
-0.88999998569488525400 -0.00442318385466933251
-0.87999999523162841800 -0.00441193301230669022
-0.87000000476837158200 -0.00439995015040040016
-0.86000001430511474600 -0.00441308598965406418
-0.85000002384185791000 -0.00441528204828500748
-0.83999997377395629900 -0.00441497610881924629
-0.82999998331069946300 -0.00442552100867033005
-0.81999999284744262700 -0.00443291105329990387
-0.81000000238418579100 -0.00442134495824575424
-0.80000001192092895500 -0.00442065717652440071
-0.79000002145767211900 -0.00442096218466758728
-0.77999997138977050800 -0.00440505519509315491
-0.76999998092651367200 -0.00440285308286547661
-0.75999999046325683600 -0.00440490012988448143
-0.75000000000000000000 -0.00440841400995850563
-0.74000000953674316400 -0.00441940594464540482
-0.73000001907348632800 -0.00442019896581768990
-0.72000002861022949200 -0.00441899523138999939
-0.70999997854232788100 -0.00442316802218556404
-0.69999998807907104500 -0.00441010994836688042
-0.68999999761581420900 -0.00441034510731697083
-0.68000000715255737300 -0.00440669478848576546
-0.67000001668930053700 -0.00439492380246520043
-0.66000002622604370100 -0.00439802417531609535
-0.64999997615814209000 -0.00440998282283544541
-0.63999998569488525400 -0.00441135512664914131
-0.62999999523162841800 -0.00441003404557704926
-0.62000000476837158200 -0.00442739389836788178
-0.61000001430511474600 -0.00441439496353268624
-0.60000002384185791000 -0.00440693087875843048
-0.58999997377395629900 -0.00442160293459892273
-0.57999998331069946300 -0.00440361397340893746
-0.56999999284744262700 -0.00439985794946551323
-0.56000000238418579100 -0.00441244104877114296
-0.55000001192092895500 -0.00441446295008063316
-0.54000002145767211900 -0.00441324198618531227
-0.52999997138977050800 -0.00442558387294411659
-0.51999998092651367200 -0.00443555880337953568
-0.50999999046325683600 -0.00442649377509951592
-0.50000000000000000000 -0.00443346099928021431
-0.49000000953674316400 -0.00442539202049374581
-0.47999998927116394000 -0.00440349522978067398
-0.46999999880790710400 -0.00441339518874883652
-0.46000000834465026800 -0.00441604014486074448
-0.44999998807907104500 -0.00441581197082996369
-0.43999999761581420900 -0.00443894416093826294
-0.43000000715255737300 -0.00443734088912606239
-0.41999998688697814900 -0.00444363709539175034
-0.40999999642372131300 -0.00443893903866410256
-0.40000000596046447700 -0.00443224096670746803
-0.38999998569488525400 -0.00442618597298860550
-0.37999999523162841800 -0.00441824318841099739
-0.37000000476837158200 -0.00441821897402405739
-0.36000001430511474600 -0.00441936682909727097
-0.34999999403953552200 -0.00443587498739361763
-0.34000000357627868600 -0.00443262793123722077
-0.33000001311302185100 -0.00443863822147250176
-0.31999999284744262700 -0.00445052003487944603
-0.31000000238418579100 -0.00443588616326451302
-0.30000001192092895500 -0.00443253712728619576
-0.28999999165534973100 -0.00443630805239081383
-0.28000000119209289500 -0.00441347714513540268
-0.27000001072883606000 -0.00441263895481824875
-0.25999999046325683600 -0.00442746700718998909
-0.25000000000000000000 -0.00442614592611789704
-0.23999999463558197000 -0.00442629680037498474
-0.23000000417232513400 -0.00444013113155961037
-0.21999999880790710400 -0.00443484401330351830
-0.20999999344348907500 -0.00442221993580460549
-0.20000000298023223900 -0.00443434203043580055
-0.18999999761581420900 -0.00442089000716805458
-0.18000000715255737300 -0.00439990404993295670
-0.17000000178813934300 -0.00441439077258110047
-0.15999999642372131300 -0.00441189995035529137
-0.15000000596046447800 -0.00441316608339548111
-0.14000000059604644800 -0.00442394614219665528
-0.12999999523162841800 -0.00442270981147885323
-0.11999999731779098500 -0.00442000478506088257
-0.10999999940395355200 -0.00441759219393134117
-0.10000000149011611900 -0.00441089691594243050
-0.09000000357627868650 -0.00440134387463331223
-0.07999999821186065670 -0.00439416710287332535
-0.07000000029802322390 -0.00438297120854258537
-0.05999999865889549260 -0.00438555888831615448
-0.05000000074505805970 -0.00439624907448887825
-0.03999999910593032840 -0.00439309002831578255
-0.02999999932944774630 -0.00439460715278983116
-0.01999999955296516420 -0.00440305285155773163
-0.00999999977648258210 -0.00438669277355074883
0.00000000000000000000 -0.00438480218872427940
0.00999999977648258210 -0.00438540894538164139
0.01999999955296516420 -0.00436617992818355560
0.02999999932944774630 -0.00435790512710809708
0.03999999910593032840 -0.00437099114060401917
0.05000000074505805970 -0.00437026703730225563
0.05999999865889549260 -0.00436587817966938019
0.07000000029802322390 -0.00437628198415040970
0.07999999821186065670 -0.00437294179573655129
0.09000000357627868650 -0.00435853097587823868
0.10000000149011611900 -0.00436015520244836807
0.10999999940395355200 -0.00435044197365641594
0.11999999731779098500 -0.00432705087587237358
0.12999999523162841800 -0.00433219084516167641
0.14000000059604644800 -0.00433265604078769684
0.15000000596046447800 -0.00432456098496913910
0.15999999642372131300 -0.00433075707405805588
0.17000000178813934300 -0.00432450184598565102
0.18000000715255737300 -0.00432140985503792763
0.18999999761581420900 -0.00430856691673398018
0.20000000298023223900 -0.00429784320294857025
0.20999999344348907500 -0.00427582394331693649
0.21999999880790710400 -0.00425818609073758125
0.23000000417232513400 -0.00424786377698183060
0.23999999463558197000 -0.00422967318445444107
0.25000000000000000000 -0.00422715581953525543
0.25999999046325683600 -0.00420566787943243981
0.27000001072883606000 -0.00418631220236420632
0.28000000119209289500 -0.00417139520868659020
0.28999999165534973100 -0.00413145683705806732
0.30000001192092895500 -0.00410078419372439385
0.31000000238418579100 -0.00407547922804951668
0.31999999284744262700 -0.00402063503861427307
0.33000001311302185100 -0.00397829478606581688
0.34000000357627868600 -0.00394422700628638268
0.34999999403953552200 -0.00388876209035515785
0.36000001430511474600 -0.00383285898715257645
0.37000000476837158200 -0.00377965997904539108
0.37999999523162841800 -0.00371121591888368130
0.38999998569488525400 -0.00362459500320255756
0.40000000596046447700 -0.00355086009949445725
0.40999999642372131300 -0.00345420697703957558
0.41999998688697814900 -0.00334535795263946056
0.43000000715255737300 -0.00325592095032334328
0.43999999761581420900 -0.00314442906528711319
0.44999998807907104500 -0.00303013809025287628
0.46000000834465026800 -0.00291545200161635876
0.46999999880790710400 -0.00279159005731344223
0.47999998927116394000 -0.00265400600619614124
0.49000000953674316400 -0.00251459702849388123
0.50000000000000000000 -0.00237168511375784874
0.50999999046325683600 -0.00222052400931715965
0.51999998092651367200 -0.00206958409398794174
0.52999997138977050800 -0.00191760796587914228
0.54000002145767211900 -0.00176517304498702288
0.55000001192092895500 -0.00161378504708409309
0.56000000238418579100 -0.00145651400089263916
0.56999999284744262700 -0.00130017299670726061
0.57999998331069946300 -0.00114556401968002319
0.58999997377395629900 -0.00101573800202459097
0.60000002384185791000 -0.00084886478725820780
0.61000001430511474600 -0.00069531000917777419
0.62000000476837158200 -0.00053924438543617725
0.62999999523162841800 -0.00038971161120571196
0.63999998569488525400 -0.00024250519345514476
0.64999997615814209000 -0.00012222300574649125
0.66000002622604370100 0.00002332804979232606
0.67000001668930053700 0.00015927250206004828
0.68000000715255737300 0.00030763330869376659
0.68999999761581420900 0.00045282058999873698
0.69999998807907104500 0.00059694069204851985
0.70999997854232788100 0.00074073980795219541
0.72000002861022949200 0.00088581262389197946
0.73000001907348632800 0.00103346502874046564
0.74000000953674316400 0.00117537099868059158
0.75000000000000000000 0.00133281899616122246
0.75999999046325683600 0.00149209599476307631
0.76999998092651367200 0.00165445799939334393
0.77999997138977050800 0.00182278302963823080
0.79000002145767211900 0.00199847202748060226
0.80000001192092895500 0.00217731902375817299
0.81000000238418579100 0.00236301589757204056
0.81999999284744262700 0.00255797500722110272
0.82999998331069946300 0.00275322189554572106
0.83999997377395629900 0.00295532098971307278
0.85000002384185791000 0.00316902599297463894
0.86000001430511474600 0.00338207301683723927
0.87000000476837158200 0.00360425910912454128
0.87999999523162841800 0.00384112889878451824
0.88999998569488525400 0.00407918076962232590
0.89999997615814209000 0.00432482594624161720
0.91000002622604370100 0.00458321720361709595
0.92000001668930053700 0.00484331697225570679
0.93000000715255737300 0.00510790711268782616
0.93999999761581420900 0.00538423797115683556
0.94999998807907104500 0.00566144380718469620
0.95999997854232788100 0.00594105618074536324
0.97000002861022949200 0.00623833294957876206
0.98000001907348632800 0.00654033292084932328
0.99000000953674316400 0.00685010710731148720
1.00000000000000000000 0.00717306090518832207
