-1.00000000000000000000 -0.00465362006798386574
-0.99000000953674316400 -0.00465322611853480339
-0.98000001907348632800 -0.00463936803862452507
-0.97000002861022949200 -0.00463750911876559258
-0.95999997854232788100 -0.00465132202953100205
-0.94999998807907104500 -0.00465309806168079376
-0.93999999761581420900 -0.00465505290776491165
-0.93000000715255737300 -0.00466705579310655594
-0.92000001668930053700 -0.00466185715049505234
-0.91000002622604370100 -0.00464490102604031563
-0.89999997615814209000 -0.00465379888191819191
-0.88999998569488525400 -0.00464194500818848610
-0.87999999523162841800 -0.00462921196594834328
-0.87000000476837158200 -0.00464109098538756371
-0.86000001430511474600 -0.00464265095070004463
-0.85000002384185791000 -0.00464245304465293884
-0.83999997377395629900 -0.00465342914685606957
-0.82999998331069946300 -0.00466069206595420838
-0.81999999284744262700 -0.00464740488678216934
-0.81000000238418579100 -0.00464712223038077355
-0.80000001192092895500 -0.00464712502434849739
-0.79000002145767211900 -0.00462837796658277512
-0.77999997138977050800 -0.00462725106626749039
-0.76999998092651367200 -0.00463316682726144791
-0.75999999046325683600 -0.00463394820690155029
-0.75000000000000000000 -0.00464480789378285408
-0.74000000953674316400 -0.00464877299964427948
-0.73000001907348632800 -0.00464728008955717087
-0.72000002861022949200 -0.00464690616354346275
-0.70999997854232788100 -0.00463828910142183304
-0.69999998807907104500 -0.00463201617822051048
-0.68999999761581420900 -0.00462543219327926636
-0.68000000715255737300 -0.00461878115311264992
-0.67000001668930053700 -0.00462661683559417725
-0.66000002622604370100 -0.00463561387732625008
-0.64999997615814209000 -0.00463660806417465210
-0.63999998569488525400 -0.00463395798578858376
-0.62999999523162841800 -0.00465152179822325707
-0.62000000476837158200 -0.00463868910446763039
-0.61000001430511474600 -0.00463296379894018173
-0.60000002384185791000 -0.00463562598451972008
-0.58999997377395629900 -0.00461719883605837822
-0.57999998331069946300 -0.00461351918056607247
-0.56999999284744262700 -0.00462885480374097824
-0.56000000238418579100 -0.00463159196078777313
-0.55000001192092895500 -0.00462898099794983864
-0.54000002145767211900 -0.00464451219886541367
-0.52999997138977050800 -0.00464097317308187485
-0.51999998092651367200 -0.00462963292375206947
-0.50999999046325683600 -0.00463928887620568276
-0.50000000000000000000 -0.00462921708822250366
-0.49000000953674316400 -0.00461166212335228920
-0.47999998927116394000 -0.00462232483550906181
-0.46999999880790710400 -0.00462588993832468987
-0.46000000834465026800 -0.00462618609890341759
-0.44999998807907104500 -0.00463818386197090149
-0.43999999761581420900 -0.00463915010914206505
-0.43000000715255737300 -0.00463680317625403404
-0.41999998688697814900 -0.00463105598464608193
-0.40999999642372131300 -0.00463041709735989571
-0.40000000596046447700 -0.00461787404492497444
-0.38999998569488525400 -0.00461190892383456230
-0.37999999523162841800 -0.00461641186848282814
-0.37000000476837158200 -0.00461608916521072388
-0.36000001430511474600 -0.00462934700772166252
-0.34999999403953552200 -0.00462573580443859100
-0.34000000357627868600 -0.00463006505742669106
-0.33000001311302185100 -0.00463401898741722107
-0.31999999284744262700 -0.00462032016366720200
-0.31000000238418579100 -0.00461936788633465767
-0.30000001192092895500 -0.00461817299947142601
-0.28999999165534973100 -0.00460251281037926674
-0.28000000119209289500 -0.00460203317925333977
-0.27000001072883606000 -0.00461662188172340393
-0.25999999046325683600 -0.00461610918864607811
-0.25000000000000000000 -0.00461503816768527031
-0.23999999463558197000 -0.00462849391624331474
-0.23000000417232513400 -0.00461913878098130226
-0.21999999880790710400 -0.00460240803658962250
-0.20999999344348907500 -0.00461184885352849960
-0.20000000298023223900 -0.00460209883749485016
-0.18999999761581420900 -0.00458563584834337235
-0.18000000715255737300 -0.00460011698305606842
-0.17000000178813934300 -0.00460015516728162766
-0.15999999642372131300 -0.00460081221535801888
-0.15000000596046447800 -0.00461100786924362183
-0.14000000059604644800 -0.00461515597999095917
-0.12999999523162841800 -0.00460372399538755417
-0.11999999731779098500 -0.00460192188620567322
-0.10999999940395355200 -0.00459790788590908051
-0.10000000149011611900 -0.00458102114498615265
-0.09000000357627868650 -0.00458208797499537468
-0.07999999821186065670 -0.00458307517692446709
-0.07000000029802322390 -0.00458642980083823204
-0.05999999865889549260 -0.00459436094388365746
-0.05000000074505805970 -0.00459479913115501404
-0.03999999910593032840 -0.00459770206362009049
-0.02999999932944774630 -0.00459602288901805878
-0.01999999955296516420 -0.00458739697933197022
-0.00999999977648258210 -0.00458148308098316193
0.00000000000000000000 -0.00456938100978732109
0.00999999977648258210 -0.00456700706854462624
0.01999999955296516420 -0.00456530880182981491
0.02999999932944774630 -0.00457747420296072960
0.03999999910593032840 -0.00457849120721220970
0.05000000074505805970 -0.00457358593121170998
0.05999999865889549260 -0.00458704493939876557
0.07000000029802322390 -0.00457465695217251778
0.07999999821186065670 -0.00456137722358107567
0.09000000357627868650 -0.00456317001953721047
0.10000000149011611900 -0.00454710097983479500
0.10999999940395355200 -0.00453872699290513992
0.11999999731779098500 -0.00454600015655159950
0.12999999523162841800 -0.00454805791378021240
0.14000000059604644800 -0.00454005086794495583
0.15000000596046447800 -0.00455001089721918106
0.15999999642372131300 -0.00454918900504708290
0.17000000178813934300 -0.00453201681375503540
0.18000000715255737300 -0.00453168014064431191
0.18999999761581420900 -0.00452092103660106659
0.20000000298023223900 -0.00449526077136397362
0.20999999344348907500 -0.00449474481865763664
0.21999999880790710400 -0.00449219904839992523
0.23000000417232513400 -0.00448406906798481941
0.23999999463558197000 -0.00448467396199703217
0.25000000000000000000 -0.00447533978149294853
0.25999999046325683600 -0.00446376018226146698
0.27000001072883606000 -0.00444686319679021835
0.28000000119209289500 -0.00442919088527560234
0.28999999165534973100 -0.00440684193745255470
0.30000001192092895500 -0.00437778187915682793
0.31000000238418579100 -0.00435760105028748512
0.31999999284744262700 -0.00433650892227888107
0.33000001311302185100 -0.00431761890649795532
0.34000000357627868600 -0.00428391015157103539
0.34999999403953552200 -0.00425361609086394310
0.36000001430511474600 -0.00421184999868273735
0.37000000476837158200 -0.00415266398340463638
0.37999999523162841800 -0.00409906823188066483
0.38999998569488525400 -0.00403690710663795471
0.40000000596046447700 -0.00395315792411565781
0.40999999642372131300 -0.00388204702176153660
0.41999998688697814900 -0.00380921293981373310
0.43000000715255737300 -0.00371662597171962261
0.43999999761581420900 -0.00361836492083966732
0.44999998807907104500 -0.00351865706034004688
0.46000000834465026800 -0.00339706800878047943
0.46999999880790710400 -0.00326441996730864048
0.47999998927116394000 -0.00313816010020673275
0.49000000953674316400 -0.00298945396207273007
0.50000000000000000000 -0.00283492496237158775
0.50999999046325683600 -0.00268157292157411575
0.51999998092651367200 -0.00252249697223305702
0.52999997138977050800 -0.00236023194156587124
0.54000002145767211900 -0.00219321693293750286
0.55000001192092895500 -0.00202115206047892571
0.56000000238418579100 -0.00184094405267387629
0.56999999284744262700 -0.00165818003006279469
0.57999998331069946300 -0.00147513195406645536
0.58999997377395629900 -0.00128740596119314432
0.60000002384185791000 -0.00110224704258143902
0.61000001430511474600 -0.00093641341663897038
0.62000000476837158200 -0.00074149930151179433
0.62999999523162841800 -0.00055201217764988542
0.63999998569488525400 -0.00036263911169953644
0.64999997615814209000 -0.00017915009811986238
0.66000002622604370100 -0.00000532143894815817
0.67000001668930053700 0.00016664520080666989
0.68000000715255737300 0.00035343720810487866
0.68999999761581420900 0.00053505378309637308
0.69999998807907104500 0.00071684079011902213
0.70999997854232788100 0.00089714571367949247
0.72000002861022949200 0.00106870697345584631
0.73000001907348632800 0.00125333794858306646
0.74000000953674316400 0.00143668300006538630
0.75000000000000000000 0.00162148999515920878
0.75999999046325683600 0.00180882401764392853
0.76999998092651367200 0.00199782405979931355
0.77999997138977050800 0.00219145393930375576
0.79000002145767211900 0.00238762609660625458
0.80000001192092895500 0.00258736009709537029
0.81000000238418579100 0.00279141892679035664
0.81999999284744262700 0.00299854204058647156
0.82999998331069946300 0.00321103399619460106
0.83999997377395629900 0.00342769199050962925
0.85000002384185791000 0.00364933488890528679
0.86000001430511474600 0.00387684395536780358
0.87000000476837158200 0.00411197915673255921
0.87999999523162841800 0.00435087410733103752
0.88999998569488525400 0.00459339283406734467
0.89999997615814209000 0.00484692119061946869
0.91000002622604370100 0.00509924022480845452
0.92000001668930053700 0.00535591319203376770
0.93000000715255737300 0.00562288984656333924
0.93999999761581420900 0.00588930305093526840
0.94999998807907104500 0.00616215402260422707
0.95999997854232788100 0.00644938088953495026
0.97000002861022949200 0.00673761498183012009
0.98000001907348632800 0.00702965818345546723
0.99000000953674316400 0.00733362184837460518
1.00000000000000000000 0.00763915898278355599
