-1.00000000000000000000 -0.00458529312163591385
-0.99000000953674316400 -0.00458440510556101799
-0.98000001907348632800 -0.00456529390066862106
-0.97000002861022949200 -0.00456614792346954346
-0.95999997854232788100 -0.00458009121939539910
-0.94999998807907104500 -0.00458136899396777153
-0.93999999761581420900 -0.00458243303000926972
-0.93000000715255737300 -0.00459567317739129067
-0.92000001668930053700 -0.00459216721355915070
-0.91000002622604370100 -0.00457955384626984596
-0.89999997615814209000 -0.00458941515535116196
-0.88999998569488525400 -0.00457877013832330704
-0.87999999523162841800 -0.00456161517649888992
-0.87000000476837158200 -0.00457291677594184876
-0.86000001430511474600 -0.00457667605951428414
-0.85000002384185791000 -0.00457757292315363884
-0.83999997377395629900 -0.00458810105919837952
-0.82999998331069946300 -0.00459337001666426659
-0.81999999284744262700 -0.00458968104794621468
-0.81000000238418579100 -0.00457792403176426888
-0.80000001192092895500 -0.00457772519439458847
-0.79000002145767211900 -0.00456883804872632027
-0.77999997138977050800 -0.00456156022846698761
-0.76999998092651367200 -0.00456656003370881081
-0.75999999046325683600 -0.00457073189318180084
-0.75000000000000000000 -0.00457943882793188095
-0.74000000953674316400 -0.00457748398184776306
-0.73000001907348632800 -0.00458916695788502693
-0.72000002861022949200 -0.00458656111732125282
-0.70999997854232788100 -0.00457255309447646141
-0.69999998807907104500 -0.00457560084760189057
-0.68999999761581420900 -0.00456735817715525627
-0.68000000715255737300 -0.00455627404153347016
-0.67000001668930053700 -0.00456465082243084908
-0.66000002622604370100 -0.00457207579165697098
-0.64999997615814209000 -0.00456981686875224114
-0.63999998569488525400 -0.00457718409597873688
-0.62999999523162841800 -0.00458580022677779198
-0.62000000476837158200 -0.00457382621243596077
-0.61000001430511474600 -0.00456858286634087563
-0.60000002384185791000 -0.00457114307209849358
-0.58999997377395629900 -0.00455443980172276497
-0.57999998331069946300 -0.00455320905894041062
-0.56999999284744262700 -0.00456357002258300781
-0.56000000238418579100 -0.00456449296325445175
-0.55000001192092895500 -0.00457197101786732674
-0.54000002145767211900 -0.00457630492746829987
-0.52999997138977050800 -0.00457989377900958061
-0.51999998092651367200 -0.00457298196852207184
-0.50999999046325683600 -0.00457161385565996170
-0.50000000000000000000 -0.00456419680267572403
-0.49000000953674316400 -0.00455255014821887016
-0.47999998927116394000 -0.00455283001065254212
-0.46999999880790710400 -0.00455555506050586701
-0.46000000834465026800 -0.00456610182300209999
-0.44999998807907104500 -0.00457047112286090851
-0.43999999761581420900 -0.00457033608108758927
-0.43000000715255737300 -0.00457830680534243584
-0.41999998688697814900 -0.00457104481756687164
-0.40999999642372131300 -0.00456534884870052338
-0.40000000596046447700 -0.00457362178713083267
-0.38999998569488525400 -0.00455796997994184494
-0.37999999523162841800 -0.00455519091337919235
-0.37000000476837158200 -0.00456985086202621460
-0.36000001430511474600 -0.00457257078960537911
-0.34999999403953552200 -0.00457121711224317551
-0.34000000357627868600 -0.00457972520962357521
-0.33000001311302185100 -0.00458251684904098511
-0.31999999284744262700 -0.00456877890974283219
-0.31000000238418579100 -0.00457345321774482727
-0.30000001192092895500 -0.00456761615350842476
-0.28999999165534973100 -0.00454728817567229271
-0.28000000119209289500 -0.00456036999821662903
-0.27000001072883606000 -0.00456091109663248062
-0.25999999046325683600 -0.00456254417076706886
-0.25000000000000000000 -0.00456980802118778229
-0.23999999463558197000 -0.00457511609420180321
-0.23000000417232513400 -0.00456786295399069786
-0.21999999880790710400 -0.00456421310082077980
-0.20999999344348907500 -0.00456362823024392128
-0.20000000298023223900 -0.00455256411805748940
-0.18999999761581420900 -0.00454271491616964340
-0.18000000715255737300 -0.00454673683270812035
-0.17000000178813934300 -0.00454496219754219055
-0.15999999642372131300 -0.00455108378082513809
-0.15000000596046447800 -0.00455762213096022606
-0.14000000059604644800 -0.00455801002681255341
-0.12999999523162841800 -0.00456107500940561295
-0.11999999731779098500 -0.00454899203032255173
-0.10999999940395355200 -0.00454692495986819267
-0.10000000149011611900 -0.00454329792410135269
-0.09000000357627868650 -0.00452784495428204537
-0.07999999821186065670 -0.00452592782676219940
-0.07000000029802322390 -0.00453968299552798271
-0.05999999865889549260 -0.00454013794660568237
-0.05000000074505805970 -0.00453658308833837509
-0.03999999910593032840 -0.00455144280567765236
-0.02999999932944774630 -0.00454267114400863648
-0.01999999955296516420 -0.00452442513778805733
-0.00999999977648258210 -0.00453121401369571686
0.00000000000000000000 -0.00451942998915910721
0.00999999977648258210 -0.00450696097686886788
0.01999999955296516420 -0.00450950209051370621
0.02999999932944774630 -0.00451728701591491699
0.03999999910593032840 -0.00451271282508969307
0.05000000074505805970 -0.00452006887644529343
0.05999999865889549260 -0.00452982820570468903
0.07000000029802322390 -0.00451891589909791947
0.07999999821186065670 -0.00450880592688918114
0.09000000357627868650 -0.00451088091358542442
0.10000000149011611900 -0.00449484400451183319
0.10999999940395355200 -0.00448227999731898308
0.11999999731779098500 -0.00448425300419330597
0.12999999523162841800 -0.00448196707293391228
0.14000000059604644800 -0.00448954617604613304
0.15000000596046447800 -0.00448824092745780945
0.15999999642372131300 -0.00448682904243469238
0.17000000178813934300 -0.00448311679065227509
0.18000000715255737300 -0.00446519814431667328
0.18999999761581420900 -0.00446082698181271553
0.20000000298023223900 -0.00445236405357718468
0.20999999344348907500 -0.00443543680012226105
0.21999999880790710400 -0.00443067122250795365
0.23000000417232513400 -0.00443471781909465790
0.23999999463558197000 -0.00442898180335760117
0.25000000000000000000 -0.00441967416554689408
0.25999999046325683600 -0.00442410912364721298
0.27000001072883606000 -0.00440173596143722534
0.28000000119209289500 -0.00437560491263866425
0.28999999165534973100 -0.00436805188655853272
0.30000001192092895500 -0.00433616898953914642
0.31000000238418579100 -0.00430790195241570473
0.31999999284744262700 -0.00429792702198028565
0.33000001311302185100 -0.00427344720810651779
0.34000000357627868600 -0.00424348097294569016
0.34999999403953552200 -0.00421813596040010452
0.36000001430511474600 -0.00418310984969139099
0.37000000476837158200 -0.00412828382104635239
0.37999999523162841800 -0.00408002501353621483
0.38999998569488525400 -0.00401819916442036629
0.40000000596046447700 -0.00393876479938626290
0.40999999642372131300 -0.00387173891067504883
0.41999998688697814900 -0.00379459490068256855
0.43000000715255737300 -0.00370809505693614483
0.43999999761581420900 -0.00361923291347920895
0.44999998807907104500 -0.00351575901731848717
0.46000000834465026800 -0.00340177188627421856
0.46999999880790710400 -0.00328022195026278496
0.47999998927116394000 -0.00314702303148806095
0.49000000953674316400 -0.00300482194870710373
0.50000000000000000000 -0.00285836588591337204
0.50999999046325683600 -0.00270545505918562412
0.51999998092651367200 -0.00255005201324820519
0.52999997138977050800 -0.00239068293012678623
0.54000002145767211900 -0.00222165300510823727
0.55000001192092895500 -0.00204618298448622227
0.56000000238418579100 -0.00187129096593707800
0.56999999284744262700 -0.00168376695364713669
0.57999998331069946300 -0.00149615004193037748
0.58999997377395629900 -0.00130629295017570257
0.60000002384185791000 -0.00110990495886653662
0.61000001430511474600 -0.00093172729248180985
0.62000000476837158200 -0.00073206768138334155
0.62999999523162841800 -0.00053066690452396870
0.63999998569488525400 -0.00033082210575230420
0.64999997615814209000 -0.00013280169514473528
0.66000002622604370100 0.00005615056943497621
0.67000001668930053700 0.00025453278794884682
0.68000000715255737300 0.00045773739111609757
0.68999999761581420900 0.00066046498250216246
0.69999998807907104500 0.00086317508248612285
0.70999997854232788100 0.00106007000431418419
0.72000002861022949200 0.00126646202988922596
0.73000001907348632800 0.00147223903331905603
0.74000000953674316400 0.00167821301147341728
0.75000000000000000000 0.00188654102385044098
0.75999999046325683600 0.00209648511372506619
0.76999998092651367200 0.00230851396918296814
0.77999997138977050800 0.00252276193350553513
0.79000002145767211900 0.00273964996449649334
0.80000001192092895500 0.00295905093662440777
0.81000000238418579100 0.00318085798062384129
0.81999999284744262700 0.00340843503363430500
0.82999998331069946300 0.00364029500633478165
0.83999997377395629900 0.00387648702599108219
0.85000002384185791000 0.00411618221551179886
0.86000001430511474600 0.00435986695811152458
0.87000000476837158200 0.00460637081414461136
0.87999999523162841800 0.00485489284619688988
0.88999998569488525400 0.00511355511844158173
0.89999997615814209000 0.00537455687299370766
0.91000002622604370100 0.00563602009788155556
0.92000001668930053700 0.00591180799528956413
0.93000000715255737300 0.00618909206241369248
0.93999999761581420900 0.00647161714732646942
0.94999998807907104500 0.00676159420982003212
0.95999997854232788100 0.00705623580142855644
0.97000002861022949200 0.00735052907839417458
0.98000001907348632800 0.00765115302056074143
0.99000000953674316400 0.00795912928879261017
1.00000000000000000000 0.00826695002615451813
