-1.00000000000000000000 -0.00421451684087514877
-0.99000000953674316400 -0.00422576814889907837
-0.98000001907348632800 -0.00422916514798998833
-0.97000002861022949200 -0.00422790693119168282
-0.95999997854232788100 -0.00423631491139531136
-0.94999998807907104500 -0.00422473577782511711
-0.93999999761581420900 -0.00422401120886206627
-0.93000000715255737300 -0.00422501983121037483
-0.92000001668930053700 -0.00420820200815796852
-0.91000002622604370100 -0.00421337177976965904
-0.89999997615814209000 -0.00422102911397814751
-0.88999998569488525400 -0.00422478420659899712
-0.87999999523162841800 -0.00422146404162049294
-0.87000000476837158200 -0.00424177478998899460
-0.86000001430511474600 -0.00423285597935318947
-0.85000002384185791000 -0.00421809591352939606
-0.83999997377395629900 -0.00422993814572691918
-0.82999998331069946300 -0.00422093784436583519
-0.81999999284744262700 -0.00420403992757201195
-0.81000000238418579100 -0.00421840511262416840
-0.80000001192092895500 -0.00422019278630614281
-0.79000002145767211900 -0.00422025378793478012
-0.77999997138977050800 -0.00423318892717361450
-0.76999998092651367200 -0.00423492817208170891
-0.75999999046325683600 -0.00423121405765414238
-0.75000000000000000000 -0.00422741984948515892
-0.74000000953674316400 -0.00422803312540054321
-0.73000001907348632800 -0.00421817693859338760
-0.72000002861022949200 -0.00421067001298069954
-0.70999997854232788100 -0.00421335780993103981
-0.69999998807907104500 -0.00421515991911292076
-0.68999999761581420900 -0.00422545708715915680
-0.68000000715255737300 -0.00422550318762660027
-0.67000001668930053700 -0.00423065712675452232
-0.66000002622604370100 -0.00423324201256036759
-0.64999997615814209000 -0.00421940721571445465
-0.63999998569488525400 -0.00422037998214364052
-0.62999999523162841800 -0.00421954784542322159
-0.62000000476837158200 -0.00420404598116874695
-0.61000001430511474600 -0.00420647906139492989
-0.60000002384185791000 -0.00421937508508563042
-0.58999997377395629900 -0.00421696109697222710
-0.57999998331069946300 -0.00421843584626913071
-0.56999999284744262700 -0.00423056585714221001
-0.56000000238418579100 -0.00422272784635424614
-0.55000001192092895500 -0.00420711608603596687
-0.54000002145767211900 -0.00421874690800905228
-0.52999997138977050800 -0.00420758314430713654
-0.51999998092651367200 -0.00419540610164403916
-0.50999999046325683600 -0.00420848606154322624
-0.50000000000000000000 -0.00420906906947493553
-0.49000000953674316400 -0.00421022577211260796
-0.47999998927116394000 -0.00421898113563656807
-0.46999999880790710400 -0.00422679400071501732
-0.46000000834465026800 -0.00421032588928937912
-0.44999998807907104500 -0.00421046791598200798
-0.43999999761581420900 -0.00421048700809478760
-0.43000000715255737300 -0.00419414322823286057
-0.41999998688697814900 -0.00419687712565064430
-0.40999999642372131300 -0.00420138612389564514
-0.40000000596046447700 -0.00419920217245817185
-0.38999998569488525400 -0.00420712120831012726
-0.37999999523162841800 -0.00421043019741773605
-0.37000000476837158200 -0.00421279296278953552
-0.36000001430511474600 -0.00421132287010550499
-0.34999999403953552200 -0.00420639617368578911
-0.34000000357627868600 -0.00420243293046951294
-0.33000001311302185100 -0.00419753417372703552
-0.31999999284744262700 -0.00418992899358272553
-0.31000000238418579100 -0.00419262517243623734
-0.30000001192092895500 -0.00420374982059001923
-0.28999999165534973100 -0.00420759199187159538
-0.28000000119209289500 -0.00420647580176591873
-0.27000001072883606000 -0.00421903980895876885
-0.25999999046325683600 -0.00420918501913547516
-0.25000000000000000000 -0.00419919099658727646
-0.23999999463558197000 -0.00420320406556129456
-0.23000000417232513400 -0.00419067218899726868
-0.21999999880790710400 -0.00418961700052022934
-0.20999999344348907500 -0.00420201988890767098
-0.20000000298023223900 -0.00420583691447973251
-0.18999999761581420900 -0.00420549884438514710
-0.18000000715255737300 -0.00421572895720601082
-0.17000000178813934300 -0.00421800091862678528
-0.15999999642372131300 -0.00420932192355394364
-0.15000000596046447800 -0.00420833192765712738
-0.14000000059604644800 -0.00420318776741623879
-0.12999999523162841800 -0.00418680114671587944
-0.11999999731779098500 -0.00418614922091364861
-0.10999999940395355200 -0.00419416604563593865
-0.10000000149011611900 -0.00419157696887850762
-0.09000000357627868650 -0.00420281989499926567
-0.07999999821186065670 -0.00420037610456347466
-0.07000000029802322390 -0.00420226901769638062
-0.05999999865889549260 -0.00419681891798973084
-0.05000000074505805970 -0.00419352995231747627
-0.03999999910593032840 -0.00418593594804406166
-0.02999999932944774630 -0.00417657895013689995
-0.01999999955296516420 -0.00417343107983469963
-0.00999999977648258210 -0.00417535100132226944
0.00000000000000000000 -0.00418419577181339264
0.00999999977648258210 -0.00418075686320662499
0.01999999955296516420 -0.00418103579431772232
0.02999999932944774630 -0.00419001188129186630
0.03999999910593032840 -0.00417862413451075554
0.05000000074505805970 -0.00416847504675388336
0.05999999865889549260 -0.00417191395536065102
0.07000000029802322390 -0.00415426818653941155
0.07999999821186065670 -0.00414498802274465561
0.09000000357627868650 -0.00415698019787669182
0.10000000149011611900 -0.00415410893037915230
0.10999999940395355200 -0.00415176292881369591
0.11999999731779098500 -0.00415877718478441239
0.12999999523162841800 -0.00415748683735728264
0.14000000059604644800 -0.00414356216788291931
0.15000000596046447800 -0.00414249720051884651
0.15999999642372131300 -0.00413162121549248696
0.17000000178813934300 -0.00410806108266115189
0.18000000715255737300 -0.00411090394482016564
0.18999999761581420900 -0.00410774722695350647
0.20000000298023223900 -0.00410278514027595520
0.20999999344348907500 -0.00410337978973984718
0.21999999880790710400 -0.00409502908587455750
0.23000000417232513400 -0.00408552912995219231
0.23999999463558197000 -0.00407228386029601097
0.25000000000000000000 -0.00405621901154518128
0.25999999046325683600 -0.00403580209240317345
0.27000001072883606000 -0.00401092506945133209
0.28000000119209289500 -0.00399297103285789490
0.28999999165534973100 -0.00397780397906899452
0.30000001192092895500 -0.00396052608266472817
0.31000000238418579100 -0.00393758993595838547
0.31999999284744262700 -0.00390953291207551956
0.33000001311302185100 -0.00388125702738761902
0.34000000357627868600 -0.00383139797486364842
0.34999999403953552200 -0.00379097601398825646
0.36000001430511474600 -0.00374080706387758255
0.37000000476837158200 -0.00367626897059381008
0.37999999523162841800 -0.00362046598456799984
0.38999998569488525400 -0.00356053304858505726
0.40000000596046447700 -0.00349276699125766754
0.40999999642372131300 -0.00341795291751623154
0.41999998688697814900 -0.00334560289047658444
0.43000000715255737300 -0.00325007596984505654
0.43999999761581420900 -0.00314682605676352978
0.44999998807907104500 -0.00305028702132403851
0.46000000834465026800 -0.00293404096737504006
0.46999999880790710400 -0.00280445790849626064
0.47999998927116394000 -0.00268729892559349537
0.49000000953674316400 -0.00255925091914832592
0.50000000000000000000 -0.00242470600642263889
0.50999999046325683600 -0.00228901300579309464
0.51999998092651367200 -0.00214373692870140076
0.52999997138977050800 -0.00198901304975152016
0.54000002145767211900 -0.00182855699677020311
0.55000001192092895500 -0.00167094101198017597
0.56000000238418579100 -0.00150640204083174467
0.56999999284744262700 -0.00133949297014623880
0.57999998331069946300 -0.00117492501158267260
0.58999997377395629900 -0.00100803200621157885
0.60000002384185791000 -0.00085374410264194012
0.61000001430511474600 -0.00067409221082925797
0.62000000476837158200 -0.00050222029676660895
0.62999999523162841800 -0.00033121611340902746
0.63999998569488525400 -0.00015786559379193932
0.64999997615814209000 0.00000482345694763353
0.66000002622604370100 0.00017293100245296955
0.67000001668930053700 0.00035317250876687467
0.68000000715255737300 0.00053110870067030191
0.68999999761581420900 0.00070867862086743116
0.69999998807907104500 0.00088864460121840239
0.70999997854232788100 0.00106304802466183901
0.72000002861022949200 0.00124981102999299765
0.73000001907348632800 0.00143884902354329824
0.74000000953674316400 0.00163030799012631178
0.75000000000000000000 0.00182669202331453562
0.75999999046325683600 0.00202773092314600945
0.76999998092651367200 0.00223315390758216381
0.77999997138977050800 0.00244339997880160809
0.79000002145767211900 0.00265678903087973595
0.80000001192092895500 0.00287843798287212849
0.81000000238418579100 0.00310513796284794808
0.81999999284744262700 0.00333638791926205158
0.82999998331069946300 0.00357605889439582825
0.83999997377395629900 0.00382784008979797363
0.85000002384185791000 0.00408268580213189125
0.86000001430511474600 0.00434285914525389671
0.87000000476837158200 0.00461657717823982239
0.87999999523162841800 0.00488911382853984833
0.88999998569488525400 0.00516460277140140534
0.89999997615814209000 0.00545764807611703873
0.91000002622604370100 0.00574878090992569924
0.92000001668930053700 0.00604575406759977341
0.93000000715255737300 0.00636113202199339867
0.93999999761581420900 0.00667969090864062310
0.94999998807907104500 0.00700271315872669220
0.95999997854232788100 0.00733900815248489380
0.97000002861022949200 0.00768036395311355591
0.98000001907348632800 0.00801540166139602661
0.99000000953674316400 0.00836706720292568207
1.00000000000000000000 0.00872257445007562638
