-1.00000000000000000000 -0.00454609794542193413
-0.99000000953674316400 -0.00454238895326852799
-0.98000001907348632800 -0.00454923696815967560
-0.97000002861022949200 -0.00456068199127912522
-0.95999997854232788100 -0.00456552393734455109
-0.94999998807907104500 -0.00456676306203007698
-0.93999999761581420900 -0.00458169495686888695
-0.93000000715255737300 -0.00457109604030847550
-0.92000001668930053700 -0.00456710904836654663
-0.91000002622604370100 -0.00456847017630934715
-0.89999997615814209000 -0.00455209007486701012
-0.88999998569488525400 -0.00454963417723774910
-0.87999999523162841800 -0.00457181409001350403
-0.87000000476837158200 -0.00457277102395892143
-0.86000001430511474600 -0.00457498291507363320
-0.85000002384185791000 -0.00458684889599680901
-0.83999997377395629900 -0.00458662491291761398
-0.82999998331069946300 -0.00457870401442050934
-0.81999999284744262700 -0.00458151195198297501
-0.81000000238418579100 -0.00457374099642038345
-0.80000001192092895500 -0.00455341022461652756
-0.79000002145767211900 -0.00456063495948910713
-0.77999997138977050800 -0.00456529902294278145
-0.76999998092651367200 -0.00456575118005275726
-0.75999999046325683600 -0.00457658898085355759
-0.75000000000000000000 -0.00457630492746829987
-0.74000000953674316400 -0.00458104489371180534
-0.73000001907348632800 -0.00458694715052843094
-0.72000002861022949200 -0.00458317622542381287
-0.70999997854232788100 -0.00457910681143403053
-0.69999998807907104500 -0.00456600496545433998
-0.68999999761581420900 -0.00456647621467709541
-0.68000000715255737300 -0.00457003479823470116
-0.67000001668930053700 -0.00458019506186246872
-0.66000002622604370100 -0.00457641016691923142
-0.64999997615814209000 -0.00459339423105120659
-0.63999998569488525400 -0.00460160616785287857
-0.62999999523162841800 -0.00458973180502653122
-0.62000000476837158200 -0.00458634691312909126
-0.61000001430511474600 -0.00458547100424766541
-0.60000002384185791000 -0.00456741079688072205
-0.58999997377395629900 -0.00456888414919376373
-0.57999998331069946300 -0.00457331677898764610
-0.56999999284744262700 -0.00456843199208378792
-0.56000000238418579100 -0.00457239104434847832
-0.55000001192092895500 -0.00458361580967903137
-0.54000002145767211900 -0.00458773085847496987
-0.52999997138977050800 -0.00457770284265279770
-0.51999998092651367200 -0.00458247913047671318
-0.50999999046325683600 -0.00457101408392190933
-0.50000000000000000000 -0.00455304514616727829
-0.49000000953674316400 -0.00456487620249390602
-0.47999998927116394000 -0.00456417398527264595
-0.46999999880790710400 -0.00456999102607369423
-0.46000000834465026800 -0.00457500712946057320
-0.44999998807907104500 -0.00457786396145820618
-0.43999999761581420900 -0.00457910401746630669
-0.43000000715255737300 -0.00457035377621650696
-0.41999998688697814900 -0.00456550996750593186
-0.40999999642372131300 -0.00455885287374258042
-0.40000000596046447700 -0.00455074897035956383
-0.38999998569488525400 -0.00454663019627332688
-0.37999999523162841800 -0.00455316901206970215
-0.37000000476837158200 -0.00456227222457528114
-0.36000001430511474600 -0.00456202588975429535
-0.34999999403953552200 -0.00457202689722180367
-0.34000000357627868600 -0.00458379415795207024
-0.33000001311302185100 -0.00456891814246773720
-0.31999999284744262700 -0.00457067880779504776
-0.31000000238418579100 -0.00456633092835545540
-0.30000001192092895500 -0.00454607605934143067
-0.28999999165534973100 -0.00455264886841177940
-0.28000000119209289500 -0.00456693395972251892
-0.27000001072883606000 -0.00456880312412977219
-0.25999999046325683600 -0.00456969300284981728
-0.25000000000000000000 -0.00458134105429053307
-0.23999999463558197000 -0.00458190403878688812
-0.23000000417232513400 -0.00457454891875386238
-0.21999999880790710400 -0.00457689492031931877
-0.20999999344348907500 -0.00456549320369958878
-0.20000000298023223900 -0.00454939715564250946
-0.18999999761581420900 -0.00455722585320472717
-0.18000000715255737300 -0.00455836299806833267
-0.17000000178813934300 -0.00456221681088209152
-0.15999999642372131300 -0.00456965481862425804
-0.15000000596046447800 -0.00456941686570644379
-0.14000000059604644800 -0.00457469094544649124
-0.12999999523162841800 -0.00457711610943078995
-0.11999999731779098500 -0.00457227509468793869
-0.10999999940395355200 -0.00456864992156624794
-0.10000000149011611900 -0.00455444678664207459
-0.09000000357627868650 -0.00455130590125918388
-0.07999999821186065670 -0.00455780699849128723
-0.07000000029802322390 -0.00456807715818285942
-0.05999999865889549260 -0.00456280400976538658
-0.05000000074505805970 -0.00457102712243795395
-0.03999999910593032840 -0.00457529677078127861
-0.02999999932944774630 -0.00456085102632641792
-0.01999999955296516420 -0.00456050690263509750
-0.00999999977648258210 -0.00455747079104185105
0.00000000000000000000 -0.00453734677284955979
0.00999999977648258210 -0.00453411787748336792
0.01999999955296516420 -0.00454740878194570542
0.02999999932944774630 -0.00454573379829525948
0.03999999910593032840 -0.00454541901126503945
0.05000000074505805970 -0.00455644493922591210
0.05999999865889549260 -0.00455813203006982804
0.07000000029802322390 -0.00454848818480968476
0.07999999821186065670 -0.00454593217000365257
0.09000000357627868650 -0.00454274797812104225
0.10000000149011611900 -0.00452078599482774735
0.10999999940395355200 -0.00452040415257215500
0.11999999731779098500 -0.00452019087970256806
0.12999999523162841800 -0.00452210707589983940
0.14000000059604644800 -0.00452802376821637154
0.15000000596046447800 -0.00452436599880456925
0.15999999642372131300 -0.00452420301735401154
0.17000000178813934300 -0.00451815081760287285
0.18000000715255737300 -0.00450562499463558197
0.18999999761581420900 -0.00449697813019156456
0.20000000298023223900 -0.00448061898350715637
0.20999999344348907500 -0.00446680281311273575
0.21999999880790710400 -0.00446704123169183731
0.23000000417232513400 -0.00446388917043805123
0.23999999463558197000 -0.00445540389046072960
0.25000000000000000000 -0.00443977583199739456
0.25999999046325683600 -0.00443554203957319260
0.27000001072883606000 -0.00440719490870833397
0.28000000119209289500 -0.00438828300684690476
0.28999999165534973100 -0.00436711683869361878
0.30000001192092895500 -0.00432661501690745354
0.31000000238418579100 -0.00430334312841296196
0.31999999284744262700 -0.00427833106368780136
0.33000001311302185100 -0.00424907077103853226
0.34000000357627868600 -0.00421582814306020737
0.34999999403953552200 -0.00418221205472946167
0.36000001430511474600 -0.00413886411115527153
0.37000000476837158200 -0.00408238498494029045
0.37999999523162841800 -0.00402603996917605400
0.38999998569488525400 -0.00395472301170229912
0.40000000596046447700 -0.00387481995858252049
0.40999999642372131300 -0.00380056188441812992
0.41999998688697814900 -0.00371702807024121285
0.43000000715255737300 -0.00362772401422262192
0.43999999761581420900 -0.00353333307430148125
0.44999998807907104500 -0.00342347100377082825
0.46000000834465026800 -0.00331176398321986199
0.46999999880790710400 -0.00318419607356190682
0.47999998927116394000 -0.00305019994266331196
0.49000000953674316400 -0.00291084195487201214
0.50000000000000000000 -0.00275658490136265755
0.50999999046325683600 -0.00260221096687018871
0.51999998092651367200 -0.00245046592317521572
0.52999997138977050800 -0.00229001790285110474
0.54000002145767211900 -0.00212098890915513039
0.55000001192092895500 -0.00195282802451401949
0.56000000238418579100 -0.00177888502366840839
0.56999999284744262700 -0.00159768294543027878
0.57999998331069946300 -0.00141921499744057655
0.58999997377395629900 -0.00123793398961424828
0.60000002384185791000 -0.00105361896567046642
0.61000001430511474600 -0.00089610018767416477
0.62000000476837158200 -0.00070818199310451746
0.62999999523162841800 -0.00052436452824622393
0.63999998569488525400 -0.00034214041079394519
0.64999997615814209000 -0.00016625180433038622
0.66000002622604370100 -0.00001751324089127593
0.67000001668930053700 0.00015656069444958121
0.68000000715255737300 0.00033968139905482531
0.68999999761581420900 0.00051765941316261888
0.69999998807907104500 0.00069458148209378123
0.70999997854232788100 0.00087149371393024921
0.72000002861022949200 0.00104997504968196154
0.73000001907348632800 0.00122332200407981873
0.74000000953674316400 0.00140910595655441284
0.75000000000000000000 0.00159675604663789272
0.75999999046325683600 0.00178830802906304598
0.76999998092651367200 0.00198411708697676659
0.77999997138977050800 0.00218502292409539223
0.79000002145767211900 0.00238921400159597397
0.80000001192092895500 0.00259988708421587944
0.81000000238418579100 0.00281588896177709103
0.81999999284744262700 0.00303579401224851608
0.82999998331069946300 0.00326491799205541611
0.83999997377395629900 0.00350350094959139824
0.85000002384185791000 0.00374837103299796581
0.86000001430511474600 0.00400082999840378761
0.87000000476837158200 0.00425811717286705971
0.87999999523162841800 0.00452411081641912460
0.88999998569488525400 0.00479480018839240074
0.89999997615814209000 0.00507283117622137070
0.91000002622604370100 0.00536164687946438790
0.92000001668930053700 0.00565105210989713669
0.93000000715255737300 0.00595155777409672737
0.93999999761581420900 0.00626449799165129662
0.94999998807907104500 0.00658440077677369118
0.95999997854232788100 0.00690831197425723076
0.97000002861022949200 0.00724254501983523369
0.98000001907348632800 0.00758647685870528221
0.99000000953674316400 0.00792915839701890946
1.00000000000000000000 0.00828739255666732788
