-1.00000000000000000000 -0.00477320002391934395
-0.99000000953674316400 -0.00475789606571197510
-0.98000001907348632800 -0.00476852897554636002
-0.97000002861022949200 -0.00475490000098943710
-0.95999997854232788100 -0.00473702792078256607
-0.94999998807907104500 -0.00475613586604595184
-0.93999999761581420900 -0.00475286180153489113
-0.93000000715255737300 -0.00475555611774325371
-0.92000001668930053700 -0.00476974388584494591
-0.91000002622604370100 -0.00477067893370985985
-0.89999997615814209000 -0.00476597808301448822
-0.88999998569488525400 -0.00476641487330198288
-0.87999999523162841800 -0.00476046092808246613
-0.87000000476837158200 -0.00475026015192270279
-0.86000001430511474600 -0.00474634207785129547
-0.85000002384185791000 -0.00474504008889198303
-0.83999997377395629900 -0.00474829878658056259
-0.82999998331069946300 -0.00476246699690818787
-0.81999999284744262700 -0.00476116314530372620
-0.81000000238418579100 -0.00476186582818627358
-0.80000001192092895500 -0.00477681495249271393
-0.79000002145767211900 -0.00476001109927892685
-0.77999997138977050800 -0.00475776521489024162
-0.76999998092651367200 -0.00476246187463402748
-0.75999999046325683600 -0.00473925611004233360
-0.75000000000000000000 -0.00473890500143170357
-0.74000000953674316400 -0.00475335400551557541
-0.73000001907348632800 -0.00475305691361427307
-0.72000002861022949200 -0.00475045992061495781
-0.70999997854232788100 -0.00476869521662592888
-0.69999998807907104500 -0.00476391613483428955
-0.68999999761581420900 -0.00475371116772294045
-0.68000000715255737300 -0.00476357713341712952
-0.67000001668930053700 -0.00475299777463078499
-0.66000002622604370100 -0.00473292777314782143
-0.64999997615814209000 -0.00474440399557352066
-0.63999998569488525400 -0.00474708899855613709
-0.62999999523162841800 -0.00474643008783459664
-0.62000000476837158200 -0.00476360786706209183
-0.61000001430511474600 -0.00475980993360280991
-0.60000002384185791000 -0.00476262811571359635
-0.58999997377395629900 -0.00476330192759633064
-0.57999998331069946300 -0.00475572887808084488
-0.56999999284744262700 -0.00474891206249594689
-0.56000000238418579100 -0.00474405009299516678
-0.55000001192092895500 -0.00473852781578898430
-0.54000002145767211900 -0.00473973201587796211
-0.52999997138977050800 -0.00475544715300202370
-0.51999998092651367200 -0.00475397799164056778
-0.50999999046325683600 -0.00475588021799921990
-0.50000000000000000000 -0.00476905610412359238
-0.49000000953674316400 -0.00475982110947370529
-0.47999998927116394000 -0.00474775815382599831
-0.46999999880790710400 -0.00475296517834067345
-0.46000000834465026800 -0.00473733711987733841
-0.44999998807907104500 -0.00472700316458940506
-0.43999999761581420900 -0.00474481703713536263
-0.43000000715255737300 -0.00474301818758249283
-0.41999998688697814900 -0.00474759005010128021
-0.40999999642372131300 -0.00476011820137500763
-0.40000000596046447700 -0.00476253312081098557
-0.38999998569488525400 -0.00475131906569004059
-0.37999999523162841800 -0.00475167715921998024
-0.37000000476837158200 -0.00474459584802389145
-0.36000001430511474600 -0.00473049795255064964
-0.34999999403953552200 -0.00473112799227237702
-0.34000000357627868600 -0.00472927978262305260
-0.33000001311302185100 -0.00473520392552018166
-0.31999999284744262700 -0.00474323797971010208
-0.31000000238418579100 -0.00474373018369078636
-0.30000001192092895500 -0.00474805803969502449
-0.28999999165534973100 -0.00475059496238827706
-0.28000000119209289500 -0.00474073505029082298
-0.27000001072883606000 -0.00473914807662367821
-0.25999999046325683600 -0.00473667588084936142
-0.25000000000000000000 -0.00472136586904525757
-0.23999999463558197000 -0.00472450396046042442
-0.23000000417232513400 -0.00473627913743257523
-0.21999999880790710400 -0.00473573803901672363
-0.20999999344348907500 -0.00473663117736577988
-0.20000000298023223900 -0.00475247809663414955
-0.18999999761581420900 -0.00474073691293597222
-0.18000000715255737300 -0.00472787022590637207
-0.17000000178813934300 -0.00474126497283577919
-0.15999999642372131300 -0.00472488999366760254
-0.15000000596046447800 -0.00471225101500749588
-0.14000000059604644800 -0.00472455797716975212
-0.12999999523162841800 -0.00472697103396058083
-0.11999999731779098500 -0.00472484622150659561
-0.10999999940395355200 -0.00473776692524552345
-0.10000000149011611900 -0.00473963189870119095
-0.09000000357627868650 -0.00473805703222751618
-0.07999999821186065670 -0.00472981110215187073
-0.07000000029802322390 -0.00472542690113186836
-0.05999999865889549260 -0.00471770903095602989
-0.05000000074505805970 -0.00470873992890119553
-0.03999999910593032840 -0.00470851315185427666
-0.02999999932944774630 -0.00471427198499441147
-0.01999999955296516420 -0.00472758384421467781
-0.00999999977648258210 -0.00471970112994313240
0.00000000000000000000 -0.00472696917131543160
0.00999999977648258210 -0.00473463209345936775
0.01999999955296516420 -0.00472229998558759689
0.02999999932944774630 -0.00471097696572542191
0.03999999910593032840 -0.00471321586519479752
0.05000000074505805970 -0.00469635799527168274
0.05999999865889549260 -0.00468641193583607674
0.07000000029802322390 -0.00470138806849718094
0.07999999821186065670 -0.00469619920477271080
0.09000000357627868650 -0.00469400081783533096
0.10000000149011611900 -0.00470154080539941788
0.10999999940395355200 -0.00469863414764404297
0.11999999731779098500 -0.00468390295282006264
0.12999999523162841800 -0.00468636723235249520
0.14000000059604644800 -0.00466690817847847939
0.15000000596046447800 -0.00464476412162184715
0.15999999642372131300 -0.00464705796912312508
0.17000000178813934300 -0.00464343419298529625
0.18000000715255737300 -0.00464138900861144066
0.18999999761581420900 -0.00464659277349710465
0.20000000298023223900 -0.00464199297130107880
0.20999999344348907500 -0.00463648186996579170
0.21999999880790710400 -0.00463368417695164681
0.23000000417232513400 -0.00461638998240232468
0.23999999463558197000 -0.00460725696757435799
0.25000000000000000000 -0.00458993902429938316
0.25999999046325683600 -0.00456999801099300385
0.27000001072883606000 -0.00456601101905107498
0.28000000119209289500 -0.00456157419830560684
0.28999999165534973100 -0.00453716283664107323
0.30000001192092895500 -0.00452048890292644501
0.31000000238418579100 -0.00451297778636217117
0.31999999284744262700 -0.00447695888578891754
0.33000001311302185100 -0.00444331485778093338
0.34000000357627868600 -0.00441986415535211563
0.34999999403953552200 -0.00437489990144968033
0.36000001430511474600 -0.00432222289964556694
0.37000000476837158200 -0.00429398519918322563
0.37999999523162841800 -0.00424298178404569626
0.38999998569488525400 -0.00419145682826638222
0.40000000596046447700 -0.00414295308291912079
0.40999999642372131300 -0.00407442403957247734
0.41999998688697814900 -0.00399153400212526322
0.43000000715255737300 -0.00389928603544831276
0.43999999761581420900 -0.00380704202689230442
0.44999998807907104500 -0.00369813200086355209
0.46000000834465026800 -0.00358161795884370804
0.46999999880790710400 -0.00346105499193072319
0.47999998927116394000 -0.00333549408242106438
0.49000000953674316400 -0.00320122600533068180
0.50000000000000000000 -0.00304917991161346436
0.50999999046325683600 -0.00290349498391151428
0.51999998092651367200 -0.00273757590912282467
0.52999997138977050800 -0.00256077898666262627
0.54000002145767211900 -0.00238933204673230648
0.55000001192092895500 -0.00220579397864639759
0.56000000238418579100 -0.00201598391868174076
0.56999999284744262700 -0.00183397298678755760
0.57999998331069946300 -0.00164510705508291721
0.58999997377395629900 -0.00145136599894613028
0.60000002384185791000 -0.00126277795061469078
0.61000001430511474600 -0.00106884900014847517
0.62000000476837158200 -0.00088997767306864262
0.62999999523162841800 -0.00068982620723545551
0.63999998569488525400 -0.00049464631592854857
0.64999997615814209000 -0.00030089760548435152
0.66000002622604370100 -0.00010949529678327963
0.67000001668930053700 0.00007119640940800309
0.68000000715255737300 0.00024875559029169381
0.68999999761581420900 0.00044137999066151679
0.69999998807907104500 0.00063223118195310235
0.70999997854232788100 0.00082110351650044322
0.72000002861022949200 0.00101014901883900166
0.73000001907348632800 0.00119116797577589750
0.74000000953674316400 0.00138582405634224415
0.75000000000000000000 0.00158108305186033249
0.75999999046325683600 0.00177927501499652863
0.76999998092651367200 0.00197853706777095795
0.77999997138977050800 0.00218263594433665276
0.79000002145767211900 0.00239352509379386902
0.80000001192092895500 0.00260604894720017910
0.81000000238418579100 0.00282596400938928127
0.81999999284744262700 0.00305319693870842457
0.82999998331069946300 0.00328456703573465347
0.83999997377395629900 0.00352107803337275982
0.85000002384185791000 0.00376498093828558922
0.86000001430511474600 0.00401347922161221504
0.87000000476837158200 0.00426823319867253304
0.87999999523162841800 0.00453180493786931038
0.88999998569488525400 0.00480271782726049423
0.89999997615814209000 0.00508200004696846008
0.91000002622604370100 0.00537079898640513420
0.92000001668930053700 0.00566127989441156388
0.93000000715255737300 0.00596571108326315880
0.93999999761581420900 0.00627250783145427704
0.94999998807907104500 0.00658164219930768013
0.95999997854232788100 0.00690496014431118965
0.97000002861022949200 0.00722918519750237465
0.98000001907348632800 0.00756225688382983208
0.99000000953674316400 0.00790941528975963593
1.00000000000000000000 0.00826432928442955017
