-1.00000000000000000000 -0.00487255118787288666
-0.99000000953674316400 -0.00485864700749516487
-0.98000001907348632800 -0.00484564621001482010
-0.97000002861022949200 -0.00485562812536954880
-0.95999997854232788100 -0.00483673484995961189
-0.94999998807907104500 -0.00482936901971697807
-0.93999999761581420900 -0.00484498078003525734
-0.93000000715255737300 -0.00484797777608036995
-0.92000001668930053700 -0.00484733516350388527
-0.91000002622604370100 -0.00486365891993045807
-0.89999997615814209000 -0.00486504798755049706
-0.88999998569488525400 -0.00485562207177281380
-0.87999999523162841800 -0.00485737109556794167
-0.87000000476837158200 -0.00485450914129614830
-0.86000001430511474600 -0.00483720703050494194
-0.85000002384185791000 -0.00484025711193680763
-0.83999997377395629900 -0.00484463386237621308
-0.82999998331069946300 -0.00484375609084963799
-0.81999999284744262700 -0.00485906098037958145
-0.81000000238418579100 -0.00485645281150937081
-0.80000001192092895500 -0.00485982885584235192
-0.79000002145767211900 -0.00485971383750438690
-0.77999997138977050800 -0.00484669907018542290
-0.76999998092651367200 -0.00484254304319620133
-0.75999999046325683600 -0.00484128901734948158
-0.75000000000000000000 -0.00482802512124180794
-0.74000000953674316400 -0.00483071384951472283
-0.73000001907348632800 -0.00484778918325901032
-0.72000002861022949200 -0.00484473584219813347
-0.70999997854232788100 -0.00484488578513264656
-0.69999998807907104500 -0.00486360210925340653
-0.68999999761581420900 -0.00485211377963423729
-0.68000000715255737300 -0.00483769411221146584
-0.67000001668930053700 -0.00484972586855292320
-0.66000002622604370100 -0.00483379000797867775
-0.64999997615814209000 -0.00482104020193219185
-0.63999998569488525400 -0.00484129507094621658
-0.62999999523162841800 -0.00483770901337265968
-0.62000000476837158200 -0.00484331604093313217
-0.61000001430511474600 -0.00485646305605769158
-0.60000002384185791000 -0.00485982000827789307
-0.58999997377395629900 -0.00484941480681300163
-0.57999998331069946300 -0.00485167000442743302
-0.56999999284744262700 -0.00484781712293624878
-0.56000000238418579100 -0.00482998089864850044
-0.55000001192092895500 -0.00483685312792658806
-0.54000002145767211900 -0.00483572715893387795
-0.52999997138977050800 -0.00483604986220598221
-0.51999998092651367200 -0.00484809186309576035
-0.50999999046325683600 -0.00484722806140780449
-0.50000000000000000000 -0.00485219294205307961
-0.49000000953674316400 -0.00485290214419364929
-0.47999998927116394000 -0.00484336819499731064
-0.46999999880790710400 -0.00483974488452076912
-0.46000000834465026800 -0.00483506778255105019
-0.44999998807907104500 -0.00482020806521177292
-0.43999999761581420900 -0.00482462486252188683
-0.43000000715255737300 -0.00483732018619775772
-0.41999998688697814900 -0.00483677210286259651
-0.40999999642372131300 -0.00483734114095568657
-0.40000000596046447700 -0.00485060177743434906
-0.38999998569488525400 -0.00483567081391811371
-0.37999999523162841800 -0.00482576992362737656
-0.37000000476837158200 -0.00483406521379947662
-0.36000001430511474600 -0.00481229322031140328
-0.34999999403953552200 -0.00481274910271167755
-0.34000000357627868600 -0.00482318783178925514
-0.33000001311302185100 -0.00482427002862095833
-0.31999999284744262700 -0.00482872780412435532
-0.31000000238418579100 -0.00484005920588970184
-0.30000001192092895500 -0.00483952416107058525
-0.28999999165534973100 -0.00483208987861871720
-0.28000000119209289500 -0.00483174016699194908
-0.27000001072883606000 -0.00482338713482022286
-0.25999999046325683600 -0.00481285201385617256
-0.25000000000000000000 -0.00480967201292514801
-0.23999999463558197000 -0.00481322500854730606
-0.23000000417232513400 -0.00482018990442156792
-0.21999999880790710400 -0.00483053922653198242
-0.20999999344348907500 -0.00482661882415413857
-0.20000000298023223900 -0.00483857979997992516
-0.18999999761581420900 -0.00483681121841073036
-0.18000000715255737300 -0.00482349190860986710
-0.17000000178813934300 -0.00482511613517999649
-0.15999999642372131300 -0.00481440499424934387
-0.15000000596046447800 -0.00480214320123195648
-0.14000000059604644800 -0.00481110205873847008
-0.12999999523162841800 -0.00482071889564394951
-0.11999999731779098500 -0.00481577683240175247
-0.10999999940395355200 -0.00482403300702571869
-0.10000000149011611900 -0.00483286706730723381
-0.09000000357627868650 -0.00481833796948194504
-0.07999999821186065670 -0.00480819121003150940
-0.07000000029802322390 -0.00481683295220136643
-0.05999999865889549260 -0.00479622976854443550
-0.05000000074505805970 -0.00479259295389056206
-0.03999999910593032840 -0.00479939300566911698
-0.02999999932944774630 -0.00479679089039564133
-0.01999999955296516420 -0.00480671180412173271
-0.00999999977648258210 -0.00480830715969204903
0.00000000000000000000 -0.00481239380314946175
0.00999999977648258210 -0.00480458419770002365
0.01999999955296516420 -0.00479904888197779656
0.02999999932944774630 -0.00479304092004895210
0.03999999910593032840 -0.00478379800915718079
0.05000000074505805970 -0.00477736489847302437
0.05999999865889549260 -0.00477025099098682404
0.07000000029802322390 -0.00477459514513611794
0.07999999821186065670 -0.00478124804794788361
0.09000000357627868650 -0.00477907201275229454
0.10000000149011611900 -0.00478087691590189934
0.10999999940395355200 -0.00478202104568481445
0.11999999731779098500 -0.00476071098819375038
0.12999999523162841800 -0.00476345606148242951
0.14000000059604644800 -0.00475653400644659996
0.15000000596046447800 -0.00474010501056909561
0.15999999642372131300 -0.00474091386422514916
0.17000000178813934300 -0.00474384799599647522
0.18000000715255737300 -0.00473820604383945465
0.18999999761581420900 -0.00473935203626751900
0.20000000298023223900 -0.00474662100896239281
0.20999999344348907500 -0.00472607184201478958
0.21999999880790710400 -0.00471368292346596718
0.23000000417232513400 -0.00471273297443985939
0.23999999463558197000 -0.00468669086694717407
0.25000000000000000000 -0.00466841319575905800
0.25999999046325683600 -0.00466052582487463951
0.27000001072883606000 -0.00464679813012480736
0.28000000119209289500 -0.00463958410546183586
0.28999999165534973100 -0.00462550902739167214
0.30000001192092895500 -0.00460330210626125336
0.31000000238418579100 -0.00458316411823034287
0.31999999284744262700 -0.00454151397570967674
0.33000001311302185100 -0.00450919615104794502
0.34000000357627868600 -0.00447158981114625931
0.34999999403953552200 -0.00441910885274410248
0.36000001430511474600 -0.00437390711158514023
0.37000000476837158200 -0.00432985508814454079
0.37999999523162841800 -0.00427583698183298111
0.38999998569488525400 -0.00420566508546471596
0.40000000596046447700 -0.00414915522560477257
0.40999999642372131300 -0.00405943579971790314
0.41999998688697814900 -0.00395548483356833458
0.43000000715255737300 -0.00386779592372477055
0.43999999761581420900 -0.00375191005878150463
0.44999998807907104500 -0.00362802506424486637
0.46000000834465026800 -0.00351217389106750488
0.46999999880790710400 -0.00338426395319402218
0.47999998927116394000 -0.00324424402788281441
0.49000000953674316400 -0.00310626602731645107
0.50000000000000000000 -0.00295315193943679333
0.50999999046325683600 -0.00278862891718745232
0.51999998092651367200 -0.00262216199189424515
0.52999997138977050800 -0.00245133601129055023
0.54000002145767211900 -0.00227073393762111664
0.55000001192092895500 -0.00208944105543196201
0.56000000238418579100 -0.00190917204599827528
0.56999999284744262700 -0.00172623305115848780
0.57999998331069946300 -0.00154592399485409260
0.58999997377395629900 -0.00135842501185834408
0.60000002384185791000 -0.00117331102956086397
0.61000001430511474600 -0.00100635900162160397
0.62000000476837158200 -0.00080898770829662681
0.62999999523162841800 -0.00062322558369487524
0.63999998569488525400 -0.00044150248868390918
0.64999997615814209000 -0.00025680620456114411
0.66000002622604370100 -0.00008767852705204859
0.67000001668930053700 0.00004506114055402577
0.68000000715255737300 0.00025513709988445044
0.68999999761581420900 0.00043669011211022735
0.69999998807907104500 0.00061247672419995070
0.70999997854232788100 0.00078762508928775787
0.72000002861022949200 0.00096260348800569773
0.73000001907348632800 0.00112838600762188435
0.74000000953674316400 0.00130749295931309462
0.75000000000000000000 0.00148677197284996510
0.75999999046325683600 0.00166775495745241642
0.76999998092651367200 0.00185132597107440233
0.77999997138977050800 0.00203901203349232674
0.79000002145767211900 0.00223122700117528439
0.80000001192092895500 0.00242771790362894535
0.81000000238418579100 0.00262900697998702526
0.81999999284744262700 0.00283711007796227932
0.82999998331069946300 0.00304864696227014065
0.83999997377395629900 0.00326527305878698826
0.85000002384185791000 0.00348955299705266953
0.86000001430511474600 0.00371724902652204037
0.87000000476837158200 0.00394977722316980362
0.87999999523162841800 0.00419361796230077744
0.88999998569488525400 0.00444213394075632095
0.89999997615814209000 0.00469639804214239121
0.91000002622604370100 0.00496158702298998833
0.92000001668930053700 0.00523263216018676758
0.93000000715255737300 0.00550509290769696236
0.93999999761581420900 0.00578786013647913933
0.94999998807907104500 0.00607736920937895775
0.95999997854232788100 0.00636801822111010552
0.97000002861022949200 0.00667280890047550202
0.98000001907348632800 0.00698568718507885933
0.99000000953674316400 0.00730365607887506485
1.00000000000000000000 0.00763405812904238701
