-1.00000000000000000000 -0.00465583801269531250
-0.99000000953674316400 -0.00464919023215770722
-0.98000001907348632800 -0.00464896997436881066
-0.97000002861022949200 -0.00464105186983942986
-0.95999997854232788100 -0.00464404607191681862
-0.94999998807907104500 -0.00464812712743878365
-0.93999999761581420900 -0.00465423800051212311
-0.93000000715255737300 -0.00466513214632868767
-0.92000001668930053700 -0.00466204714030027390
-0.91000002622604370100 -0.00467415386810898781
-0.89999997615814209000 -0.00467130215838551521
-0.88999998569488525400 -0.00465626083314418793
-0.87999999523162841800 -0.00466165505349636078
-0.87000000476837158200 -0.00464989105239510536
-0.86000001430511474600 -0.00464393105357885361
-0.85000002384185791000 -0.00465139700099825859
-0.83999997377395629900 -0.00465752789750695229
-0.82999998331069946300 -0.00465448107570409775
-0.81999999284744262700 -0.00466763693839311600
-0.81000000238418579100 -0.00467712292447686196
-0.80000001192092895500 -0.00466632191091775894
-0.79000002145767211900 -0.00466954708099365235
-0.77999997138977050800 -0.00466484390199184418
-0.76999998092651367200 -0.00464300578460097313
-0.75999999046325683600 -0.00465168198570609093
-0.75000000000000000000 -0.00465855980291962624
-0.74000000953674316400 -0.00465730112046003342
-0.73000001907348632800 -0.00467016780748963356
-0.72000002861022949200 -0.00467112520709633827
-0.70999997854232788100 -0.00467261997982859612
-0.69999998807907104500 -0.00467126397415995598
-0.68999999761581420900 -0.00466657802462577820
-0.68000000715255737300 -0.00465214485302567482
-0.67000001668930053700 -0.00464764190837740898
-0.66000002622604370100 -0.00464854016900062561
-0.64999997615814209000 -0.00464861094951629639
-0.63999998569488525400 -0.00466276379302144051
-0.62999999523162841800 -0.00466351304203271866
-0.62000000476837158200 -0.00466383108869194985
-0.61000001430511474600 -0.00467151496559381485
-0.60000002384185791000 -0.00465983385220170021
-0.58999997377395629900 -0.00465584592893719673
-0.57999998331069946300 -0.00465491786599159241
-0.56999999284744262700 -0.00464498577639460564
-0.56000000238418579100 -0.00463998178020119667
-0.55000001192092895500 -0.00465778587386012077
-0.54000002145767211900 -0.00465518794953823090
-0.52999997138977050800 -0.00465519493445754051
-0.51999998092651367200 -0.00467203697189688683
-0.50999999046325683600 -0.00466267298907041550
-0.50000000000000000000 -0.00464539416134357453
-0.49000000953674316400 -0.00465838890522718430
-0.47999998927116394000 -0.00464382208883762360
-0.46999999880790710400 -0.00463203294202685356
-0.46000000834465026800 -0.00465022679418325424
-0.44999998807907104500 -0.00465199211612343788
-0.43999999761581420900 -0.00465101702138781548
-0.43000000715255737300 -0.00466508185490965843
-0.41999998688697814900 -0.00467189820483326912
-0.40999999642372131300 -0.00465795584022998810
-0.40000000596046447700 -0.00466409698128700256
-0.38999998569488525400 -0.00465547293424606323
-0.37999999523162841800 -0.00463573215529322624
-0.37000000476837158200 -0.00464343605563044548
-0.36000001430511474600 -0.00464522698894143105
-0.34999999403953552200 -0.00465015182271599770
-0.34000000357627868600 -0.00465808110311627388
-0.33000001311302185100 -0.00465661380439996720
-0.31999999284744262700 -0.00465610576793551445
-0.31000000238418579100 -0.00465328991413116455
-0.30000001192092895500 -0.00464846380054950714
-0.28999999165534973100 -0.00464133406057953835
-0.28000000119209289500 -0.00463606277480721474
-0.27000001072883606000 -0.00463282316923141480
-0.25999999046325683600 -0.00463861599564552307
-0.25000000000000000000 -0.00464906496927142143
-0.23999999463558197000 -0.00464771920815110207
-0.23000000417232513400 -0.00465172016993165016
-0.21999999880790710400 -0.00465838704258203507
-0.20999999344348907500 -0.00464088283479213715
-0.20000000298023223900 -0.00464353896677494049
-0.18999999761581420900 -0.00464125303551554680
-0.18000000715255737300 -0.00462233321741223335
-0.17000000178813934300 -0.00462636677548289299
-0.15999999642372131300 -0.00463694892823696137
-0.15000000596046447800 -0.00463741598650813103
-0.14000000059604644800 -0.00463725300505757332
-0.12999999523162841800 -0.00465132901445031166
-0.11999999731779098500 -0.00463758315891027451
-0.10999999940395355200 -0.00462791603058576584
-0.10000000149011611900 -0.00463529396802186966
-0.09000000357627868650 -0.00461855297908186913
-0.07999999821186065670 -0.00460851285606622696
-0.07000000029802322390 -0.00461956905201077461
-0.05999999865889549260 -0.00461967801675200462
-0.05000000074505805970 -0.00461983308196067810
-0.03999999910593032840 -0.00462910206988453865
-0.02999999932944774630 -0.00463167205452919006
-0.01999999955296516420 -0.00462497118860483170
-0.00999999977648258210 -0.00461796997115015984
0.00000000000000000000 -0.00461108004674315453
0.00999999977648258210 -0.00460097985342144966
0.01999999955296516420 -0.00460007693618535996
0.02999999932944774630 -0.00460111722350120545
0.03999999910593032840 -0.00459983013570308685
0.05000000074505805970 -0.00461310520768165589
0.05999999865889549260 -0.00461044907569885254
0.07000000029802322390 -0.00461474712938070297
0.07999999821186065670 -0.00461580278351902962
0.09000000357627868650 -0.00459953304380178452
0.10000000149011611900 -0.00459766015410423279
0.10999999940395355200 -0.00458770478144288063
0.11999999731779098500 -0.00457499222829937935
0.12999999523162841800 -0.00457833986729383469
0.14000000059604644800 -0.00458747800439596176
0.15000000596046447800 -0.00457871612161397934
0.15999999642372131300 -0.00458000088110566139
0.17000000178813934300 -0.00458715297281742096
0.18000000715255737300 -0.00456791603937745094
0.18999999761581420900 -0.00456066709011793137
0.20000000298023223900 -0.00455515692010521889
0.20999999344348907500 -0.00452827895060181618
0.21999999880790710400 -0.00452218996360898018
0.23000000417232513400 -0.00452446099370718002
0.23999999463558197000 -0.00451322784647345543
0.25000000000000000000 -0.00451034586876630783
0.25999999046325683600 -0.00450645387172698975
0.27000001072883606000 -0.00449143396690487862
0.28000000119209289500 -0.00447052204981446266
0.28999999165534973100 -0.00445427512750029564
0.30000001192092895500 -0.00442405883222818375
0.31000000238418579100 -0.00438715983182191849
0.31999999284744262700 -0.00436896784231066704
0.33000001311302185100 -0.00433555617928504944
0.34000000357627868600 -0.00430840579792857170
0.34999999403953552200 -0.00427291123196482659
0.36000001430511474600 -0.00422610621899366379
0.37000000476837158200 -0.00418225117027759552
0.37999999523162841800 -0.00411478197202086449
0.38999998569488525400 -0.00404849415645003319
0.40000000596046447700 -0.00397676322609186173
0.40999999642372131300 -0.00388823496177792549
0.41999998688697814900 -0.00379922590218484402
0.43000000715255737300 -0.00371578102931380272
0.43999999761581420900 -0.00361347198486328125
0.44999998807907104500 -0.00350277102552354336
0.46000000834465026800 -0.00339320395141839981
0.46999999880790710400 -0.00326370401307940483
0.47999998927116394000 -0.00311838299967348576
0.49000000953674316400 -0.00298203807324171066
0.50000000000000000000 -0.00282647600397467613
0.50999999046325683600 -0.00266250199638307095
0.51999998092651367200 -0.00250881491228938103
0.52999997138977050800 -0.00234029907733201981
0.54000002145767211900 -0.00216655503027141094
0.55000001192092895500 -0.00199027103371918202
0.56000000238418579100 -0.00180979399010539055
0.56999999284744262700 -0.00161628902424126864
0.57999998331069946300 -0.00142290198709815741
0.58999997377395629900 -0.00122665800154209137
0.60000002384185791000 -0.00102254201192408800
0.61000001430511474600 -0.00083394779358059168
0.62000000476837158200 -0.00062364368932321668
0.62999999523162841800 -0.00041239170241169631
0.63999998569488525400 -0.00019920209888368845
0.64999997615814209000 0.00000519526292919181
0.66000002622604370100 0.00021691070287488401
0.67000001668930053700 0.00043657899368554354
0.68000000715255737300 0.00065675372024998069
0.68999999761581420900 0.00088038831017911434
0.69999998807907104500 0.00110085995402187109
0.70999997854232788100 0.00132726598531007767
0.72000002861022949200 0.00155648204963654280
0.73000001907348632800 0.00178702105768024921
0.74000000953674316400 0.00201921700499951840
0.75000000000000000000 0.00225390610285103321
0.75999999046325683600 0.00249125598929822445
0.76999998092651367200 0.00273197703063488007
0.77999997138977050800 0.00297580799087882042
0.79000002145767211900 0.00322227203287184239
0.80000001192092895500 0.00347386393696069718
0.81000000238418579100 0.00372871290892362595
0.81999999284744262700 0.00398528622463345528
0.82999998331069946300 0.00424706283956766129
0.83999997377395629900 0.00451182899996638298
0.85000002384185791000 0.00477716885507106781
0.86000001430511474600 0.00505251111462712288
0.87000000476837158200 0.00533249694854021073
0.87999999523162841800 0.00561547279357910156
0.88999998569488525400 0.00590534089133143425
0.89999997615814209000 0.00619582086801528931
0.91000002622604370100 0.00649280194193124771
0.92000001668930053700 0.00679257092997431755
0.93000000715255737300 0.00709882797673344612
0.93999999761581420900 0.00740655697882175446
0.94999998807907104500 0.00771852396428585053
0.95999997854232788100 0.00803927611559629441
0.97000002861022949200 0.00836572144180536270
0.98000001907348632800 0.00869769323617219925
0.99000000953674316400 0.00903118401765823365
1.00000000000000000000 0.00937278103083372116
