-1.00000000000000000000 -0.00430023297667503357
-0.99000000953674316400 -0.00429620593786239624
-0.98000001907348632800 -0.00430636107921600342
-0.97000002861022949200 -0.00430642394348978996
-0.95999997854232788100 -0.00431190198287367821
-0.94999998807907104500 -0.00431737583130598068
-0.93999999761581420900 -0.00431987177580595017
-0.93000000715255737300 -0.00431768782436847687
-0.92000001668930053700 -0.00431064981967210770
-0.91000002622604370100 -0.00430756807327270508
-0.89999997615814209000 -0.00429831910878419876
-0.88999998569488525400 -0.00429579196497797966
-0.87999999523162841800 -0.00429857289418578148
-0.87000000476837158200 -0.00430677784606814385
-0.86000001430511474600 -0.00431072013452649117
-0.85000002384185791000 -0.00430812500417232514
-0.83999997377395629900 -0.00432292418554425240
-0.82999998331069946300 -0.00431360397487878800
-0.81999999284744262700 -0.00430754106491804123
-0.81000000238418579100 -0.00430878298357129097
-0.80000001192092895500 -0.00429329322651028633
-0.79000002145767211900 -0.00429122708737850189
-0.77999997138977050800 -0.00430116523057222366
-0.76999998092651367200 -0.00429885322228074074
-0.75999999046325683600 -0.00429659383371472359
-0.75000000000000000000 -0.00430836807936429978
-0.74000000953674316400 -0.00430598994717001915
-0.73000001907348632800 -0.00429512187838554382
-0.72000002861022949200 -0.00430087186396121979
-0.70999997854232788100 -0.00429035304114222527
-0.69999998807907104500 -0.00426769815385341644
-0.68999999761581420900 -0.00427914923056960106
-0.68000000715255737300 -0.00428374577313661575
-0.67000001668930053700 -0.00428317813202738762
-0.66000002622604370100 -0.00429756380617618561
-0.64999997615814209000 -0.00429794099181890488
-0.63999998569488525400 -0.00429508602246642113
-0.62999999523162841800 -0.00428926711902022362
-0.62000000476837158200 -0.00428931321948766708
-0.61000001430511474600 -0.00427585188299417496
-0.60000002384185791000 -0.00427514500916004181
-0.58999997377395629900 -0.00427633617073297501
-0.57999998331069946300 -0.00427659600973129273
-0.56999999284744262700 -0.00428804894909262657
-0.56000000238418579100 -0.00429012207314372063
-0.55000001192092895500 -0.00429938593879342079
-0.54000002145767211900 -0.00430100690573453903
-0.52999997138977050800 -0.00428885221481323242
-0.51999998092651367200 -0.00428850483149290085
-0.50999999046325683600 -0.00428697094321250916
-0.50000000000000000000 -0.00427293498069047928
-0.49000000953674316400 -0.00427797622978687286
-0.47999998927116394000 -0.00429300917312502861
-0.46999999880790710400 -0.00429664505645632744
-0.46000000834465026800 -0.00429927511140704155
-0.44999998807907104500 -0.00431222002953290939
-0.43999999761581420900 -0.00430057989433407784
-0.43000000715255737300 -0.00429269811138510704
-0.41999998688697814900 -0.00429825717583298683
-0.40999999642372131300 -0.00427967682480812073
-0.40000000596046447700 -0.00427573500201106072
-0.38999998569488525400 -0.00429112277925014496
-0.37999999523162841800 -0.00429021520540118218
-0.37000000476837158200 -0.00428921822458505631
-0.36000001430511474600 -0.00430073589086532593
-0.34999999403953552200 -0.00430288119241595268
-0.34000000357627868600 -0.00429094303399324417
-0.33000001311302185100 -0.00429787486791610718
-0.31999999284744262700 -0.00428949389606714249
-0.31000000238418579100 -0.00426977919414639473
-0.30000001192092895500 -0.00428065797314047814
-0.28999999165534973100 -0.00428060488775372505
-0.28000000119209289500 -0.00428580399602651596
-0.27000001072883606000 -0.00429262500256299973
-0.25999999046325683600 -0.00429361499845981598
-0.25000000000000000000 -0.00429071113467216492
-0.23999999463558197000 -0.00428907992318272591
-0.23000000417232513400 -0.00428676977753639221
-0.21999999880790710400 -0.00427919905632734299
-0.20999999344348907500 -0.00427231611683964729
-0.20000000298023223900 -0.00427053309977054596
-0.18999999761581420900 -0.00427599716931581497
-0.18000000715255737300 -0.00428358511999249458
-0.17000000178813934300 -0.00427693920210003853
-0.15999999642372131300 -0.00428269477561116219
-0.15000000596046447800 -0.00428447220474481583
-0.14000000059604644800 -0.00427020806819200516
-0.12999999523162841800 -0.00427212519571185112
-0.11999999731779098500 -0.00426896708086133003
-0.10999999940395355200 -0.00424708379432559014
-0.10000000149011611900 -0.00424797879531979561
-0.09000000357627868650 -0.00425492879003286362
-0.07999999821186065670 -0.00425529293715953827
-0.07000000029802322390 -0.00425599282607436180
-0.05999999865889549260 -0.00426685297861695290
-0.05000000074505805970 -0.00425530783832073212
-0.03999999910593032840 -0.00424362020567059517
-0.02999999932944774630 -0.00425014505162835121
-0.01999999955296516420 -0.00423180079087615013
-0.00999999977648258210 -0.00422642799094319344
0.00000000000000000000 -0.00423510279506444931
0.00999999977648258210 -0.00423427997156977654
0.01999999955296516420 -0.00423149717971682549
0.02999999932944774630 -0.00423827394843101502
0.03999999910593032840 -0.00424107117578387261
0.05000000074505805970 -0.00423367088660597801
0.05999999865889549260 -0.00422457279637455940
0.07000000029802322390 -0.00422299699857831001
0.07999999821186065670 -0.00420796917751431465
0.09000000357627868650 -0.00419971114024519920
0.10000000149011611900 -0.00420202594250440598
0.10999999940395355200 -0.00420056981965899468
0.11999999731779098500 -0.00420462293550372124
0.12999999523162841800 -0.00420288601890206337
0.14000000059604644800 -0.00420480594038963318
0.15000000596046447800 -0.00419868715107440949
0.15999999642372131300 -0.00418370403349399567
0.17000000178813934300 -0.00417996011674404144
0.18000000715255737300 -0.00416602287441492081
0.18999999761581420900 -0.00415237201377749443
0.20000000298023223900 -0.00414426717907190323
0.20999999344348907500 -0.00414605811238288880
0.21999999880790710400 -0.00413566408678889275
0.23000000417232513400 -0.00412674108520150185
0.23999999463558197000 -0.00412554480135440827
0.25000000000000000000 -0.00410064822062849999
0.25999999046325683600 -0.00407710904255509377
0.27000001072883606000 -0.00406426005065441132
0.28000000119209289500 -0.00402254890650510788
0.28999999165534973100 -0.00399891380220651627
0.30000001192092895500 -0.00398227013647556305
0.31000000238418579100 -0.00395364593714475632
0.31999999284744262700 -0.00392640288919210434
0.33000001311302185100 -0.00389676890335977078
0.34000000357627868600 -0.00385981798171997070
0.34999999403953552200 -0.00380877708084881306
0.36000001430511474600 -0.00376064190641045570
0.37000000476837158200 -0.00369977205991744995
0.37999999523162841800 -0.00362760690040886402
0.38999998569488525400 -0.00356672704219818115
0.40000000596046447700 -0.00349239306524395943
0.40999999642372131300 -0.00341769494116306305
0.41999998688697814900 -0.00333526707254350186
0.43000000715255737300 -0.00323896296322345734
0.43999999761581420900 -0.00314144394360482693
0.44999998807907104500 -0.00303398491814732552
0.46000000834465026800 -0.00292008090764284134
0.46999999880790710400 -0.00279813306406140328
0.47999998927116394000 -0.00267128390260040760
0.49000000953674316400 -0.00254131201654672623
0.50000000000000000000 -0.00241092895157635212
0.50999999046325683600 -0.00227768300101161003
0.51999998092651367200 -0.00213628797791898251
0.52999997138977050800 -0.00199106801301240921
0.54000002145767211900 -0.00184723001439124346
0.55000001192092895500 -0.00169089902192354202
0.56000000238418579100 -0.00153808901086449623
0.56999999284744262700 -0.00138347304891794920
0.57999998331069946300 -0.00122345704585313797
0.58999997377395629900 -0.00106813805177807808
0.60000002384185791000 -0.00093563122209161520
0.61000001430511474600 -0.00076660612830892205
0.62000000476837158200 -0.00060691859107464552
0.62999999523162841800 -0.00045260461047291756
0.63999998569488525400 -0.00029644111054949462
0.64999997615814209000 -0.00014116769307292998
0.66000002622604370100 0.00000240904296333611
0.67000001668930053700 0.00015061600424814969
0.68000000715255737300 0.00031052238773554564
0.68999999761581420900 0.00046853561070747674
0.69999998807907104500 0.00062601681565865874
0.70999997854232788100 0.00078405678505077958
0.72000002861022949200 0.00094416842330247164
0.73000001907348632800 0.00109802803490310907
0.74000000953674316400 0.00126451801043003798
0.75000000000000000000 0.00143408798612654209
0.75999999046325683600 0.00160666496958583593
0.76999998092651367200 0.00178173196036368609
0.77999997138977050800 0.00196244008839130402
0.79000002145767211900 0.00214787898585200310
0.80000001192092895500 0.00233444711193442345
0.81000000238418579100 0.00252921995706856251
0.81999999284744262700 0.00272876699455082417
0.82999998331069946300 0.00292831100523471832
0.83999997377395629900 0.00314150098711252213
0.85000002384185791000 0.00336271408013999462
0.86000001430511474600 0.00358519400469958782
0.87000000476837158200 0.00381659809499979019
0.87999999523162841800 0.00405538082122802734
0.88999998569488525400 0.00429569091647863388
0.89999997615814209000 0.00454064598307013512
0.91000002622604370100 0.00479665398597717285
0.92000001668930053700 0.00505107501521706581
0.93000000715255737300 0.00531741697341203690
0.93999999761581420900 0.00559373805299401283
0.94999998807907104500 0.00587124796584248543
0.95999997854232788100 0.00616064900532364846
0.97000002861022949200 0.00645258789882063866
0.98000001907348632800 0.00675112288445234299
0.99000000953674316400 0.00705292401835322380
1.00000000000000000000 0.00735819991677999497
