-1.00000000000000000000 -0.00454258406534790993
-0.99000000953674316400 -0.00454108882695436478
-0.98000001907348632800 -0.00454188277944922447
-0.97000002861022949200 -0.00452822912484407425
-0.95999997854232788100 -0.00453283777460455895
-0.94999998807907104500 -0.00454645697027444840
-0.93999999761581420900 -0.00454525277018547058
-0.93000000715255737300 -0.00454956199973821640
-0.92000001668930053700 -0.00456300703808665276
-0.91000002622604370100 -0.00455247890204191208
-0.89999997615814209000 -0.00453902082517743111
-0.88999998569488525400 -0.00454727793112397194
-0.87999999523162841800 -0.00453406292945146561
-0.87000000476837158200 -0.00452254712581634522
-0.86000001430511474600 -0.00454017007723450661
-0.85000002384185791000 -0.00454227393493056297
-0.83999997377395629900 -0.00455134408548474312
-0.82999998331069946300 -0.00456425780430436134
-0.81999999284744262700 -0.00456948997452855110
-0.81000000238418579100 -0.00455719791352748871
-0.80000001192092895500 -0.00456231180578470230
-0.79000002145767211900 -0.00455625308677554131
-0.77999997138977050800 -0.00453718192875385285
-0.76999998092651367200 -0.00454775197431445122
-0.75999999046325683600 -0.00454856781288981438
-0.75000000000000000000 -0.00455221906304359436
-0.74000000953674316400 -0.00456195697188377381
-0.73000001907348632800 -0.00456373021006584168
-0.72000002861022949200 -0.00456035602837800980
-0.70999997854232788100 -0.00456128222867846489
-0.69999998807907104500 -0.00455723097547888756
-0.68999999761581420900 -0.00454811984673142433
-0.68000000715255737300 -0.00453855888918042183
-0.67000001668930053700 -0.00453779520466923714
-0.66000002622604370100 -0.00454250210896134377
-0.64999997615814209000 -0.00455137202516198158
-0.63999998569488525400 -0.00455233315005898476
-0.62999999523162841800 -0.00455701397731900215
-0.62000000476837158200 -0.00456087989732623100
-0.61000001430511474600 -0.00454645603895187378
-0.60000002384185791000 -0.00454755406826734543
-0.58999997377395629900 -0.00454543204978108406
-0.57999998331069946300 -0.00452899979427456856
-0.56999999284744262700 -0.00452974578365683556
-0.56000000238418579100 -0.00454259896650910378
-0.55000001192092895500 -0.00454220594838261604
-0.54000002145767211900 -0.00454347115010023117
-0.52999997138977050800 -0.00456020189449191094
-0.51999998092651367200 -0.00455297017470002175
-0.50999999046325683600 -0.00453929090872406960
-0.50000000000000000000 -0.00454884115606546402
-0.49000000953674316400 -0.00453723315149545670
-0.47999998927116394000 -0.00451841903850436211
-0.46999999880790710400 -0.00453159306198358536
-0.46000000834465026800 -0.00453630508854985237
-0.44999998807907104500 -0.00453425105661153793
-0.43999999761581420900 -0.00454601878300309181
-0.43000000715255737300 -0.00454830983653664589
-0.41999998688697814900 -0.00454306788742542267
-0.40999999642372131300 -0.00453590601682662964
-0.40000000596046447700 -0.00453422684222459793
-0.38999998569488525400 -0.00453733699396252632
-0.37999999523162841800 -0.00453288713470101357
-0.37000000476837158200 -0.00453343894332647324
-0.36000001430511474600 -0.00453784316778182984
-0.34999999403953552200 -0.00454887980595231056
-0.34000000357627868600 -0.00454641086980700493
-0.33000001311302185100 -0.00455625401809811592
-0.31999999284744262700 -0.00455082394182682038
-0.31000000238418579100 -0.00453577097505331040
-0.30000001192092895500 -0.00454091792926192284
-0.28999999165534973100 -0.00453134300187230110
-0.28000000119209289500 -0.00451734615489840508
-0.27000001072883606000 -0.00452710781246423721
-0.25999999046325683600 -0.00453534908592700958
-0.25000000000000000000 -0.00453474605455994606
-0.23999999463558197000 -0.00454274984076619148
-0.23000000417232513400 -0.00454859016463160515
-0.21999999880790710400 -0.00453891977667808533
-0.20999999344348907500 -0.00453282892704010010
-0.20000000298023223900 -0.00453556794673204422
-0.18999999761581420900 -0.00451761810109019280
-0.18000000715255737300 -0.00451583787798881531
-0.17000000178813934300 -0.00452160416170954704
-0.15999999642372131300 -0.00452049681916832924
-0.15000000596046447800 -0.00452975090593099594
-0.14000000059604644800 -0.00453118002042174339
-0.12999999523162841800 -0.00453360192477703095
-0.11999999731779098500 -0.00453023379668593407
-0.10999999940395355200 -0.00452321395277976990
-0.10000000149011611900 -0.00451326090842485428
-0.09000000357627868650 -0.00450398121029138565
-0.07999999821186065670 -0.00449678022414445877
-0.07000000029802322390 -0.00449883192777633667
-0.05999999865889549260 -0.00450772792100906372
-0.05000000074505805970 -0.00450690276920795441
-0.03999999910593032840 -0.00450567016378045082
-0.02999999932944774630 -0.00451585790142416954
-0.01999999955296516420 -0.00450599379837512970
-0.00999999977648258210 -0.00449714576825499535
0.00000000000000000000 -0.00449743308126926422
0.00999999977648258210 -0.00448382413014769554
0.01999999955296516420 -0.00447114184498786926
0.02999999932944774630 -0.00447902409359812737
0.03999999910593032840 -0.00448286021128296852
0.05000000074505805970 -0.00448214914649724960
0.05999999865889549260 -0.00448602018877863884
0.07000000029802322390 -0.00449203699827194214
0.07999999821186065670 -0.00447296816855669022
0.09000000357627868650 -0.00446911714971065521
0.10000000149011611900 -0.00446227192878723145
0.10999999940395355200 -0.00444260612130165100
0.11999999731779098500 -0.00444463221356272698
0.12999999523162841800 -0.00444695912301540375
0.14000000059604644800 -0.00444441894069314003
0.15000000596046447800 -0.00445115379989147186
0.15999999642372131300 -0.00445135822519659996
0.17000000178813934300 -0.00444437703117728233
0.18000000715255737300 -0.00443849107250571251
0.18999999761581420900 -0.00443034991621971130
0.20000000298023223900 -0.00441329414024949074
0.20999999344348907500 -0.00439944397658109665
0.21999999880790710400 -0.00439566001296043396
0.23000000417232513400 -0.00439003901556134224
0.23999999463558197000 -0.00439055496826767922
0.25000000000000000000 -0.00438483804464340210
0.25999999046325683600 -0.00437521422281861305
0.27000001072883606000 -0.00436955410987138748
0.28000000119209289500 -0.00434446893632411957
0.28999999165534973100 -0.00432717194780707359
0.30000001192092895500 -0.00430913595482707024
0.31000000238418579100 -0.00427088513970375061
0.31999999284744262700 -0.00424949498847126961
0.33000001311302185100 -0.00423333793878555298
0.34000000357627868600 -0.00420475704595446587
0.34999999403953552200 -0.00416861800476908684
0.36000001430511474600 -0.00414067180827260018
0.37000000476837158200 -0.00408892612904310227
0.37999999523162841800 -0.00402251677587628365
0.38999998569488525400 -0.00397061510011553764
0.40000000596046447700 -0.00389858707785606384
0.40999999642372131300 -0.00381185999140143395
0.41999998688697814900 -0.00373778492212295532
0.43000000715255737300 -0.00365333911031484604
0.43999999761581420900 -0.00355207594111561775
0.44999998807907104500 -0.00345724192447960377
0.46000000834465026800 -0.00334369600750505924
0.46999999880790710400 -0.00321566290222108364
0.47999998927116394000 -0.00308149610646069050
0.49000000953674316400 -0.00294390297494828701
0.50000000000000000000 -0.00279156700707972050
0.50999999046325683600 -0.00263831508345901966
0.51999998092651367200 -0.00248207105323672295
0.52999997138977050800 -0.00231894897297024727
0.54000002145767211900 -0.00215574307367205620
0.55000001192092895500 -0.00198115292005240917
0.56000000238418579100 -0.00180550094228237867
0.56999999284744262700 -0.00162566103972494602
0.57999998331069946300 -0.00143754505552351475
0.58999997377395629900 -0.00125213898718357086
0.60000002384185791000 -0.00106439902447164059
0.61000001430511474600 -0.00089263782138004899
0.62000000476837158200 -0.00069605838507413864
0.62999999523162841800 -0.00050590460887178779
0.63999998569488525400 -0.00031265139114111662
0.64999997615814209000 -0.00012254460307303816
0.66000002622604370100 0.00005338654955266975
0.67000001668930053700 0.00023686810163781047
0.68000000715255737300 0.00042916939128190279
0.68999999761581420900 0.00061664398526772857
0.69999998807907104500 0.00080400682054460049
0.70999997854232788100 0.00099080300424247980
0.72000002861022949200 0.00117219798266887665
0.73000001907348632800 0.00136211398057639599
0.74000000953674316400 0.00155053194612264633
0.75000000000000000000 0.00174114794936031103
0.75999999046325683600 0.00193309795577079058
0.76999998092651367200 0.00212648604065179825
0.77999997138977050800 0.00232273689471185207
0.79000002145767211900 0.00252119195647537708
0.80000001192092895500 0.00272264704108238220
0.81000000238418579100 0.00292777107097208500
0.81999999284744262700 0.00313591188751161099
0.82999998331069946300 0.00334824994206428528
0.83999997377395629900 0.00356697500683367252
0.85000002384185791000 0.00378958298824727535
0.86000001430511474600 0.00401504291221499443
0.87000000476837158200 0.00424783118069171906
0.87999999523162841800 0.00448234006762504578
0.88999998569488525400 0.00471836421638727188
0.89999997615814209000 0.00496488995850086212
0.91000002622604370100 0.00521218078210949898
0.92000001668930053700 0.00546316197142004967
0.93000000715255737300 0.00572463683784008026
0.93999999761581420900 0.00599050987511873245
0.94999998807907104500 0.00625824602320790291
0.95999997854232788100 0.00653498480096459389
0.97000002861022949200 0.00681492500007152558
0.98000001907348632800 0.00709513900801539421
0.99000000953674316400 0.00738432398065924645
1.00000000000000000000 0.00767784891650080681
