-1.00000000000000000000 -0.00457420619204640389
-0.99000000953674316400 -0.00456512998789548874
-0.98000001907348632800 -0.00456580892205238342
-0.97000002861022949200 -0.00457785185426473618
-0.95999997854232788100 -0.00457804696634411812
-0.94999998807907104500 -0.00458054384216666222
-0.93999999761581420900 -0.00459210295230150223
-0.93000000715255737300 -0.00458472408354282379
-0.92000001668930053700 -0.00457133492454886437
-0.91000002622604370100 -0.00458033615723252297
-0.89999997615814209000 -0.00456809392198920250
-0.88999998569488525400 -0.00455899816006422043
-0.87999999523162841800 -0.00457523809745907784
-0.87000000476837158200 -0.00457229278981685639
-0.86000001430511474600 -0.00457690190523862839
-0.85000002384185791000 -0.00458853878080844879
-0.83999997377395629900 -0.00459114322438836098
-0.82999998331069946300 -0.00458139181137084961
-0.81999999284744262700 -0.00458364700898528099
-0.81000000238418579100 -0.00457772100344300270
-0.80000001192092895500 -0.00456524686887860298
-0.79000002145767211900 -0.00456849392503499985
-0.77999997138977050800 -0.00456917798146605492
-0.76999998092651367200 -0.00457394681870937348
-0.75999999046325683600 -0.00458344211801886559
-0.75000000000000000000 -0.00458202091977000237
-0.74000000953674316400 -0.00458705378696322441
-0.73000001907348632800 -0.00458605494350194931
-0.72000002861022949200 -0.00457944115623831749
-0.70999997854232788100 -0.00458413083106279373
-0.69999998807907104500 -0.00457473983988165856
-0.68999999761581420900 -0.00457052187994122505
-0.68000000715255737300 -0.00458059785887598992
-0.67000001668930053700 -0.00458626821637153626
-0.66000002622604370100 -0.00458599114790558815
-0.64999997615814209000 -0.00459026498720049858
-0.63999998569488525400 -0.00459826178848743439
-0.62999999523162841800 -0.00458467612043023110
-0.62000000476837158200 -0.00458400882780551911
-0.61000001430511474600 -0.00458181183785200119
-0.60000002384185791000 -0.00456216884776949883
-0.58999997377395629900 -0.00457087578251957894
-0.57999998331069946300 -0.00457747001200914383
-0.56999999284744262700 -0.00457902206107974053
-0.56000000238418579100 -0.00458257319405674935
-0.55000001192092895500 -0.00459265010431408882
-0.54000002145767211900 -0.00458977511152625084
-0.52999997138977050800 -0.00458275992423295975
-0.51999998092651367200 -0.00458691688254475594
-0.50999999046325683600 -0.00457742717117071152
-0.50000000000000000000 -0.00456388108432292938
-0.49000000953674316400 -0.00456968601793050766
-0.47999998927116394000 -0.00457543879747390747
-0.46999999880790710400 -0.00458068586885929108
-0.46000000834465026800 -0.00458660395815968514
-0.44999998807907104500 -0.00458621699362993240
-0.43999999761581420900 -0.00458858720958232880
-0.43000000715255737300 -0.00457738712430000305
-0.41999998688697814900 -0.00457470212131738663
-0.40999999642372131300 -0.00457176100462675095
-0.40000000596046447700 -0.00455729290843009949
-0.38999998569488525400 -0.00455553503707051277
-0.37999999523162841800 -0.00456550484523177147
-0.37000000476837158200 -0.00456935213878750801
-0.36000001430511474600 -0.00456662196666002274
-0.34999999403953552200 -0.00457559805363416672
-0.34000000357627868600 -0.00457572005689144135
-0.33000001311302185100 -0.00455964310094714165
-0.31999999284744262700 -0.00457132700830698013
-0.31000000238418579100 -0.00456253206357359886
-0.30000001192092895500 -0.00454497197642922402
-0.28999999165534973100 -0.00456057488918304444
-0.28000000119209289500 -0.00456318492069840431
-0.27000001072883606000 -0.00456167198717594147
-0.25999999046325683600 -0.00457177590578794480
-0.25000000000000000000 -0.00457968888804316521
-0.23999999463558197000 -0.00457079894840717316
-0.23000000417232513400 -0.00456658285111188889
-0.21999999880790710400 -0.00456760078668594360
-0.20999999344348907500 -0.00455259205773472786
-0.20000000298023223900 -0.00455148704349994660
-0.18999999761581420900 -0.00455599604174494744
-0.18000000715255737300 -0.00455393921583890915
-0.17000000178813934300 -0.00456574000418186188
-0.15999999642372131300 -0.00456757284700870514
-0.15000000596046447800 -0.00456744013354182244
-0.14000000059604644800 -0.00456618098542094231
-0.12999999523162841800 -0.00455457810312509537
-0.11999999731779098500 -0.00455107120797038078
-0.10999999940395355200 -0.00453089410439133644
-0.10000000149011611900 -0.00452162697911262512
-0.09000000357627868650 -0.00451843719929456711
-0.07999999821186065670 -0.00452962191775441170
-0.07000000029802322390 -0.00452958513051271439
-0.05999999865889549260 -0.00452743284404277802
-0.05000000074505805970 -0.00453930394724011421
-0.03999999910593032840 -0.00453039305284619332
-0.02999999932944774630 -0.00451713893562555313
-0.01999999955296516420 -0.00451989099383354187
-0.00999999977648258210 -0.00450136093422770500
0.00000000000000000000 -0.00449682399630546570
0.00999999977648258210 -0.00450484780594706535
0.01999999955296516420 -0.00450560078024864197
0.02999999932944774630 -0.00450550299137830734
0.03999999910593032840 -0.00449699722230434418
0.05000000074505805970 -0.00449559604749083519
0.05999999865889549260 -0.00448195403441786766
0.07000000029802322390 -0.00447986600920557976
0.07999999821186065670 -0.00447395676746964455
0.09000000357627868650 -0.00445009209215641022
0.10000000149011611900 -0.00445608422160148621
0.10999999940395355200 -0.00445572286844253540
0.11999999731779098500 -0.00445299316197633743
0.12999999523162841800 -0.00445843581110239029
0.14000000059604644800 -0.00445982394739985466
0.15000000596046447800 -0.00445463601499795914
0.15999999642372131300 -0.00444815214723348618
0.17000000178813934300 -0.00444108992815017700
0.18000000715255737300 -0.00442604301497340202
0.18999999761581420900 -0.00442659994587302208
0.20000000298023223900 -0.00442405883222818375
0.20999999344348907500 -0.00442122807726264000
0.21999999880790710400 -0.00442511914297938347
0.23000000417232513400 -0.00441791396588087082
0.23999999463558197000 -0.00440886802971363068
0.25000000000000000000 -0.00440921587869524956
0.25999999046325683600 -0.00438643386587500572
0.27000001072883606000 -0.00437318021431565285
0.28000000119209289500 -0.00435997778549790383
0.28999999165534973100 -0.00432516913861036301
0.30000001192092895500 -0.00431302422657608986
0.31000000238418579100 -0.00430287281051278114
0.31999999284744262700 -0.00428095692768692970
0.33000001311302185100 -0.00425086915493011475
0.34000000357627868600 -0.00424294080585241318
0.34999999403953552200 -0.00419858284294605255
0.36000001430511474600 -0.00414245482534170151
0.37000000476837158200 -0.00410526478663086891
0.37999999523162841800 -0.00404118513688445091
0.38999998569488525400 -0.00397120183333754540
0.40000000596046447700 -0.00391449220478534699
0.40999999642372131300 -0.00384258292615413666
0.41999998688697814900 -0.00375961000099778175
0.43000000715255737300 -0.00367827108129858971
0.43999999761581420900 -0.00358106801286339760
0.44999998807907104500 -0.00346884597092866898
0.46000000834465026800 -0.00335291307419538498
0.46999999880790710400 -0.00322859594598412514
0.47999998927116394000 -0.00309118698351085186
0.49000000953674316400 -0.00294915493577718735
0.50000000000000000000 -0.00280554010532796383
0.50999999046325683600 -0.00265510403551161289
0.51999998092651367200 -0.00250431289896368980
0.52999997138977050800 -0.00234060501679778099
0.54000002145767211900 -0.00217322492972016335
0.55000001192092895500 -0.00200096005573868752
0.56000000238418579100 -0.00182257499545812607
0.56999999284744262700 -0.00164208700880408287
0.57999998331069946300 -0.00145855301525443792
0.58999997377395629900 -0.00127425999380648136
0.60000002384185791000 -0.00109104800503700972
0.61000001430511474600 -0.00092184240929782391
0.62000000476837158200 -0.00072593352524563670
0.62999999523162841800 -0.00053631310584023595
0.63999998569488525400 -0.00035209549241699278
0.64999997615814209000 -0.00016491359565407038
0.66000002622604370100 0.00001180685012514004
0.67000001668930053700 0.00019108690321445465
0.68000000715255737300 0.00037866630009375513
0.68999999761581420900 0.00056454568402841687
0.69999998807907104500 0.00074828090146183968
0.70999997854232788100 0.00093238631961867213
0.72000002861022949200 0.00111072603613138199
0.73000001907348632800 0.00129807798657566309
0.74000000953674316400 0.00148423900827765465
0.75000000000000000000 0.00167226395569741726
0.75999999046325683600 0.00186201604083180428
0.76999998092651367200 0.00205243099480867386
0.77999997138977050800 0.00224606692790985108
0.79000002145767211900 0.00244249007664620876
0.80000001192092895500 0.00264108693227171898
0.81000000238418579100 0.00284556904807686806
0.81999999284744262700 0.00305455108173191548
0.82999998331069946300 0.00326596992090344429
0.83999997377395629900 0.00348216807469725609
0.85000002384185791000 0.00370536791160702706
0.86000001430511474600 0.00392781104892492294
0.87000000476837158200 0.00415698392316699028
0.87999999523162841800 0.00439221877604722977
0.88999998569488525400 0.00462674116715788841
0.89999997615814209000 0.00487131718546152115
0.91000002622604370100 0.00512442598119378090
0.92000001668930053700 0.00537836505100131035
0.93000000715255737300 0.00563821615651249886
0.93999999761581420900 0.00590727198868989945
0.94999998807907104500 0.00617494015023112297
0.95999997854232788100 0.00644700182601809502
0.97000002861022949200 0.00673104496672749520
0.98000001907348632800 0.00701281381770968437
0.99000000953674316400 0.00729723414406180382
1.00000000000000000000 0.00759818917140364647
