-1.00000000000000000000 -0.00447228504344820976
-0.99000000953674316400 -0.00445911800488829613
-0.98000001907348632800 -0.00446237018331885338
-0.97000002861022949200 -0.00446654390543699265
-0.95999997854232788100 -0.00447645783424377442
-0.94999998807907104500 -0.00447781477123498917
-0.93999999761581420900 -0.00447694677859544754
-0.93000000715255737300 -0.00448669819161295891
-0.92000001668930053700 -0.00447576818987727165
-0.91000002622604370100 -0.00447278190404176712
-0.89999997615814209000 -0.00447226688265800476
-0.88999998569488525400 -0.00445180991664528847
-0.87999999523162841800 -0.00446031615138053894
-0.87000000476837158200 -0.00446840282529592514
-0.86000001430511474600 -0.00446986220777034760
-0.85000002384185791000 -0.00447368016466498375
-0.83999997377395629900 -0.00448302598670125008
-0.82999998331069946300 -0.00447599077597260475
-0.81999999284744262700 -0.00446929316967725754
-0.81000000238418579100 -0.00447343895211815834
-0.80000001192092895500 -0.00446141976863145828
-0.79000002145767211900 -0.00445172516629099846
-0.77999997138977050800 -0.00445820903405547142
-0.76999998092651367200 -0.00446196692064404488
-0.75999999046325683600 -0.00446940399706363678
-0.75000000000000000000 -0.00447313906624913216
-0.74000000953674316400 -0.00447864597663283348
-0.73000001907348632800 -0.00447524385526776314
-0.72000002861022949200 -0.00446391897276043892
-0.70999997854232788100 -0.00446248101070523262
-0.69999998807907104500 -0.00446171686053276062
-0.68999999761581420900 -0.00445002596825361252
-0.68000000715255737300 -0.00445303181186318398
-0.67000001668930053700 -0.00446526799350976944
-0.66000002622604370100 -0.00446862913668155670
-0.64999997615814209000 -0.00446745613589882851
-0.63999998569488525400 -0.00448145205155014992
-0.62999999523162841800 -0.00447281077504158020
-0.62000000476837158200 -0.00446005584672093392
-0.61000001430511474600 -0.00446763820946216583
-0.60000002384185791000 -0.00445067510008811951
-0.58999997377395629900 -0.00443789921700954437
-0.57999998331069946300 -0.00444734888151288033
-0.56999999284744262700 -0.00445286696776747704
-0.56000000238418579100 -0.00444920919835567474
-0.55000001192092895500 -0.00446391198784112930
-0.54000002145767211900 -0.00446463422849774361
-0.52999997138977050800 -0.00445332285016775131
-0.51999998092651367200 -0.00445245997980237007
-0.50999999046325683600 -0.00444146385416388512
-0.50000000000000000000 -0.00442160200327634812
-0.49000000953674316400 -0.00443253619596362114
-0.47999998927116394000 -0.00443584704771637917
-0.46999999880790710400 -0.00443463586270809174
-0.46000000834465026800 -0.00444849114865064621
-0.44999998807907104500 -0.00444709882140159607
-0.43999999761581420900 -0.00444638077169656754
-0.43000000715255737300 -0.00443770317360758782
-0.41999998688697814900 -0.00443454086780548096
-0.40999999642372131300 -0.00442395498976111412
-0.40000000596046447700 -0.00441589718684554100
-0.38999998569488525400 -0.00441290810704231262
-0.37999999523162841800 -0.00441690022125840187
-0.37000000476837158200 -0.00443056179210543633
-0.36000001430511474600 -0.00442726211622357369
-0.34999999403953552200 -0.00442844210192561150
-0.34000000357627868600 -0.00444007292389869690
-0.33000001311302185100 -0.00442607700824737549
-0.31999999284744262700 -0.00442589819431304932
-0.31000000238418579100 -0.00442382320761680603
-0.30000001192092895500 -0.00440736021846532822
-0.28999999165534973100 -0.00440372712910175324
-0.28000000119209289500 -0.00441890815272927284
-0.27000001072883606000 -0.00441833306103944779
-0.25999999046325683600 -0.00441673398017883301
-0.25000000000000000000 -0.00442708190530538559
-0.23999999463558197000 -0.00442439690232276917
-0.23000000417232513400 -0.00441042194142937660
-0.21999999880790710400 -0.00441942922770977020
-0.20999999344348907500 -0.00440754415467381478
-0.20000000298023223900 -0.00439014378935098648
-0.18999999761581420900 -0.00440402282401919365
-0.18000000715255737300 -0.00440397812053561211
-0.17000000178813934300 -0.00440547615289688110
-0.15999999642372131300 -0.00441455421969294548
-0.15000000596046447800 -0.00441435119137167931
-0.14000000059604644800 -0.00441033579409122467
-0.12999999523162841800 -0.00440892018377780914
-0.11999999731779098500 -0.00440616579726338387
-0.10999999940395355200 -0.00439501414075493813
-0.10000000149011611900 -0.00438771210610866547
-0.09000000357627868650 -0.00438710488379001618
-0.07999999821186065670 -0.00438926788046956062
-0.07000000029802322390 -0.00439872220158576965
-0.05999999865889549260 -0.00439989380538463593
-0.05000000074505805970 -0.00440064584836363793
-0.03999999910593032840 -0.00440732296556234360
-0.02999999932944774630 -0.00439208513125777245
-0.01999999955296516420 -0.00439138198271393776
-0.00999999977648258210 -0.00439116498455405235
0.00000000000000000000 -0.00437071919441223145
0.00999999977648258210 -0.00437401607632637024
0.01999999955296516420 -0.00438239378854632378
0.02999999932944774630 -0.00438614003360271454
0.03999999910593032840 -0.00437766918912529946
0.05000000074505805970 -0.00439070491120219231
0.05999999865889549260 -0.00438567902892827988
0.07000000029802322390 -0.00437138183042407036
0.07999999821186065670 -0.00436721602454781532
0.09000000357627868650 -0.00435554981231689453
0.10000000149011611900 -0.00433510309085249901
0.10999999940395355200 -0.00434031989425420761
0.11999999731779098500 -0.00434242421761155129
0.12999999523162841800 -0.00433683488517999649
0.14000000059604644800 -0.00434509711340069771
0.15000000596046447800 -0.00434673484414815903
0.15999999642372131300 -0.00433223415166139603
0.17000000178813934300 -0.00431620981544256210
0.18000000715255737300 -0.00430811382830142975
0.18999999761581420900 -0.00429005594924092293
0.20000000298023223900 -0.00427526701241731644
0.20999999344348907500 -0.00427122414112091065
0.21999999880790710400 -0.00426235981285572052
0.23000000417232513400 -0.00426431093364953995
0.23999999463558197000 -0.00424972409382462502
0.25000000000000000000 -0.00424473406746983528
0.25999999046325683600 -0.00423275679349899292
0.27000001072883606000 -0.00420159799978137016
0.28000000119209289500 -0.00418645888566970825
0.28999999165534973100 -0.00416259514167904854
0.30000001192092895500 -0.00412771105766296387
0.31000000238418579100 -0.00410234695300459862
0.31999999284744262700 -0.00408544996753334999
0.33000001311302185100 -0.00405160384252667427
0.34000000357627868600 -0.00401349691674113274
0.34999999403953552200 -0.00398604385554790497
0.36000001430511474600 -0.00392978405579924584
0.37000000476837158200 -0.00386390602216124535
0.37999999523162841800 -0.00382229988463222981
0.38999998569488525400 -0.00374810094945132732
0.40000000596046447700 -0.00366689590737223625
0.40999999642372131300 -0.00359975500032305718
0.41999998688697814900 -0.00351417902857065201
0.43000000715255737300 -0.00342399301007390022
0.43999999761581420900 -0.00333157600834965706
0.44999998807907104500 -0.00322694098576903343
0.46000000834465026800 -0.00310729094780981541
0.46999999880790710400 -0.00298887910321354866
0.47999998927116394000 -0.00285957707092165947
0.49000000953674316400 -0.00271283788606524468
0.50000000000000000000 -0.00257381098344922066
0.50999999046325683600 -0.00242702988907694817
0.51999998092651367200 -0.00227617006748914719
0.52999997138977050800 -0.00212694401852786541
0.54000002145767211900 -0.00196551391854882240
0.55000001192092895500 -0.00180023896973580122
0.56000000238418579100 -0.00163204001728445292
0.56999999284744262700 -0.00145746394991874695
0.57999998331069946300 -0.00128310197032988071
0.58999997377395629900 -0.00110652798321098089
0.60000002384185791000 -0.00095655437326058745
0.61000001430511474600 -0.00077161501394584775
0.62000000476837158200 -0.00059213500935584307
0.62999999523162841800 -0.00041220791172236204
0.63999998569488525400 -0.00023615799727849662
0.64999997615814209000 -0.00007463889778591692
0.66000002622604370100 0.00005715596125810407
0.67000001668930053700 0.00027305568801239133
0.68000000715255737300 0.00045275039155967534
0.68999999761581420900 0.00063183117890730500
0.69999998807907104500 0.00081133557250723243
0.70999997854232788100 0.00099215493537485600
0.72000002861022949200 0.00116588803939521313
0.73000001907348632800 0.00135515502188354731
0.74000000953674316400 0.00154543400276452303
0.75000000000000000000 0.00173977098893374205
0.75999999046325683600 0.00193797901738435030
0.76999998092651367200 0.00213965889997780323
0.77999997138977050800 0.00234495801851153374
0.79000002145767211900 0.00255761691369116306
0.80000001192092895500 0.00277413008734583855
0.81000000238418579100 0.00299521489068865776
0.81999999284744262700 0.00322399102151393890
0.82999998331069946300 0.00346030690707266331
0.83999997377395629900 0.00370236206799745560
0.85000002384185791000 0.00395084498450160027
0.86000001430511474600 0.00420833006501197815
0.87000000476837158200 0.00446712318807840347
0.87999999523162841800 0.00472989119589328766
0.88999998569488525400 0.00500665791332721710
0.89999997615814209000 0.00528004486113786698
0.91000002622604370100 0.00556197296828031540
0.92000001668930053700 0.00586016196757555008
0.93000000715255737300 0.00615990208461880684
0.93999999761581420900 0.00646632397547364235
0.94999998807907104500 0.00678244978189468384
0.95999997854232788100 0.00710308691486716271
0.97000002861022949200 0.00741827581077814102
0.98000001907348632800 0.00774591695517301560
0.99000000953674316400 0.00807930529117584229
1.00000000000000000000 0.00841021910309791565
