-1.00000000000000000000 -0.00454574078321456909
-0.99000000953674316400 -0.00454718712717294693
-0.98000001907348632800 -0.00454973801970481873
-0.97000002861022949200 -0.00456252787262201309
-0.95999997854232788100 -0.00456380378454923630
-0.94999998807907104500 -0.00456705316901206970
-0.93999999761581420900 -0.00456943316385149956
-0.93000000715255737300 -0.00455681607127189636
-0.92000001668930053700 -0.00455416087061166763
-0.91000002622604370100 -0.00455475784838199616
-0.89999997615814209000 -0.00454197777435183525
-0.88999998569488525400 -0.00454350979998707771
-0.87999999523162841800 -0.00455975299701094628
-0.87000000476837158200 -0.00455718394368886948
-0.86000001430511474600 -0.00455283094197511673
-0.85000002384185791000 -0.00456280820071697235
-0.83999997377395629900 -0.00455848220735788345
-0.82999998331069946300 -0.00454244902357459068
-0.81999999284744262700 -0.00455203512683510780
-0.81000000238418579100 -0.00454104319214820862
-0.80000001192092895500 -0.00452205818146467209
-0.79000002145767211900 -0.00453257607296109200
-0.77999997138977050800 -0.00453234789893031120
-0.76999998092651367200 -0.00453155301511287689
-0.75999999046325683600 -0.00454375008121132851
-0.75000000000000000000 -0.00454909494146704674
-0.74000000953674316400 -0.00453823478892445564
-0.73000001907348632800 -0.00453823897987604141
-0.72000002861022949200 -0.00453684199601411820
-0.70999997854232788100 -0.00451186299324035645
-0.69999998807907104500 -0.00450864620506763458
-0.68999999761581420900 -0.00451024994254112244
-0.68000000715255737300 -0.00451282318681478500
-0.67000001668930053700 -0.00452388683333992958
-0.66000002622604370100 -0.00452468311414122582
-0.64999997615814209000 -0.00452383700758218765
-0.63999998569488525400 -0.00451755104586482048
-0.62999999523162841800 -0.00450564408674836159
-0.62000000476837158200 -0.00450300797820091248
-0.61000001430511474600 -0.00449743401259183884
-0.60000002384185791000 -0.00449095200747251511
-0.58999997377395629900 -0.00449412781745195389
-0.57999998331069946300 -0.00450615398585796356
-0.56999999284744262700 -0.00450591882690787316
-0.56000000238418579100 -0.00450358120724558830
-0.55000001192092895500 -0.00452244980260729790
-0.54000002145767211900 -0.00450699077919125557
-0.52999997138977050800 -0.00450213998556137085
-0.51999998092651367200 -0.00450780615210533142
-0.50999999046325683600 -0.00448558898642659187
-0.50000000000000000000 -0.00448358897119760513
-0.49000000953674316400 -0.00450645992532372475
-0.47999998927116394000 -0.00451294705271720886
-0.46999999880790710400 -0.00450734002515673638
-0.46000000834465026800 -0.00452229985967278481
-0.44999998807907104500 -0.00452420301735401154
-0.43999999761581420900 -0.00451296521350741387
-0.43000000715255737300 -0.00452122790738940239
-0.41999998688697814900 -0.00451768701896071434
-0.40999999642372131300 -0.00449115410447120667
-0.40000000596046447700 -0.00450139399617910385
-0.38999998569488525400 -0.00450794817879796028
-0.37999999523162841800 -0.00450906204059720040
-0.37000000476837158200 -0.00452221883460879326
-0.36000001430511474600 -0.00452259182929992676
-0.34999999403953552200 -0.00452296482399106026
-0.34000000357627868600 -0.00452698115259408951
-0.33000001311302185100 -0.00452367216348648071
-0.31999999284744262700 -0.00451746722683310509
-0.31000000238418579100 -0.00450673978775739670
-0.30000001192092895500 -0.00450764317065477371
-0.28999999165534973100 -0.00451044412329792977
-0.28000000119209289500 -0.00452170614153146744
-0.27000001072883606000 -0.00451913988217711449
-0.25999999046325683600 -0.00453251693397760391
-0.25000000000000000000 -0.00453973421826958656
-0.23999999463558197000 -0.00452530989423394203
-0.23000000417232513400 -0.00452714180573821068
-0.21999999880790710400 -0.00452299416065216065
-0.20999999344348907500 -0.00450388621538877487
-0.20000000298023223900 -0.00450639985501766205
-0.18999999761581420900 -0.00452949292957782746
-0.18000000715255737300 -0.00452614715322852135
-0.17000000178813934300 -0.00452996697276830673
-0.15999999642372131300 -0.00454049883410334587
-0.15000000596046447800 -0.00453496398404240608
-0.14000000059604644800 -0.00452300393953919411
-0.12999999523162841800 -0.00453250482678413391
-0.11999999731779098500 -0.00451976107433438301
-0.10999999940395355200 -0.00450914911925792694
-0.10000000149011611900 -0.00452470313757658005
-0.09000000357627868650 -0.00452195201069116593
-0.07999999821186065670 -0.00452736904844641686
-0.07000000029802322390 -0.00453401403501629830
-0.05999999865889549260 -0.00453889602795243263
-0.05000000074505805970 -0.00453131087124347687
-0.03999999910593032840 -0.00452423002570867539
-0.02999999932944774630 -0.00451962696388363838
-0.01999999955296516420 -0.00451290281489491463
-0.00999999977648258210 -0.00450330181047320366
0.00000000000000000000 -0.00450150389224290848
0.00999999977648258210 -0.00450539495795965195
0.01999999955296516420 -0.00451418710872530937
0.02999999932944774630 -0.00451506907120347023
0.03999999910593032840 -0.00451233377680182457
0.05000000074505805970 -0.00452310778200626373
0.05999999865889549260 -0.00450892420485615730
0.07000000029802322390 -0.00450543221086263657
0.07999999821186065670 -0.00450344197452068329
0.09000000357627868650 -0.00448154797777533531
0.10000000149011611900 -0.00447961222380399704
0.10999999940395355200 -0.00449091382324695587
0.11999999731779098500 -0.00448877597227692604
0.12999999523162841800 -0.00448703113943338394
0.14000000059604644800 -0.00449834484606981278
0.15000000596046447800 -0.00448854314163327217
0.15999999642372131300 -0.00447598984465003014
0.17000000178813934300 -0.00448184181004762650
0.18000000715255737300 -0.00446403911337256432
0.18999999761581420900 -0.00444371998310089111
0.20000000298023223900 -0.00444627320393919945
0.20999999344348907500 -0.00444279098883271218
0.21999999880790710400 -0.00443764589726924896
0.23000000417232513400 -0.00443787919357419014
0.23999999463558197000 -0.00442826794460415840
0.25000000000000000000 -0.00441556377336382866
0.25999999046325683600 -0.00439711799845099449
0.27000001072883606000 -0.00438148900866508484
0.28000000119209289500 -0.00435883179306983948
0.28999999165534973100 -0.00433121994137763977
0.30000001192092895500 -0.00431090919300913811
0.31000000238418579100 -0.00429188786074519158
0.31999999284744262700 -0.00427362602204084396
0.33000001311302185100 -0.00424449797719717026
0.34000000357627868600 -0.00421397620812058449
0.34999999403953552200 -0.00417724577710032463
0.36000001430511474600 -0.00411884486675262451
0.37000000476837158200 -0.00407275790348649025
0.37999999523162841800 -0.00401399610564112663
0.38999998569488525400 -0.00393512798473238945
0.40000000596046447700 -0.00386928697116672993
0.40999999642372131300 -0.00380289694294333458
0.41999998688697814900 -0.00371694704517722130
0.43000000715255737300 -0.00362705090083181858
0.43999999761581420900 -0.00353537406772375107
0.44999998807907104500 -0.00342302909120917320
0.46000000834465026800 -0.00329891894944012165
0.46999999880790710400 -0.00318167801015079022
0.47999998927116394000 -0.00304206809960305691
0.49000000953674316400 -0.00289626000449061394
0.50000000000000000000 -0.00275695696473121643
0.50999999046325683600 -0.00260632392019033432
0.51999998092651367200 -0.00245200190693140030
0.52999997138977050800 -0.00229366705752909184
0.54000002145767211900 -0.00212891888804733753
0.55000001192092895500 -0.00195591803640127182
0.56000000238418579100 -0.00178100203629583120
0.56999999284744262700 -0.00160481396596878767
0.57999998331069946300 -0.00142566498834639788
0.58999997377395629900 -0.00124588597100228071
0.60000002384185791000 -0.00106790801510214806
0.61000001430511474600 -0.00091364351101219654
0.62000000476837158200 -0.00072384887607768178
0.62999999523162841800 -0.00054548378102481365
0.63999998569488525400 -0.00037062278715893626
0.64999997615814209000 -0.00019751679792534560
0.66000002622604370100 -0.00003766297959373333
0.67000001668930053700 0.00012726610293611884
0.68000000715255737300 0.00030145791242830455
0.68999999761581420900 0.00047367619117721915
0.69999998807907104500 0.00064404931617900729
0.70999997854232788100 0.00081469560973346233
0.72000002861022949200 0.00098671624436974525
0.73000001907348632800 0.00115197896957397461
0.74000000953674316400 0.00133086496498435736
0.75000000000000000000 0.00151150999590754509
0.75999999046325683600 0.00169522501528263092
0.76999998092651367200 0.00188199698459357023
0.77999997138977050800 0.00207393197342753410
0.79000002145767211900 0.00227023288607597351
0.80000001192092895500 0.00247040390968322754
0.81000000238418579100 0.00267853494733572006
0.81999999284744262700 0.00289373402483761311
0.82999998331069946300 0.00311514106579124928
0.83999997377395629900 0.00334184197708964348
0.85000002384185791000 0.00357632292434573174
0.86000001430511474600 0.00381756690330803394
0.87000000476837158200 0.00406035920605063439
0.87999999523162841800 0.00431381817907094956
0.88999998569488525400 0.00457418989390134812
0.89999997615814209000 0.00483408803120255470
0.91000002622604370100 0.00510965986177325249
0.92000001668930053700 0.00539475400000810623
0.93000000715255737300 0.00568251591175794602
0.93999999761581420900 0.00597920082509517670
0.94999998807907104500 0.00628623180091381073
0.95999997854232788100 0.00659379176795482636
0.97000002861022949200 0.00690513476729393006
0.98000001907348632800 0.00723327603191137314
0.99000000953674316400 0.00755901401862502098
1.00000000000000000000 0.00788743887096643448
