-1.00000000000000000000 -0.00461331801488995552
-0.99000000953674316400 -0.00460231909528374672
-0.98000001907348632800 -0.00460706185549497605
-0.97000002861022949200 -0.00459040980786085129
-0.95999997854232788100 -0.00458195479586720467
-0.94999998807907104500 -0.00459972722455859184
-0.93999999761581420900 -0.00460153119638562203
-0.93000000715255737300 -0.00460015377029776573
-0.92000001668930053700 -0.00461255200207233429
-0.91000002622604370100 -0.00461547495797276497
-0.89999997615814209000 -0.00460236985236406326
-0.88999998569488525400 -0.00460801180452108383
-0.87999999523162841800 -0.00460345391184091568
-0.87000000476837158200 -0.00458442978560924530
-0.86000001430511474600 -0.00458911387249827385
-0.85000002384185791000 -0.00459521822631359100
-0.83999997377395629900 -0.00459280889481306076
-0.82999998331069946300 -0.00460750190541148186
-0.81999999284744262700 -0.00460594287142157555
-0.81000000238418579100 -0.00460780877619981766
-0.80000001192092895500 -0.00460788421332836151
-0.79000002145767211900 -0.00460147485136985779
-0.77999997138977050800 -0.00459387293085455895
-0.76999998092651367200 -0.00458916323259472847
-0.75999999046325683600 -0.00458638602867722511
-0.75000000000000000000 -0.00458568707108497620
-0.74000000953674316400 -0.00460021896287798882
-0.73000001907348632800 -0.00459824502468109131
-0.72000002861022949200 -0.00460242899134755135
-0.70999997854232788100 -0.00461565284058451653
-0.69999998807907104500 -0.00460480991750955582
-0.68999999761581420900 -0.00458929082378745079
-0.68000000715255737300 -0.00459387199953198433
-0.67000001668930053700 -0.00457244319841265679
-0.66000002622604370100 -0.00456762500107288361
-0.64999997615814209000 -0.00458485912531614304
-0.63999998569488525400 -0.00458519300445914269
-0.62999999523162841800 -0.00458750780671834946
-0.62000000476837158200 -0.00459593487903475762
-0.61000001430511474600 -0.00459831114858388901
-0.60000002384185791000 -0.00457860017195343971
-0.58999997377395629900 -0.00458567077293992043
-0.57999998331069946300 -0.00457686977460980416
-0.56999999284744262700 -0.00455363001674413681
-0.56000000238418579100 -0.00456640403717756272
-0.55000001192092895500 -0.00456643709912896156
-0.54000002145767211900 -0.00456180376932024956
-0.52999997138977050800 -0.00456870812922716141
-0.51999998092651367200 -0.00457184901461005211
-0.50999999046325683600 -0.00457076681777834892
-0.50000000000000000000 -0.00457035098224878311
-0.49000000953674316400 -0.00456371996551752091
-0.47999998927116394000 -0.00455247191712260246
-0.46999999880790710400 -0.00454824883490800858
-0.46000000834465026800 -0.00454320013523101807
-0.44999998807907104500 -0.00454764394089579582
-0.43999999761581420900 -0.00455899490043520928
-0.43000000715255737300 -0.00455878581851720810
-0.41999998688697814900 -0.00455839280039072037
-0.40999999642372131300 -0.00457338383421301842
-0.40000000596046447700 -0.00456051900982856751
-0.38999998569488525400 -0.00455557601526379585
-0.37999999523162841800 -0.00455694878473877907
-0.37000000476837158200 -0.00453771883621811867
-0.36000001430511474600 -0.00453479215502738953
-0.34999999403953552200 -0.00455007795244455338
-0.34000000357627868600 -0.00454980088397860527
-0.33000001311302185100 -0.00454700877889990807
-0.31999999284744262700 -0.00456033600494265556
-0.31000000238418579100 -0.00456167198717594147
-0.30000001192092895500 -0.00454919179901480675
-0.28999999165534973100 -0.00455830479040741921
-0.28000000119209289500 -0.00454836990684270859
-0.27000001072883606000 -0.00452847080305218697
-0.25999999046325683600 -0.00453745620325207710
-0.25000000000000000000 -0.00454075494781136513
-0.23999999463558197000 -0.00454880902543663979
-0.23000000417232513400 -0.00456333300098776817
-0.21999999880790710400 -0.00456029782071709633
-0.20999999344348907500 -0.00456223683431744576
-0.20000000298023223900 -0.00456195883452892304
-0.18999999761581420900 -0.00455523515120148659
-0.18000000715255737300 -0.00454683694988489151
-0.17000000178813934300 -0.00453804386779665947
-0.15999999642372131300 -0.00454030791297554970
-0.15000000596046447800 -0.00454015797004103661
-0.14000000059604644800 -0.00455422792583703995
-0.12999999523162841800 -0.00455247377976775170
-0.11999999731779098500 -0.00455578695982694626
-0.10999999940395355200 -0.00456832908093929291
-0.10000000149011611900 -0.00455463398247957230
-0.09000000357627868650 -0.00455044303089380264
-0.07999999821186065670 -0.00455137901008129120
-0.07000000029802322390 -0.00453123915940523148
-0.05999999865889549260 -0.00452852202579379082
-0.05000000074505805970 -0.00454606814309954643
-0.03999999910593032840 -0.00454315077513456345
-0.02999999932944774630 -0.00454229814931750298
-0.01999999955296516420 -0.00455208308994770050
-0.00999999977648258210 -0.00455135898664593697
0.00000000000000000000 -0.00453678099438548088
0.00999999977648258210 -0.00454547908157110214
0.01999999955296516420 -0.00453880196437239647
0.02999999932944774630 -0.00451495777815580368
0.03999999910593032840 -0.00452827615663409233
0.05000000074505805970 -0.00452157203108072281
0.05999999865889549260 -0.00452207820490002632
0.07000000029802322390 -0.00453228317201137543
0.07999999821186065670 -0.00453245081007480621
0.09000000357627868650 -0.00453097419813275337
0.10000000149011611900 -0.00452852481976151466
0.10999999940395355200 -0.00451836688444018364
0.11999999731779098500 -0.00450745504349470139
0.12999999523162841800 -0.00449982285499572754
0.14000000059604644800 -0.00448933988809585571
0.15000000596046447800 -0.00448474613949656487
0.15999999642372131300 -0.00448894780129194260
0.17000000178813934300 -0.00448396801948547363
0.18000000715255737300 -0.00448143202811479569
0.18999999761581420900 -0.00448959320783615112
0.20000000298023223900 -0.00446920190006494522
0.20999999344348907500 -0.00445146812126040459
0.21999999880790710400 -0.00444585504010319710
0.23000000417232513400 -0.00441598100587725640
0.23999999463558197000 -0.00441309018060564995
0.25000000000000000000 -0.00441507901996374130
0.25999999046325683600 -0.00440487219020724297
0.27000001072883606000 -0.00439097685739398003
0.28000000119209289500 -0.00438984902575612068
0.28999999165534973100 -0.00437242211773991585
0.30000001192092895500 -0.00433831010013818741
0.31000000238418579100 -0.00432661501690745354
0.31999999284744262700 -0.00429386179894208908
0.33000001311302185100 -0.00424866378307342529
0.34000000357627868600 -0.00423244712874293327
0.34999999403953552200 -0.00420200498774647713
0.36000001430511474600 -0.00415823701769113541
0.37000000476837158200 -0.00412658508867025376
0.37999999523162841800 -0.00407750485464930534
0.38999998569488525400 -0.00402099592611193657
0.40000000596046447700 -0.00395791092887520790
0.40999999642372131300 -0.00388748804107308388
0.41999998688697814900 -0.00380240194499492645
0.43000000715255737300 -0.00371166295371949673
0.43999999761581420900 -0.00362312304787337780
0.44999998807907104500 -0.00352067709900438786
0.46000000834465026800 -0.00341909099370241165
0.46999999880790710400 -0.00329966610297560692
0.47999998927116394000 -0.00317651592195034027
0.49000000953674316400 -0.00304495589807629585
0.50000000000000000000 -0.00289428397081792355
0.50999999046325683600 -0.00274774990975856781
0.51999998092651367200 -0.00259229307994246483
0.52999997138977050800 -0.00241856393404304981
0.54000002145767211900 -0.00225006998516619206
0.55000001192092895500 -0.00208087894134223461
0.56000000238418579100 -0.00190070003736764193
0.56999999284744262700 -0.00171779503580182791
0.57999998331069946300 -0.00153503695037215948
0.58999997377395629900 -0.00134519394487142563
0.60000002384185791000 -0.00115119700785726309
0.61000001430511474600 -0.00098048930522054434
0.62000000476837158200 -0.00077958282781764865
0.62999999523162841800 -0.00058134947903454304
0.63999998569488525400 -0.00038639560807496309
0.64999997615814209000 -0.00019152619643136859
0.66000002622604370100 -0.00002323901026102249
0.67000001668930053700 0.00016705269808880985
0.68000000715255737300 0.00036644621286541224
0.68999999761581420900 0.00056481792125850916
0.69999998807907104500 0.00076034938683733344
0.70999997854232788100 0.00095467991195619106
0.72000002861022949200 0.00114325201138854027
0.73000001907348632800 0.00134442001581192017
0.74000000953674316400 0.00154481898061931133
0.75000000000000000000 0.00174846895970404148
0.75999999046325683600 0.00195467006415128708
0.76999998092651367200 0.00216453010216355324
0.77999997138977050800 0.00237951707094907761
0.79000002145767211900 0.00259805796667933464
0.80000001192092895500 0.00281870388425886631
0.81000000238418579100 0.00304790004156529904
0.81999999284744262700 0.00327988201752305031
0.82999998331069946300 0.00351451011374592781
0.83999997377395629900 0.00376107404008507729
0.85000002384185791000 0.00401198212057352066
0.86000001430511474600 0.00426980806514620781
0.87000000476837158200 0.00453606806695461273
0.87999999523162841800 0.00480654696002602577
0.88999998569488525400 0.00508346501737833023
0.89999997615814209000 0.00536704715341329575
0.91000002622604370100 0.00565696693956851959
0.92000001668930053700 0.00595156615599989891
0.93000000715255737300 0.00625088298693299294
0.93999999761581420900 0.00656500691547989846
0.94999998807907104500 0.00688419304788112641
0.95999997854232788100 0.00721312081441283226
0.97000002861022949200 0.00754481879994273186
0.98000001907348632800 0.00788778066635131836
0.99000000953674316400 0.00823693815618753434
1.00000000000000000000 0.00858297385275363922
