-1.00000000000000000000 -0.00468288781121373177
-0.99000000953674316400 -0.00469779409468173981
-0.98000001907348632800 -0.00469844881445169449
-0.97000002861022949200 -0.00469733821228146553
-0.95999997854232788100 -0.00471560098230838776
-0.94999998807907104500 -0.00470090378075838089
-0.93999999761581420900 -0.00469035422429442406
-0.93000000715255737300 -0.00469734985381364823
-0.92000001668930053700 -0.00468286499381065369
-0.91000002622604370100 -0.00467256177216768265
-0.89999997615814209000 -0.00468771019950509072
-0.88999998569488525400 -0.00468914583325386048
-0.87999999523162841800 -0.00469109322875738144
-0.87000000476837158200 -0.00470295688137412071
-0.86000001430511474600 -0.00470319716259837151
-0.85000002384185791000 -0.00469506578519940376
-0.83999997377395629900 -0.00469606695696711540
-0.82999998331069946300 -0.00469036214053630829
-0.81999999284744262700 -0.00467599323019385338
-0.81000000238418579100 -0.00467582792043685913
-0.80000001192092895500 -0.00467777298763394356
-0.79000002145767211900 -0.00468103401362895966
-0.77999997138977050800 -0.00469384808093309403
-0.76999998092651367200 -0.00468946108594536781
-0.75999999046325683600 -0.00470135593786835671
-0.75000000000000000000 -0.00469836592674255371
-0.74000000953674316400 -0.00468599516898393631
-0.73000001907348632800 -0.00468737399205565453
-0.72000002861022949200 -0.00467697903513908386
-0.70999997854232788100 -0.00466977106407284737
-0.69999998807907104500 -0.00467490078881382942
-0.68999999761581420900 -0.00468424288555979729
-0.68000000715255737300 -0.00468119280412793160
-0.67000001668930053700 -0.00469291210174560547
-0.66000002622604370100 -0.00468760589137673378
-0.64999997615814209000 -0.00467674387618899346
-0.63999998569488525400 -0.00467306515201926232
-0.62999999523162841800 -0.00466855010017752648
-0.62000000476837158200 -0.00464728381484746933
-0.61000001430511474600 -0.00464607402682304382
-0.60000002384185791000 -0.00465664686635136604
-0.58999997377395629900 -0.00465113902464509010
-0.57999998331069946300 -0.00466588186100125313
-0.56999999284744262700 -0.00466775894165039063
-0.56000000238418579100 -0.00466902786865830422
-0.55000001192092895500 -0.00466995500028133392
-0.54000002145767211900 -0.00465913582593202591
-0.52999997138977050800 -0.00465510087087750435
-0.51999998092651367200 -0.00465442193672060967
-0.50999999046325683600 -0.00465911300852894783
-0.50000000000000000000 -0.00465559586882591248
-0.49000000953674316400 -0.00467396900057792664
-0.47999998927116394000 -0.00467944098636507988
-0.46999999880790710400 -0.00468302285298705101
-0.46000000834465026800 -0.00469923578202724457
-0.44999998807907104500 -0.00469209300354123116
-0.43999999761581420900 -0.00467607192695140839
-0.43000000715255737300 -0.00468563009053468704
-0.41999998688697814900 -0.00466897292062640190
-0.40999999642372131300 -0.00465503195300698280
-0.40000000596046447700 -0.00467478297650814057
-0.38999998569488525400 -0.00467349682003259659
-0.37999999523162841800 -0.00467515317723155022
-0.37000000476837158200 -0.00468821590766310692
-0.36000001430511474600 -0.00469908211380243302
-0.34999999403953552200 -0.00468777213245630264
-0.34000000357627868600 -0.00469048321247100830
-0.33000001311302185100 -0.00469084177166223526
-0.31999999284744262700 -0.00467575713992118836
-0.31000000238418579100 -0.00468143913894891739
-0.30000001192092895500 -0.00468159420415759087
-0.28999999165534973100 -0.00468535395339131355
-0.28000000119209289500 -0.00469780294224619866
-0.27000001072883606000 -0.00469868816435337067
-0.25999999046325683600 -0.00469918595626950264
-0.25000000000000000000 -0.00469975080341100693
-0.23999999463558197000 -0.00469119520857930184
-0.23000000417232513400 -0.00468750577419996262
-0.21999999880790710400 -0.00467708194628357887
-0.20999999344348907500 -0.00467239692807197571
-0.20000000298023223900 -0.00467658182606101036
-0.18999999761581420900 -0.00468862801790237427
-0.18000000715255737300 -0.00468686409294605255
-0.17000000178813934300 -0.00469214795157313347
-0.15999999642372131300 -0.00470077386125922203
-0.15000000596046447800 -0.00468513881787657738
-0.14000000059604644800 -0.00468406220898032189
-0.12999999523162841800 -0.00468465220183134079
-0.11999999731779098500 -0.00466111302375793457
-0.10999999940395355200 -0.00466720201075077057
-0.10000000149011611900 -0.00467420695349574089
-0.09000000357627868650 -0.00467372406274080277
-0.07999999821186065670 -0.00468004914000630379
-0.07000000029802322390 -0.00468884781002998352
-0.05999999865889549260 -0.00468664197251200676
-0.05000000074505805970 -0.00468390388414263725
-0.03999999910593032840 -0.00468077696859836579
-0.02999999932944774630 -0.00467054685577750206
-0.01999999955296516420 -0.00466248020529747009
-0.00999999977648258210 -0.00465848483145236969
0.00000000000000000000 -0.00466023199260234833
0.00999999977648258210 -0.00466501992195844650
0.01999999955296516420 -0.00467654177919030190
0.02999999932944774630 -0.00467032799497246742
0.03999999910593032840 -0.00468089291825890541
0.05000000074505805970 -0.00467663398012518883
0.05999999865889549260 -0.00466281315311789513
0.07000000029802322390 -0.00466423295438289642
0.07999999821186065670 -0.00465454021468758583
0.09000000357627868650 -0.00462900521233677864
0.10000000149011611900 -0.00463753100484609604
0.10999999940395355200 -0.00464166095480322838
0.11999999731779098500 -0.00463017588481307030
0.12999999523162841800 -0.00463061686605215073
0.14000000059604644800 -0.00463355286046862602
0.15000000596046447800 -0.00461956718936562538
0.15999999642372131300 -0.00460955081507563591
0.17000000178813934300 -0.00461093895137310028
0.18000000715255737300 -0.00458842096850275994
0.18999999761581420900 -0.00458271894603967667
0.20000000298023223900 -0.00458030123263597489
0.20999999344348907500 -0.00457153189927339554
0.21999999880790710400 -0.00457768794149160385
0.23000000417232513400 -0.00456880312412977219
0.23999999463558197000 -0.00456446316093206406
0.25000000000000000000 -0.00455356109887361527
0.25999999046325683600 -0.00453018909320235253
0.27000001072883606000 -0.00451155705377459526
0.28000000119209289500 -0.00449163885787129402
0.28999999165534973100 -0.00446235481649637222
0.30000001192092895500 -0.00444051902741193772
0.31000000238418579100 -0.00443257391452789307
0.31999999284744262700 -0.00440778583288192749
0.33000001311302185100 -0.00437909690663218498
0.34000000357627868600 -0.00435988698154687882
0.34999999403953552200 -0.00431685382500290871
0.36000001430511474600 -0.00425593601539731026
0.37000000476837158200 -0.00421677390113472939
0.37999999523162841800 -0.00415374711155891419
0.38999998569488525400 -0.00408402876928448677
0.40000000596046447700 -0.00402599899098277092
0.40999999642372131300 -0.00395275885239243508
0.41999998688697814900 -0.00386758591048419476
0.43000000715255737300 -0.00378339109010994434
0.43999999761581420900 -0.00368651188910007477
0.44999998807907104500 -0.00357162998989224434
0.46000000834465026800 -0.00345185305923223496
0.46999999880790710400 -0.00332560902461409569
0.47999998927116394000 -0.00318410294130444527
0.49000000953674316400 -0.00303429691120982170
0.50000000000000000000 -0.00288831908255815506
0.50999999046325683600 -0.00273173698224127293
0.51999998092651367200 -0.00257282191887497902
0.52999997138977050800 -0.00240612705238163471
0.54000002145767211900 -0.00223410502076148987
0.55000001192092895500 -0.00205977703444659710
0.56000000238418579100 -0.00187203602399677038
0.56999999284744262700 -0.00168708700221031904
0.57999998331069946300 -0.00150046800263226032
0.58999997377395629900 -0.00130483601242303848
0.60000002384185791000 -0.00111451104748994112
0.61000001430511474600 -0.00094916822854429483
0.62000000476837158200 -0.00074523792136460543
0.62999999523162841800 -0.00055091577814891934
0.63999998569488525400 -0.00036135531263425946
0.64999997615814209000 -0.00017258089792449027
0.66000002622604370100 0.00000207333209800709
0.67000001668930053700 0.00018027350597549230
0.68000000715255737300 0.00037168920971453190
0.68999999761581420900 0.00056025449885055423
0.69999998807907104500 0.00074752909131348133
0.70999997854232788100 0.00093306979397311807
0.72000002861022949200 0.00111057097092270851
0.73000001907348632800 0.00130211398936808109
0.74000000953674316400 0.00149268505629152060
0.75000000000000000000 0.00168515904806554318
0.75999999046325683600 0.00188066996634006500
0.76999998092651367200 0.00208019395358860493
0.77999997138977050800 0.00228384602814912796
0.79000002145767211900 0.00249149301089346409
0.80000001192092895500 0.00270486599765717983
0.81000000238418579100 0.00292169000022113323
0.81999999284744262700 0.00314232194796204567
0.82999998331069946300 0.00337219890207052231
0.83999997377395629900 0.00360489194281399250
0.85000002384185791000 0.00384192797355353832
0.86000001430511474600 0.00409007305279374123
0.87000000476837158200 0.00434280699118971825
0.87999999523162841800 0.00460238801315426827
0.88999998569488525400 0.00487024616450071335
0.89999997615814209000 0.00514176208525896073
0.91000002622604370100 0.00541966082528233528
0.92000001668930053700 0.00570445787161588669
0.93000000715255737300 0.00599322980269789696
0.93999999761581420900 0.00628826394677162171
0.94999998807907104500 0.00659322086721658707
0.95999997854232788100 0.00690397713333368302
0.97000002861022949200 0.00722500309348106384
0.98000001907348632800 0.00755566498264670372
0.99000000953674316400 0.00788968708366155625
1.00000000000000000000 0.00823061354458332062
