-1.00000000000000000000 -0.00477871112525463104
-0.99000000953674316400 -0.00479186885058879852
-0.98000001907348632800 -0.00478765415027737618
-0.97000002861022949200 -0.00478079402819275856
-0.95999997854232788100 -0.00478744413703680039
-0.94999998807907104500 -0.00477529084309935570
-0.93999999761581420900 -0.00475597381591796875
-0.93000000715255737300 -0.00476969499140977860
-0.92000001668930053700 -0.00476802699267864227
-0.91000002622604370100 -0.00477375881746411324
-0.89999997615814209000 -0.00478191487491130829
-0.88999998569488525400 -0.00478172581642866135
-0.87999999523162841800 -0.00478665111586451531
-0.87000000476837158200 -0.00477768806740641594
-0.86000001430511474600 -0.00477865478023886681
-0.85000002384185791000 -0.00477091502398252487
-0.83999997377395629900 -0.00475829513743519783
-0.82999998331069946300 -0.00475328508764505386
-0.81999999284744262700 -0.00476722512394189835
-0.81000000238418579100 -0.00477081397548317909
-0.80000001192092895500 -0.00477171503007411957
-0.79000002145767211900 -0.00478194095194339752
-0.77999997138977050800 -0.00478470511734485626
-0.76999998092651367200 -0.00476761115714907646
-0.75999999046325683600 -0.00477379886433482170
-0.75000000000000000000 -0.00476874411106109619
-0.74000000953674316400 -0.00474505219608545304
-0.73000001907348632800 -0.00475322594866156578
-0.72000002861022949200 -0.00476184999570250511
-0.70999997854232788100 -0.00476227095350623131
-0.69999998807907104500 -0.00477101420983672142
-0.68999999761581420900 -0.00477827480062842369
-0.68000000715255737300 -0.00477588921785354614
-0.67000001668930053700 -0.00476213078945875168
-0.66000002622604370100 -0.00475294701755046845
-0.64999997615814209000 -0.00474028103053569794
-0.63999998569488525400 -0.00472726579755544663
-0.62999999523162841800 -0.00473215011879801750
-0.62000000476837158200 -0.00473158480599522591
-0.61000001430511474600 -0.00474079884588718414
-0.60000002384185791000 -0.00474774977192282677
-0.58999997377395629900 -0.00474047707393765450
-0.57999998331069946300 -0.00475374422967433930
-0.56999999284744262700 -0.00474627595394849777
-0.56000000238418579100 -0.00473971012979745865
-0.55000001192092895500 -0.00474260980263352394
-0.54000002145767211900 -0.00472378218546509743
-0.52999997138977050800 -0.00472176587209105492
-0.51999998092651367200 -0.00473380601033568382
-0.50999999046325683600 -0.00473146094009280205
-0.50000000000000000000 -0.00472596101462841034
-0.49000000953674316400 -0.00474185589700937271
-0.47999998927116394000 -0.00474265590310096741
-0.46999999880790710400 -0.00473003322258591652
-0.46000000834465026800 -0.00473310891538858414
-0.44999998807907104500 -0.00473020179197192192
-0.43999999761581420900 -0.00470510497689247132
-0.43000000715255737300 -0.00471548596397042275
-0.41999998688697814900 -0.00472120102494955063
-0.40999999642372131300 -0.00471919123083353043
-0.40000000596046447700 -0.00473449705168604851
-0.38999998569488525400 -0.00473458785563707352
-0.37999999523162841800 -0.00473522208631038666
-0.37000000476837158200 -0.00473695388063788414
-0.36000001430511474600 -0.00473728822544217110
-0.34999999403953552200 -0.00472990004345774651
-0.34000000357627868600 -0.00472223898395895958
-0.33000001311302185100 -0.00472431723028421402
-0.31999999284744262700 -0.00471774488687515259
-0.31000000238418579100 -0.00473528914153575897
-0.30000001192092895500 -0.00473373616114258766
-0.28999999165534973100 -0.00473224697634577751
-0.28000000119209289500 -0.00474786199629306793
-0.27000001072883606000 -0.00473779207095503807
-0.25999999046325683600 -0.00472664088010787964
-0.25000000000000000000 -0.00473191076889634133
-0.23999999463558197000 -0.00471581378951668739
-0.23000000417232513400 -0.00470383604988455773
-0.21999999880790710400 -0.00473322579637169838
-0.20999999344348907500 -0.00474244402721524239
-0.20000000298023223900 -0.00474348990246653557
-0.18999999761581420900 -0.00475393421947956085
-0.18000000715255737300 -0.00475848000496625900
-0.17000000178813934300 -0.00474191410467028618
-0.15999999642372131300 -0.00474807992577552796
-0.15000000596046447800 -0.00474350713193416596
-0.14000000059604644800 -0.00472175795584917069
-0.12999999523162841800 -0.00472869118675589562
-0.11999999731779098500 -0.00473255990073084831
-0.10999999940395355200 -0.00472842995077371597
-0.10000000149011611900 -0.00474246684461832047
-0.09000000357627868650 -0.00474206218495965004
-0.07999999821186065670 -0.00474053202196955681
-0.07000000029802322390 -0.00473305908963084221
-0.05999999865889549260 -0.00470883119851350784
-0.05000000074505805970 -0.00470404513180255890
-0.03999999910593032840 -0.00470070401206612587
-0.02999999932944774630 -0.00469118589535355568
-0.01999999955296516420 -0.00469108391553163529
-0.00999999977648258210 -0.00470552500337362290
0.00000000000000000000 -0.00470486702397465706
0.00999999977648258210 -0.00469952821731567383
0.01999999955296516420 -0.00471886806190013886
0.02999999932944774630 -0.00470873387530446053
0.03999999910593032840 -0.00468872487545013428
0.05000000074505805970 -0.00469887582585215569
0.05999999865889549260 -0.00468678120523691178
0.07000000029802322390 -0.00466715311631560326
0.07999999821186065670 -0.00468223402276635170
0.09000000357627868650 -0.00468103913590312004
0.10000000149011611900 -0.00467673409730195999
0.10999999940395355200 -0.00468787085264921188
0.11999999731779098500 -0.00469041103497147560
0.12999999523162841800 -0.00467698089778423309
0.14000000059604644800 -0.00467238202691078186
0.15000000596046447800 -0.00466586276888847351
0.15999999642372131300 -0.00464815506711602211
0.17000000178813934300 -0.00464280322194099426
0.18000000715255737300 -0.00464114313945174217
0.18999999761581420900 -0.00463402783498167992
0.20000000298023223900 -0.00464359484612941742
0.20999999344348907500 -0.00463589187711477280
0.21999999880790710400 -0.00462980801239609718
0.23000000417232513400 -0.00463566090911626816
0.23999999463558197000 -0.00461208587512373924
0.25000000000000000000 -0.00460217706859111786
0.25999999046325683600 -0.00458864588290452957
0.27000001072883606000 -0.00456173578277230263
0.28000000119209289500 -0.00454649701714515686
0.28999999165534973100 -0.00454767188057303429
0.30000001192092895500 -0.00452409498393535614
0.31000000238418579100 -0.00450209015980362892
0.31999999284744262700 -0.00449057715013623238
0.33000001311302185100 -0.00445022387430071831
0.34000000357627868600 -0.00440247403457760811
0.34999999403953552200 -0.00437403982505202294
0.36000001430511474600 -0.00431710900738835335
0.37000000476837158200 -0.00425564683973789215
0.37999999523162841800 -0.00421266909688711167
0.38999998569488525400 -0.00415771501138806343
0.40000000596046447700 -0.00408746721222996712
0.40999999642372131300 -0.00402066204696893692
0.41999998688697814900 -0.00393963186070322991
0.43000000715255737300 -0.00383792701177299023
0.43999999761581420900 -0.00373501190915703774
0.44999998807907104500 -0.00362477195449173451
0.46000000834465026800 -0.00349577702581882477
0.46999999880790710400 -0.00337021704763174057
0.47999998927116394000 -0.00323664001189172268
0.49000000953674316400 -0.00309519399888813496
0.50000000000000000000 -0.00295295589603483677
0.50999999046325683600 -0.00279876100830733776
0.51999998092651367200 -0.00263587199151515961
0.52999997138977050800 -0.00247168191708624363
0.54000002145767211900 -0.00229210895486176014
0.55000001192092895500 -0.00211540702730417252
0.56000000238418579100 -0.00193335895892232657
0.56999999284744262700 -0.00174680398777127266
0.57999998331069946300 -0.00156187894754111767
0.58999997377395629900 -0.00137825903948396444
0.60000002384185791000 -0.00119103002361953259
0.61000001430511474600 -0.00100222497712820768
0.62000000476837158200 -0.00082900881534442306
0.62999999523162841800 -0.00063457171199843287
0.63999998569488525400 -0.00044463548692874610
0.64999997615814209000 -0.00025959769845940173
0.66000002622604370100 -0.00008339073974639177
0.67000001668930053700 0.00005503281136043370
0.68000000715255737300 0.00027734969626180828
0.68999999761581420900 0.00046412399387918413
0.69999998807907104500 0.00064791378099471331
0.70999997854232788100 0.00083000998711213470
0.72000002861022949200 0.00101228698622435331
0.73000001907348632800 0.00118803000077605248
0.74000000953674316400 0.00137413595803081989
0.75000000000000000000 0.00156061502639204264
0.75999999046325683600 0.00174875697121024132
0.76999998092651367200 0.00193944503553211689
0.77999997138977050800 0.00213231006637215614
0.79000002145767211900 0.00232917605899274349
0.80000001192092895500 0.00253213290125131607
0.81000000238418579100 0.00273855193518102169
0.81999999284744262700 0.00295011303387582302
0.82999998331069946300 0.00316827092319726944
0.83999997377395629900 0.00339033408090472221
0.85000002384185791000 0.00361627992242574692
0.86000001430511474600 0.00385085400193929672
0.87000000476837158200 0.00408857921138405800
0.87999999523162841800 0.00432968698441982269
0.88999998569488525400 0.00458235200494527817
0.89999997615814209000 0.00484020821750164032
0.91000002622604370100 0.00510542280972003937
0.92000001668930053700 0.00537938391789793968
0.93000000715255737300 0.00565716298297047615
0.93999999761581420900 0.00594205316156148911
0.94999998807907104500 0.00623271893709897995
0.95999997854232788100 0.00652616983279585838
0.97000002861022949200 0.00682870997115969658
0.98000001907348632800 0.00713641103357076645
0.99000000953674316400 0.00745120877400040627
1.00000000000000000000 0.00777661288157105446
