-1.00000000000000000000 -0.00458079390227794647
-0.99000000953674316400 -0.00458580907434225083
-0.98000001907348632800 -0.00457877386361360550
-0.97000002861022949200 -0.00456352904438972473
-0.95999997854232788100 -0.00457678781822323799
-0.94999998807907104500 -0.00458407681435346604
-0.93999999761581420900 -0.00457977922633290291
-0.93000000715255737300 -0.00459411088377237320
-0.92000001668930053700 -0.00459936494007706642
-0.91000002622604370100 -0.00458737788721919060
-0.89999997615814209000 -0.00459122098982334137
-0.88999998569488525400 -0.00458834692835807800
-0.87999999523162841800 -0.00457073608413338661
-0.87000000476837158200 -0.00457197194918990135
-0.86000001430511474600 -0.00458069378510117531
-0.85000002384185791000 -0.00457945792004466057
-0.83999997377395629900 -0.00459210015833377838
-0.82999998331069946300 -0.00459341891109943390
-0.81999999284744262700 -0.00459490902721881867
-0.81000000238418579100 -0.00459352601319551468
-0.80000001192092895500 -0.00458745798096060753
-0.79000002145767211900 -0.00457704579457640648
-0.77999997138977050800 -0.00457000220194458962
-0.76999998092651367200 -0.00457204505801200867
-0.75999999046325683600 -0.00456790300086140633
-0.75000000000000000000 -0.00458169216290116310
-0.74000000953674316400 -0.00458097690716385842
-0.73000001907348632800 -0.00458121299743652344
-0.72000002861022949200 -0.00459459610283374787
-0.70999997854232788100 -0.00458465982228517532
-0.69999998807907104500 -0.00457646511495113373
-0.68999999761581420900 -0.00457990681752562523
-0.68000000715255737300 -0.00456256605684757233
-0.67000001668930053700 -0.00455561699345707894
-0.66000002622604370100 -0.00457237288355827332
-0.64999997615814209000 -0.00457356311380863190
-0.63999998569488525400 -0.00457201898097991944
-0.62999999523162841800 -0.00458650989457964897
-0.62000000476837158200 -0.00458482699468731880
-0.61000001430511474600 -0.00457230582833290100
-0.60000002384185791000 -0.00458306213840842247
-0.58999997377395629900 -0.00457160687074065209
-0.57999998331069946300 -0.00455285096541047096
-0.56999999284744262700 -0.00457418197765946388
-0.56000000238418579100 -0.00457626301795244217
-0.55000001192092895500 -0.00457562087103724480
-0.54000002145767211900 -0.00458806613460183144
-0.52999997138977050800 -0.00459191389381885529
-0.51999998092651367200 -0.00458628078922629357
-0.50999999046325683600 -0.00458646891638636589
-0.50000000000000000000 -0.00458333082497119904
-0.49000000953674316400 -0.00457248883321881294
-0.47999998927116394000 -0.00456998497247695923
-0.46999999880790710400 -0.00456815399229526520
-0.46000000834465026800 -0.00457090279087424278
-0.44999998807907104500 -0.00458432594314217568
-0.43999999761581420900 -0.00458712503314018250
-0.43000000715255737300 -0.00458304677158594132
-0.41999998688697814900 -0.00459792278707027435
-0.40999999642372131300 -0.00458403117954730988
-0.40000000596046447700 -0.00458180112764239311
-0.38999998569488525400 -0.00458185095340013504
-0.37999999523162841800 -0.00456445477902889252
-0.37000000476837158200 -0.00456590484827756882
-0.36000001430511474600 -0.00457956595346331597
-0.34999999403953552200 -0.00458058388903737068
-0.34000000357627868600 -0.00457750912755727768
-0.33000001311302185100 -0.00459673395380377770
-0.31999999284744262700 -0.00458761397749185562
-0.31000000238418579100 -0.00456938892602920532
-0.30000001192092895500 -0.00458280602470040322
-0.28999999165534973100 -0.00457203807309269905
-0.28000000119209289500 -0.00455447891727089882
-0.27000001072883606000 -0.00456776004284620285
-0.25999999046325683600 -0.00457117892801761627
-0.25000000000000000000 -0.00456721521914005280
-0.23999999463558197000 -0.00458130799233913422
-0.23000000417232513400 -0.00458227982744574547
-0.21999999880790710400 -0.00457541411742568016
-0.20999999344348907500 -0.00457102619111537934
-0.20000000298023223900 -0.00457003619521856308
-0.18999999761581420900 -0.00455388892441987991
-0.18000000715255737300 -0.00455280486494302750
-0.17000000178813934300 -0.00455635599792003632
-0.15999999642372131300 -0.00455383816733956337
-0.15000000596046447800 -0.00456590810790657997
-0.14000000059604644800 -0.00456408597528934479
-0.12999999523162841800 -0.00456819310784339905
-0.11999999731779098500 -0.00456715701147913933
-0.10999999940395355200 -0.00455635087564587593
-0.10000000149011611900 -0.00455280207097530365
-0.09000000357627868650 -0.00454891193658113480
-0.07999999821186065670 -0.00453818915411829949
-0.07000000029802322390 -0.00453793816268444061
-0.05999999865889549260 -0.00455102790147066116
-0.05000000074505805970 -0.00454897712916135788
-0.03999999910593032840 -0.00454969517886638642
-0.02999999932944774630 -0.00455971481278538704
-0.01999999955296516420 -0.00454727793112397194
-0.00999999977648258210 -0.00453557493165135384
0.00000000000000000000 -0.00454218219965696335
0.00999999977648258210 -0.00453061098232865334
0.01999999955296516420 -0.00451378617435693741
0.02999999932944774630 -0.00452859187498688698
0.03999999910593032840 -0.00452923215925693512
0.05000000074505805970 -0.00452551105991005898
0.05999999865889549260 -0.00453682709485292435
0.07000000029802322390 -0.00454417895525693894
0.07999999821186065670 -0.00452855601906776428
0.09000000357627868650 -0.00452574295923113823
0.10000000149011611900 -0.00452356599271297455
0.10999999940395355200 -0.00450278911739587784
0.11999999731779098500 -0.00450331810861825943
0.12999999523162841800 -0.00450177397578954697
0.14000000059604644800 -0.00450445618480443955
0.15000000596046447800 -0.00451083295047283173
0.15999999642372131300 -0.00450607202947139740
0.17000000178813934300 -0.00450555188581347466
0.18000000715255737300 -0.00450306897982954979
0.18999999761581420900 -0.00448841881006956101
0.20000000298023223900 -0.00447857985273003578
0.20999999344348907500 -0.00446519721299409866
0.21999999880790710400 -0.00444947322830557823
0.23000000417232513400 -0.00444858614355325699
0.23999999463558197000 -0.00445201201364398003
0.25000000000000000000 -0.00444052089005708695
0.25999999046325683600 -0.00443038018420338631
0.27000001072883606000 -0.00443058414384722710
0.28000000119209289500 -0.00440504122525453568
0.28999999165534973100 -0.00438473420217633248
0.30000001192092895500 -0.00436748284846544266
0.31000000238418579100 -0.00432955101132392883
0.31999999284744262700 -0.00430316897109150887
0.33000001311302185100 -0.00429006898775696755
0.34000000357627868600 -0.00426037376746535301
0.34999999403953552200 -0.00422761589288711548
0.36000001430511474600 -0.00419771904125809670
0.37000000476837158200 -0.00414941320195794106
0.37999999523162841800 -0.00408958783373236656
0.38999998569488525400 -0.00403364421799778938
0.40000000596046447700 -0.00395861500874161720
0.40999999642372131300 -0.00387109909206628800
0.41999998688697814900 -0.00379493203945457935
0.43000000715255737300 -0.00370677304454147816
0.43999999761581420900 -0.00361342495307326317
0.44999998807907104500 -0.00351175200194120407
0.46000000834465026800 -0.00339605589397251606
0.46999999880790710400 -0.00327721401117742062
0.47999998927116394000 -0.00313997408375144005
0.49000000953674316400 -0.00299940491095185280
0.50000000000000000000 -0.00285187200643122196
0.50999999046325683600 -0.00269149709492921829
0.51999998092651367200 -0.00253084697760641575
0.52999997138977050800 -0.00236880104057490826
0.54000002145767211900 -0.00219908496364951134
0.55000001192092895500 -0.00202013598755002022
0.56000000238418579100 -0.00184111297130584717
0.56999999284744262700 -0.00165371096227318049
0.57999998331069946300 -0.00145609898027032614
0.58999997377395629900 -0.00126354896929115057
0.60000002384185791000 -0.00106301403138786554
0.61000001430511474600 -0.00087249150965362787
0.62000000476837158200 -0.00066251849057152867
0.62999999523162841800 -0.00045532890362665057
0.63999998569488525400 -0.00024160610337276012
0.64999997615814209000 -0.00003858558920910582
0.66000002622604370100 0.00016961120127234608
0.67000001668930053700 0.00039009479223750532
0.68000000715255737300 0.00060869927983731031
0.68999999761581420900 0.00082851981278508902
0.69999998807907104500 0.00104934105183929205
0.70999997854232788100 0.00126747798640280962
0.72000002861022949200 0.00149389600846916437
0.73000001907348632800 0.00172095501329749823
0.74000000953674316400 0.00194868794642388821
0.75000000000000000000 0.00217997701838612557
0.75999999046325683600 0.00241313688457012177
0.76999998092651367200 0.00264808698557317257
0.77999997138977050800 0.00288757891394197941
0.79000002145767211900 0.00312680006027221680
0.80000001192092895500 0.00336977397091686726
0.81000000238418579100 0.00361688691191375256
0.81999999284744262700 0.00386425503529608250
0.82999998331069946300 0.00411735102534294129
0.83999997377395629900 0.00437754113227128983
0.85000002384185791000 0.00463909190148115158
0.86000001430511474600 0.00490333791822195053
0.87000000476837158200 0.00517591414973139763
0.87999999523162841800 0.00544892484322190285
0.88999998569488525400 0.00572213996201753617
0.89999997615814209000 0.00600657891482114792
0.91000002622604370100 0.00628850888460874558
0.92000001668930053700 0.00657286308705806732
0.93000000715255737300 0.00686977617442607880
0.93999999761581420900 0.00716974399983882904
0.94999998807907104500 0.00747239310294389725
0.95999997854232788100 0.00778286904096603394
0.97000002861022949200 0.00809546373784542084
0.98000001907348632800 0.00841031968593597412
0.99000000953674316400 0.00872724317014217377
1.00000000000000000000 0.00905179791152477265
