-1.00000000000000000000 -0.00450618099421262741
-0.99000000953674316400 -0.00451970519497990608
-0.98000001907348632800 -0.00450955610722303391
-0.97000002861022949200 -0.00450121518224477768
-0.95999997854232788100 -0.00450337911024689675
-0.94999998807907104500 -0.00448509491980075836
-0.93999999761581420900 -0.00448486488312482834
-0.93000000715255737300 -0.00449658511206507683
-0.92000001668930053700 -0.00450038397684693337
-0.91000002622604370100 -0.00449895020574331284
-0.89999997615814209000 -0.00451034493744373322
-0.88999998569488525400 -0.00451001897454261780
-0.87999999523162841800 -0.00450217397883534432
-0.87000000476837158200 -0.00450841290876269341
-0.86000001430511474600 -0.00449820421636104584
-0.85000002384185791000 -0.00448036193847656250
-0.83999997377395629900 -0.00448919786140322685
-0.82999998331069946300 -0.00449340278282761574
-0.81999999284744262700 -0.00449212593957781792
-0.81000000238418579100 -0.00450534000992774964
-0.80000001192092895500 -0.00450669322162866593
-0.79000002145767211900 -0.00450499821454286575
-0.77999997138977050800 -0.00449500186368823052
-0.76999998092651367200 -0.00449572922661900520
-0.75999999046325683600 -0.00448801415041089058
-0.75000000000000000000 -0.00448440713807940483
-0.74000000953674316400 -0.00448317313566803932
-0.73000001907348632800 -0.00449115317314863205
-0.72000002861022949200 -0.00449845008552074433
-0.70999997854232788100 -0.00449444912374019623
-0.69999998807907104500 -0.00451200595125555992
-0.68999999761581420900 -0.00450407294556498528
-0.68000000715255737300 -0.00448829587548971176
-0.67000001668930053700 -0.00449632015079259873
-0.66000002622604370100 -0.00448239594697952271
-0.64999997615814209000 -0.00447226921096444130
-0.63999998569488525400 -0.00448680017143487930
-0.62999999523162841800 -0.00449160113930702210
-0.62000000476837158200 -0.00448968214914202690
-0.61000001430511474600 -0.00450271600857377052
-0.60000002384185791000 -0.00450523197650909424
-0.58999997377395629900 -0.00449658604338765144
-0.57999998331069946300 -0.00449892599135637283
-0.56999999284744262700 -0.00449457997456192970
-0.56000000238418579100 -0.00447699194774031639
-0.55000001192092895500 -0.00448358384892344475
-0.54000002145767211900 -0.00448749912902712822
-0.52999997138977050800 -0.00448633497580885887
-0.51999998092651367200 -0.00449819117784500122
-0.50999999046325683600 -0.00449839700013399124
-0.50000000000000000000 -0.00450007198378443718
-0.49000000953674316400 -0.00449765892699360848
-0.47999998927116394000 -0.00449191918596625328
-0.46999999880790710400 -0.00448250584304332733
-0.46000000834465026800 -0.00447466410696506500
-0.44999998807907104500 -0.00447748787701129913
-0.43999999761581420900 -0.00447580590844154358
-0.43000000715255737300 -0.00448899297043681145
-0.41999998688697814900 -0.00448804022744297981
-0.40999999642372131300 -0.00449004722759127617
-0.40000000596046447700 -0.00449847988784313202
-0.38999998569488525400 -0.00448271818459033966
-0.37999999523162841800 -0.00447976309806108475
-0.37000000476837158200 -0.00447902316227555275
-0.36000001430511474600 -0.00446764798834919930
-0.34999999403953552200 -0.00446379603818058968
-0.34000000357627868600 -0.00447876518592238426
-0.33000001311302185100 -0.00447754189372062683
-0.31999999284744262700 -0.00447931792587041855
-0.31000000238418579100 -0.00449299486353993416
-0.30000001192092895500 -0.00448386091738939285
-0.28999999165534973100 -0.00446994276717305184
-0.28000000119209289500 -0.00447714002802968025
-0.27000001072883606000 -0.00446284189820289612
-0.25999999046325683600 -0.00445519899949431420
-0.25000000000000000000 -0.00446468312293291092
-0.23999999463558197000 -0.00446464400738477707
-0.23000000417232513400 -0.00446783611550927162
-0.21999999880790710400 -0.00447428878396749497
-0.20999999344348907500 -0.00448150001466274262
-0.20000000298023223900 -0.00446984404698014259
-0.18999999761581420900 -0.00446859700605273247
-0.18000000715255737300 -0.00446358695626258850
-0.17000000178813934300 -0.00444608088582754135
-0.15999999642372131300 -0.00445195985957980156
-0.15000000596046447800 -0.00445091305300593376
-0.14000000059604644800 -0.00445555010810494423
-0.12999999523162841800 -0.00446313014253973961
-0.11999999731779098500 -0.00446272501721978188
-0.10999999940395355200 -0.00446464121341705322
-0.10000000149011611900 -0.00446307612583041191
-0.09000000357627868650 -0.00445462483912706375
-0.07999999821186065670 -0.00445389701053500176
-0.07000000029802322390 -0.00443734182044863701
-0.05999999865889549260 -0.00443451991304755211
-0.05000000074505805970 -0.00444431090727448464
-0.03999999910593032840 -0.00444612000137567520
-0.02999999932944774630 -0.00444633886218070984
-0.01999999955296516420 -0.00445007113739848137
-0.00999999977648258210 -0.00445584207773208618
0.00000000000000000000 -0.00443830108270049095
0.00999999977648258210 -0.00443477602675557137
0.01999999955296516420 -0.00443486077710986138
0.02999999932944774630 -0.00441498588770627976
0.03999999910593032840 -0.00441300589591264725
0.05000000074505805970 -0.00442247791215777397
0.05999999865889549260 -0.00442098407074809075
0.07000000029802322390 -0.00442007416859269142
0.07999999821186065670 -0.00443056318908929825
0.09000000357627868650 -0.00442838808521628380
0.10000000149011611900 -0.00441763596609234810
0.10999999940395355200 -0.00441665202379226685
0.11999999731779098500 -0.00440316088497638703
0.12999999523162841800 -0.00438522500917315483
0.14000000059604644800 -0.00438635796308517456
0.15000000596046447800 -0.00438801804557442665
0.15999999642372131300 -0.00438788020983338356
0.17000000178813934300 -0.00439154822379350662
0.18000000715255737300 -0.00438366876915097237
0.18999999761581420900 -0.00438499590381979942
0.20000000298023223900 -0.00437113502994179726
0.20999999344348907500 -0.00436279317364096642
0.21999999880790710400 -0.00435297098010778427
0.23000000417232513400 -0.00433443719521164894
0.23999999463558197000 -0.00432564318180084229
0.25000000000000000000 -0.00432430580258369446
0.25999999046325683600 -0.00432253582403063774
0.27000001072883606000 -0.00431038904935121536
0.28000000119209289500 -0.00430537806823849678
0.28999999165534973100 -0.00429359078407287598
0.30000001192092895500 -0.00426228577271103859
0.31000000238418579100 -0.00424836110323667526
0.31999999284744262700 -0.00422402378171682358
0.33000001311302185100 -0.00418165000155568123
0.34000000357627868600 -0.00416233576834201813
0.34999999403953552200 -0.00413774605840444565
0.36000001430511474600 -0.00409767776727676392
0.37000000476837158200 -0.00406417623162269592
0.37999999523162841800 -0.00402439385652542114
0.38999998569488525400 -0.00396553287282586098
0.40000000596046447700 -0.00389732490293681622
0.40999999642372131300 -0.00383359799161553383
0.41999998688697814900 -0.00374752306379377842
0.43000000715255737300 -0.00365812005475163460
0.43999999761581420900 -0.00357306492514908314
0.44999998807907104500 -0.00347253889776766300
0.46000000834465026800 -0.00337038305588066578
0.46999999880790710400 -0.00325613096356391907
0.47999998927116394000 -0.00313461292535066605
0.49000000953674316400 -0.00300115789286792278
0.50000000000000000000 -0.00285596190951764584
0.50999999046325683600 -0.00271061202511191368
0.51999998092651367200 -0.00255696498788893223
0.52999997138977050800 -0.00239325407892465592
0.54000002145767211900 -0.00223337206989526749
0.55000001192092895500 -0.00207202904857695103
0.56000000238418579100 -0.00190105603542178869
0.56999999284744262700 -0.00172575598116964102
0.57999998331069946300 -0.00155255803838372231
0.58999997377395629900 -0.00136942800600081682
0.60000002384185791000 -0.00118411902803927660
0.61000001430511474600 -0.00100262404885143042
0.62000000476837158200 -0.00083103252109140158
0.62999999523162841800 -0.00063741579651832581
0.63999998569488525400 -0.00045165879419073462
0.64999997615814209000 -0.00026316670118831098
0.66000002622604370100 -0.00008518664253642783
0.67000001668930053700 0.00005050583058618940
0.68000000715255737300 0.00027954179677180946
0.68999999761581420900 0.00047027290565893054
0.69999998807907104500 0.00065721658756956458
0.70999997854232788100 0.00084209692431613803
0.72000002861022949200 0.00102768500801175833
0.73000001907348632800 0.00120775902178138495
0.74000000953674316400 0.00139559700619429350
0.75000000000000000000 0.00158298399765044451
0.75999999046325683600 0.00177149602677673101
0.76999998092651367200 0.00196085893549025059
0.77999997138977050800 0.00215226109139621258
0.79000002145767211900 0.00234632496722042561
0.80000001192092895500 0.00254184589721262455
0.81000000238418579100 0.00273876101709902287
0.81999999284744262700 0.00294097396545112133
0.82999998331069946300 0.00314481207169592381
0.83999997377395629900 0.00335097196511924267
0.85000002384185791000 0.00356417195871472359
0.86000001430511474600 0.00378126697614789009
0.87000000476837158200 0.00400138506665825844
0.87999999523162841800 0.00422628689557313919
0.88999998569488525400 0.00445669284090399742
0.89999997615814209000 0.00468771718442440033
0.91000002622604370100 0.00492399092763662338
0.92000001668930053700 0.00516690686345100403
0.93000000715255737300 0.00540989497676491738
0.93999999761581420900 0.00565992807969450951
0.94999998807907104500 0.00591779686510562897
0.95999997854232788100 0.00617814622819423676
0.97000002861022949200 0.00644650822505354882
0.98000001907348632800 0.00671726977452635765
0.99000000953674316400 0.00699360622093081474
1.00000000000000000000 0.00727223278954625130
