-1.00000000000000000000 -0.00438418518751859665
-0.99000000953674316400 -0.00439265416935086250
-0.98000001907348632800 -0.00439766282215714455
-0.97000002861022949200 -0.00439928006380796433
-0.95999997854232788100 -0.00440871296450495720
-0.94999998807907104500 -0.00440864590927958489
-0.93999999761581420900 -0.00441000005230307579
-0.93000000715255737300 -0.00440364517271518707
-0.92000001668930053700 -0.00440235901623964310
-0.91000002622604370100 -0.00439810100942850113
-0.89999997615814209000 -0.00438487716019153595
-0.88999998569488525400 -0.00438828021287918091
-0.87999999523162841800 -0.00439057499170303345
-0.87000000476837158200 -0.00440196879208087921
-0.86000001430511474600 -0.00440022721886634827
-0.85000002384185791000 -0.00440671294927597046
-0.83999997377395629900 -0.00441544689238071442
-0.82999998331069946300 -0.00440399302169680596
-0.81999999284744262700 -0.00440869620069861412
-0.81000000238418579100 -0.00440693320706486702
-0.80000001192092895500 -0.00438965577632188797
-0.79000002145767211900 -0.00439508305862545967
-0.77999997138977050800 -0.00440863985568284989
-0.76999998092651367200 -0.00440708314999938011
-0.75999999046325683600 -0.00440913205966353417
-0.75000000000000000000 -0.00442741904407739639
-0.74000000953674316400 -0.00441753678023815155
-0.73000001907348632800 -0.00441320985555648804
-0.72000002861022949200 -0.00441837916150689125
-0.70999997854232788100 -0.00440430501475930214
-0.69999998807907104500 -0.00440133502706885338
-0.68999999761581420900 -0.00440937094390392304
-0.68000000715255737300 -0.00440860586240887642
-0.67000001668930053700 -0.00441686995327472687
-0.66000002622604370100 -0.00442057196050882340
-0.64999997615814209000 -0.00442450214177370072
-0.63999998569488525400 -0.00441868416965007782
-0.62999999523162841800 -0.00441548600792884827
-0.62000000476837158200 -0.00440785707905888558
-0.61000001430511474600 -0.00440107891336083412
-0.60000002384185791000 -0.00439545279368758202
-0.58999997377395629900 -0.00439845304936170578
-0.57999998331069946300 -0.00440908176824450493
-0.56999999284744262700 -0.00441237399354577065
-0.56000000238418579100 -0.00441238004714250565
-0.55000001192092895500 -0.00442226696759462357
-0.54000002145767211900 -0.00441703805699944496
-0.52999997138977050800 -0.00440965220332145691
-0.51999998092651367200 -0.00441031018272042275
-0.50999999046325683600 -0.00439462391659617424
-0.50000000000000000000 -0.00438995612785220146
-0.49000000953674316400 -0.00440212991088628769
-0.47999998927116394000 -0.00440486380830407143
-0.46999999880790710400 -0.00440630316734313965
-0.46000000834465026800 -0.00441336305812001228
-0.44999998807907104500 -0.00441683689132332802
-0.43999999761581420900 -0.00440457183867692948
-0.43000000715255737300 -0.00440995115786790848
-0.41999998688697814900 -0.00440257182344794274
-0.40999999642372131300 -0.00438140612095594406
-0.40000000596046447700 -0.00439198920503258705
-0.38999998569488525400 -0.00439746910706162453
-0.37999999523162841800 -0.00439567584544420242
-0.37000000476837158200 -0.00440614903345704079
-0.36000001430511474600 -0.00440919818356633186
-0.34999999403953552200 -0.00440716603770852089
-0.34000000357627868600 -0.00440395995974540711
-0.33000001311302185100 -0.00440618302673101425
-0.31999999284744262700 -0.00439593195915222168
-0.31000000238418579100 -0.00438580987975001335
-0.30000001192092895500 -0.00437656091526150704
-0.28999999165534973100 -0.00438085291534662247
-0.28000000119209289500 -0.00439026113599538803
-0.27000001072883606000 -0.00439065415412187576
-0.25999999046325683600 -0.00439290190115571022
-0.25000000000000000000 -0.00440044701099395752
-0.23999999463558197000 -0.00438111322000622749
-0.23000000417232513400 -0.00437584798783063889
-0.21999999880790710400 -0.00437772599980235100
-0.20999999344348907500 -0.00435879081487655640
-0.20000000298023223900 -0.00435778917744755745
-0.18999999761581420900 -0.00437026377767324448
-0.18000000715255737300 -0.00437186518684029579
-0.17000000178813934300 -0.00437010312452912331
-0.15999999642372131300 -0.00438342289999127388
-0.15000000596046447800 -0.00436665397137403488
-0.14000000059604644800 -0.00434975884854793549
-0.12999999523162841800 -0.00435712095350027084
-0.11999999731779098500 -0.00434596277773380280
-0.10999999940395355200 -0.00433011818677186966
-0.10000000149011611900 -0.00434302305802702904
-0.09000000357627868650 -0.00434283586218953133
-0.07999999821186065670 -0.00434124004095792771
-0.07000000029802322390 -0.00435364712029695511
-0.05999999865889549260 -0.00435348600149154663
-0.05000000074505805970 -0.00434363819658756256
-0.03999999910593032840 -0.00434106495231390000
-0.02999999932944774630 -0.00433853315189480782
-0.01999999955296516420 -0.00432129204273223877
-0.00999999977648258210 -0.00432007480412721634
0.00000000000000000000 -0.00432114116847515106
0.00999999977648258210 -0.00432028900831937790
0.01999999955296516420 -0.00433096988126635552
0.02999999932944774630 -0.00432871887460350990
0.03999999910593032840 -0.00432936614379286766
0.05000000074505805970 -0.00432677986100316048
0.05999999865889549260 -0.00431110896170139313
0.07000000029802322390 -0.00430696178227663040
0.07999999821186065670 -0.00430351495742797852
0.09000000357627868650 -0.00428794883191585541
0.10000000149011611900 -0.00428692298009991646
0.10999999940395355200 -0.00429775612428784371
0.11999999731779098500 -0.00429395819082856178
0.12999999523162841800 -0.00429090997204184532
0.14000000059604644800 -0.00430032098665833473
0.15000000596046447800 -0.00428746687248349190
0.15999999642372131300 -0.00427173404023051262
0.17000000178813934300 -0.00427426816895604134
0.18000000715255737300 -0.00425401190295815468
0.18999999761581420900 -0.00424184789881110191
0.20000000298023223900 -0.00424720486626029015
0.20999999344348907500 -0.00424136780202388764
0.21999999880790710400 -0.00423831399530172348
0.23000000417232513400 -0.00424068188294768334
0.23999999463558197000 -0.00423232885077595711
0.25000000000000000000 -0.00421093311160802841
0.25999999046325683600 -0.00420406786724925041
0.27000001072883606000 -0.00418139481917023659
0.28000000119209289500 -0.00414815777912735939
0.28999999165534973100 -0.00413753278553485870
0.30000001192092895500 -0.00412243884056806564
0.31000000238418579100 -0.00410194601863622666
0.31999999284744262700 -0.00408488977700471878
0.33000001311302185100 -0.00405302084982395172
0.34000000357627868600 -0.00401711510494351387
0.34999999403953552200 -0.00397629290819168091
0.36000001430511474600 -0.00392756285145878792
0.37000000476837158200 -0.00387442088685929775
0.37999999523162841800 -0.00381069094873964787
0.38999998569488525400 -0.00374731491319835186
0.40000000596046447700 -0.00367932510562241078
0.40999999642372131300 -0.00361095601692795754
0.41999998688697814900 -0.00352874491363763809
0.43000000715255737300 -0.00343693397007882595
0.43999999761581420900 -0.00334652210585772991
0.44999998807907104500 -0.00323626399040222168
0.46000000834465026800 -0.00312226708047091961
0.46999999880790710400 -0.00300304708071053028
0.47999998927116394000 -0.00286346999928355217
0.49000000953674316400 -0.00273101194761693478
0.50000000000000000000 -0.00259875808842480183
0.50999999046325683600 -0.00245344405993819237
0.51999998092651367200 -0.00230234302580356598
0.52999997138977050800 -0.00215549091808497906
0.54000002145767211900 -0.00199434789828956127
0.55000001192092895500 -0.00182650005444884300
0.56000000238418579100 -0.00166423805058002472
0.56999999284744262700 -0.00149268598761409521
0.57999998331069946300 -0.00131729105487465858
0.58999997377395629900 -0.00114957895129919052
0.60000002384185791000 -0.00099704088643193245
0.61000001430511474600 -0.00081102817784994841
0.62000000476837158200 -0.00063603359740227461
0.62999999523162841800 -0.00046160540659911931
0.63999998569488525400 -0.00028638279763981700
0.64999997615814209000 -0.00011233860277570784
0.66000002622604370100 0.00005213042095419951
0.67000001668930053700 0.00021990349341649562
0.68000000715255737300 0.00039922480937093496
0.68999999761581420900 0.00057794270105659962
0.69999998807907104500 0.00075743719935417175
0.70999997854232788100 0.00093729968648403883
0.72000002861022949200 0.00111051695421338081
0.73000001907348632800 0.00129777297843247652
0.74000000953674316400 0.00148572900798171759
0.75000000000000000000 0.00167787994723767042
0.75999999046325683600 0.00187121599446982145
0.76999998092651367200 0.00206873309798538685
0.77999997138977050800 0.00227114302106201649
0.79000002145767211900 0.00247450591996312142
0.80000001192092895500 0.00268550799228250980
0.81000000238418579100 0.00290336995385587216
0.81999999284744262700 0.00312519888393580914
0.82999998331069946300 0.00335237896069884300
0.83999997377395629900 0.00358681590296328068
0.85000002384185791000 0.00382547988556325436
0.86000001430511474600 0.00406564120203256607
0.87000000476837158200 0.00431498512625694275
0.87999999523162841800 0.00456655304878950119
0.88999998569488525400 0.00481922086328268051
0.89999997615814209000 0.00508636003360152245
0.91000002622604370100 0.00535846920683979988
0.92000001668930053700 0.00563670182600617409
0.93000000715255737300 0.00591973820701241493
0.93999999761581420900 0.00620870804414153099
0.94999998807907104500 0.00650344276800751686
0.95999997854232788100 0.00680040381848812104
0.97000002861022949200 0.00710487319156527519
0.98000001907348632800 0.00741088110953569412
0.99000000953674316400 0.00771438982337713242
1.00000000000000000000 0.00803323462605476380
