-1.00000000000000000000 -0.00467687984928488732
-0.99000000953674316400 -0.00466078519821166992
-0.98000001907348632800 -0.00466991402208805084
-0.97000002861022949200 -0.00467185582965612412
-0.95999997854232788100 -0.00465326197445392609
-0.94999998807907104500 -0.00466261804103851318
-0.93999999761581420900 -0.00466992286965250969
-0.93000000715255737300 -0.00466741202399134636
-0.92000001668930053700 -0.00468061678111553192
-0.91000002622604370100 -0.00468091899529099465
-0.89999997615814209000 -0.00468113087117671967
-0.88999998569488525400 -0.00468060420826077461
-0.87999999523162841800 -0.00467790290713310242
-0.87000000476837158200 -0.00466668605804443360
-0.86000001430511474600 -0.00465836003422737122
-0.85000002384185791000 -0.00465727783739566803
-0.83999997377395629900 -0.00465756608173251152
-0.82999998331069946300 -0.00467238621786236763
-0.81999999284744262700 -0.00467113219201564789
-0.81000000238418579100 -0.00467158015817403794
-0.80000001192092895500 -0.00468480307608842850
-0.79000002145767211900 -0.00467069493606686592
-0.77999997138977050800 -0.00466838991269469261
-0.76999998092651367200 -0.00467234198004007340
-0.75999999046325683600 -0.00464667798951268196
-0.75000000000000000000 -0.00464696297422051430
-0.74000000953674316400 -0.00466726301237940788
-0.73000001907348632800 -0.00466730399057269097
-0.72000002861022949200 -0.00466742785647511482
-0.70999997854232788100 -0.00468226103112101555
-0.69999998807907104500 -0.00468059396371245384
-0.68999999761581420900 -0.00466793403029441834
-0.68000000715255737300 -0.00468028709292411804
-0.67000001668930053700 -0.00466953776776790619
-0.66000002622604370100 -0.00464792596176266670
-0.64999997615814209000 -0.00466448720544576645
-0.63999998569488525400 -0.00466313119977712631
-0.62999999523162841800 -0.00466224690899252892
-0.62000000476837158200 -0.00467519182711839676
-0.61000001430511474600 -0.00467684818431735039
-0.60000002384185791000 -0.00467369379475712776
-0.58999997377395629900 -0.00467323092743754387
-0.57999998331069946300 -0.00467022182419896126
-0.56999999284744262700 -0.00466203410178422928
-0.56000000238418579100 -0.00465100491419434548
-0.55000001192092895500 -0.00465147290378808975
-0.54000002145767211900 -0.00465689599514007568
-0.52999997138977050800 -0.00466633588075637818
-0.51999998092651367200 -0.00466518802568316460
-0.50999999046325683600 -0.00467027118429541588
-0.50000000000000000000 -0.00467540603131055832
-0.49000000953674316400 -0.00465922383591532707
-0.47999998927116394000 -0.00467211985960602760
-0.46999999880790710400 -0.00466896221041679382
-0.46000000834465026800 -0.00464978814125061035
-0.44999998807907104500 -0.00465643079951405525
-0.43999999761581420900 -0.00466543482616543770
-0.43000000715255737300 -0.00466018402948975563
-0.41999998688697814900 -0.00467369705438613892
-0.40999999642372131300 -0.00468207895755767822
-0.40000000596046447700 -0.00467640301212668419
-0.38999998569488525400 -0.00467205513268709183
-0.37999999523162841800 -0.00467542698606848717
-0.37000000476837158200 -0.00466219615191221237
-0.36000001430511474600 -0.00465305801481008530
-0.34999999403953552200 -0.00465550506487488747
-0.34000000357627868600 -0.00465614581480622292
-0.33000001311302185100 -0.00466850493103265762
-0.31999999284744262700 -0.00467205187305808067
-0.31000000238418579100 -0.00466762995347380638
-0.30000001192092895500 -0.00468023214489221573
-0.28999999165534973100 -0.00466901296749711037
-0.28000000119209289500 -0.00466470699757337570
-0.27000001072883606000 -0.00466783996671438217
-0.25999999046325683600 -0.00464651081711053848
-0.25000000000000000000 -0.00464577786624431610
-0.23999999463558197000 -0.00465715490281581879
-0.23000000417232513400 -0.00466208998113870621
-0.21999999880790710400 -0.00465693697333335877
-0.20999999344348907500 -0.00467337202280759812
-0.20000000298023223900 -0.00467184511944651604
-0.18999999761581420900 -0.00465924805030226708
-0.18000000715255737300 -0.00466769980266690254
-0.17000000178813934300 -0.00466196797788143158
-0.15999999642372131300 -0.00464045582339167595
-0.15000000596046447800 -0.00465032598003745079
-0.14000000059604644800 -0.00465346686542034149
-0.12999999523162841800 -0.00465042889118194580
-0.11999999731779098500 -0.00466455612331628800
-0.10999999940395355200 -0.00466496404260396958
-0.10000000149011611900 -0.00466268602758646012
-0.09000000357627868650 -0.00466184085234999657
-0.07999999821186065670 -0.00465284008532762528
-0.07000000029802322390 -0.00463565811514854431
-0.05999999865889549260 -0.00462645618245005608
-0.05000000074505805970 -0.00462340982630848885
-0.03999999910593032840 -0.00461969804018735886
-0.02999999932944774630 -0.00462645199149847031
-0.01999999955296516420 -0.00462153414264321327
-0.00999999977648258210 -0.00462065218016505242
0.00000000000000000000 -0.00463734101504087448
0.00999999977648258210 -0.00462533812969923020
0.01999999955296516420 -0.00460883881896734238
0.02999999932944774630 -0.00461980514228343964
0.03999999910593032840 -0.00460199778899550438
0.05000000074505805970 -0.00458838790655136109
0.05999999865889549260 -0.00460118195042014122
0.07000000029802322390 -0.00459980498999357224
0.07999999821186065670 -0.00459126709029078484
0.09000000357627868650 -0.00459745619446039200
0.10000000149011611900 -0.00460189906880259514
0.10999999940395355200 -0.00458736997097730637
0.11999999731779098500 -0.00457519898191094399
0.12999999523162841800 -0.00456865085288882256
0.14000000059604644800 -0.00454890215769410134
0.15000000596046447800 -0.00454833311960101128
0.15999999642372131300 -0.00454367604106664658
0.17000000178813934300 -0.00454035494476556778
0.18000000715255737300 -0.00454747490584850311
0.18999999761581420900 -0.00454142596572637558
0.20000000298023223900 -0.00453685689717531204
0.20999999344348907500 -0.00453781196847558022
0.21999999880790710400 -0.00451582809910178185
0.23000000417232513400 -0.00451366882771253586
0.23999999463558197000 -0.00451125716790556908
0.25000000000000000000 -0.00448364485055208206
0.25999999046325683600 -0.00447315117344260216
0.27000001072883606000 -0.00448588281869888306
0.28000000119209289500 -0.00447339098900556564
0.28999999165534973100 -0.00445600505918264389
0.30000001192092895500 -0.00445513520389795304
0.31000000238418579100 -0.00442556198686361313
0.31999999284744262700 -0.00438781408593058586
0.33000001311302185100 -0.00437479978427290917
0.34000000357627868600 -0.00433191983029246330
0.34999999403953552200 -0.00428170803934335709
0.36000001430511474600 -0.00425410503521561623
0.37000000476837158200 -0.00420917198061943054
0.37999999523162841800 -0.00415459694340825081
0.38999998569488525400 -0.00411030882969498634
0.40000000596046447700 -0.00404311111196875572
0.40999999642372131300 -0.00396530702710151672
0.41999998688697814900 -0.00388341909274458885
0.43000000715255737300 -0.00379310501739382744
0.43999999761581420900 -0.00368704996071755886
0.44999998807907104500 -0.00357760395854711533
0.46000000834465026800 -0.00346403103321790695
0.46999999880790710400 -0.00334194907918572426
0.47999998927116394000 -0.00321886292658746243
0.49000000953674316400 -0.00307909608818590641
0.50000000000000000000 -0.00293613993562757969
0.50999999046325683600 -0.00278825708664953709
0.51999998092651367200 -0.00262292195111513138
0.52999997138977050800 -0.00246002897620201111
0.54000002145767211900 -0.00229409197345376015
0.55000001192092895500 -0.00211061700247228146
0.56000000238418579100 -0.00193442904856055975
0.56999999284744262700 -0.00176077301148325205
0.57999998331069946300 -0.00157779001165181398
0.58999997377395629900 -0.00139440700877457857
0.60000002384185791000 -0.00121424801182001829
0.61000001430511474600 -0.00102905998937785625
0.62000000476837158200 -0.00085957162082195282
0.62999999523162841800 -0.00067024992313235998
0.63999998569488525400 -0.00048612008686177433
0.64999997615814209000 -0.00030166489887051284
0.66000002622604370100 -0.00012194179726066068
0.67000001668930053700 0.00004661201091948897
0.68000000715255737300 0.00021139500313438475
0.68999999761581420900 0.00039254321018233895
0.69999998807907104500 0.00057053461205214262
0.70999997854232788100 0.00074541207868605852
0.72000002861022949200 0.00092028139624744654
0.73000001907348632800 0.00108650699257850647
0.74000000953674316400 0.00126524199731647968
0.75000000000000000000 0.00144413905218243599
0.75999999046325683600 0.00162433099467307329
0.76999998092651367200 0.00180578196886926889
0.77999997138977050800 0.00199263100512325764
0.79000002145767211900 0.00218248809687793255
0.80000001192092895500 0.00237557501532137394
0.81000000238418579100 0.00257548899389803410
0.81999999284744262700 0.00277972291223704815
0.82999998331069946300 0.00298649095930159092
0.83999997377395629900 0.00320011610165238381
0.85000002384185791000 0.00341965793631970883
0.86000001430511474600 0.00364145706407725811
0.87000000476837158200 0.00387192610651254654
0.87999999523162841800 0.00410891883075237274
0.88999998569488525400 0.00435152510181069374
0.89999997615814209000 0.00460413610562682152
0.91000002622604370100 0.00485947495326399803
0.92000001668930053700 0.00512222805991768837
0.93000000715255737300 0.00539236096665263176
0.93999999761581420900 0.00566367991268634796
0.94999998807907104500 0.00594414118677377701
0.95999997854232788100 0.00623155292123556137
0.97000002861022949200 0.00652021402493119240
0.98000001907348632800 0.00682251201942563057
0.99000000953674316400 0.00713521381840109825
1.00000000000000000000 0.00744871702045202256
