-1.00000000000000000000 -0.00468171713873744011
-0.99000000953674316400 -0.00467723794281482697
-0.98000001907348632800 -0.00469099404290318489
-0.97000002861022949200 -0.00468870112672448158
-0.95999997854232788100 -0.00467228796333074570
-0.94999998807907104500 -0.00468038301914930344
-0.93999999761581420900 -0.00467374920845031738
-0.93000000715255737300 -0.00465916190296411514
-0.92000001668930053700 -0.00466863298788666725
-0.91000002622604370100 -0.00467760208994150162
-0.89999997615814209000 -0.00467251800000667572
-0.88999998569488525400 -0.00468755513429641724
-0.87999999523162841800 -0.00469345878809690476
-0.87000000476837158200 -0.00468326499685645104
-0.86000001430511474600 -0.00468282820656895638
-0.85000002384185791000 -0.00468405103310942650
-0.83999997377395629900 -0.00466715497896075249
-0.82999998331069946300 -0.00465949578210711479
-0.81999999284744262700 -0.00465096300467848778
-0.81000000238418579100 -0.00465031201019883156
-0.80000001192092895500 -0.00466434378176927567
-0.79000002145767211900 -0.00466523785144090653
-0.77999997138977050800 -0.00466386880725622177
-0.76999998092651367200 -0.00466713821515440941
-0.75999999046325683600 -0.00465502077713608742
-0.75000000000000000000 -0.00465025892481207848
-0.74000000953674316400 -0.00464976578950881958
-0.73000001907348632800 -0.00463552679866552353
-0.72000002861022949200 -0.00463678687810897827
-0.70999997854232788100 -0.00465309200808405876
-0.69999998807907104500 -0.00465138582512736321
-0.68999999761581420900 -0.00465070409700274468
-0.68000000715255737300 -0.00465963501483201981
-0.67000001668930053700 -0.00463863089680671692
-0.66000002622604370100 -0.00462248316034674645
-0.64999997615814209000 -0.00463622016832232475
-0.63999998569488525400 -0.00461741583421826363
-0.62999999523162841800 -0.00460473215207457543
-0.62000000476837158200 -0.00462288688868284226
-0.61000001430511474600 -0.00462026102468371391
-0.60000002384185791000 -0.00462207291275262833
-0.58999997377395629900 -0.00463494285941123963
-0.57999998331069946300 -0.00463862298056483269
-0.56999999284744262700 -0.00462831510230898857
-0.56000000238418579100 -0.00462864711880683899
-0.55000001192092895500 -0.00462712813168764115
-0.54000002145767211900 -0.00461258599534630776
-0.52999997138977050800 -0.00460981996729969978
-0.51999998092651367200 -0.00461074290797114372
-0.50999999046325683600 -0.00461214082315564156
-0.50000000000000000000 -0.00462353182956576348
-0.49000000953674316400 -0.00462452415376901627
-0.47999998927116394000 -0.00462623080238699913
-0.46999999880790710400 -0.00463413400575518608
-0.46000000834465026800 -0.00461764680221676827
-0.44999998807907104500 -0.00461708009243011475
-0.43999999761581420900 -0.00461731106042861939
-0.43000000715255737300 -0.00460058823227882385
-0.41999998688697814900 -0.00460131000727415085
-0.40999999642372131300 -0.00461740419268608093
-0.40000000596046447700 -0.00461820792406797409
-0.38999998569488525400 -0.00461444398388266564
-0.37999999523162841800 -0.00463382992893457413
-0.37000000476837158200 -0.00462336000055074692
-0.36000001430511474600 -0.00460856314748525620
-0.34999999403953552200 -0.00462532183155417442
-0.34000000357627868600 -0.00461237877607345581
-0.33000001311302185100 -0.00459616910666227341
-0.31999999284744262700 -0.00461003882810473442
-0.31000000238418579100 -0.00461093895137310028
-0.30000001192092895500 -0.00460993219166994095
-0.28999999165534973100 -0.00462423777207732201
-0.28000000119209289500 -0.00462249899283051491
-0.27000001072883606000 -0.00461935019120573998
-0.25999999046325683600 -0.00461782282218337059
-0.25000000000000000000 -0.00461402721703052521
-0.23999999463558197000 -0.00460314704105257988
-0.23000000417232513400 -0.00460800481960177422
-0.21999999880790710400 -0.00461689103394746781
-0.20999999344348907500 -0.00461564818397164345
-0.20000000298023223900 -0.00463276077061891556
-0.18999999761581420900 -0.00462980289012193680
-0.18000000715255737300 -0.00463356496766209602
-0.17000000178813934300 -0.00464264908805489540
-0.15999999642372131300 -0.00462631089612841606
-0.15000000596046447800 -0.00462418003007769585
-0.14000000059604644800 -0.00462761800736188889
-0.12999999523162841800 -0.00460880016908049584
-0.11999999731779098500 -0.00460301619023084641
-0.10999999940395355200 -0.00462013715878129006
-0.10000000149011611900 -0.00461792107671499252
-0.09000000357627868650 -0.00461835693567991257
-0.07999999821186065670 -0.00463775312528014183
-0.07000000029802322390 -0.00463566184043884278
-0.05999999865889549260 -0.00462451297789812088
-0.05000000074505805970 -0.00463445298373699188
-0.03999999910593032840 -0.00462103122845292092
-0.02999999932944774630 -0.00460120895877480507
-0.01999999955296516420 -0.00461254920810461044
-0.00999999977648258210 -0.00461203604936599732
0.00000000000000000000 -0.00461391219869256020
0.00999999977648258210 -0.00462198210880160332
0.01999999955296516420 -0.00462063588201999664
0.02999999932944774630 -0.00461921980604529381
0.03999999910593032840 -0.00462204916402697563
0.05000000074505805970 -0.00460885185748338700
0.05999999865889549260 -0.00460247602313756943
0.07000000029802322390 -0.00458597112447023392
0.07999999821186065670 -0.00457496382296085358
0.09000000357627868650 -0.00457767816260457039
0.10000000149011611900 -0.00458759907633066178
0.10999999940395355200 -0.00458337413147091866
0.11999999731779098500 -0.00458170613273978233
0.12999999523162841800 -0.00459467479959130287
0.14000000059604644800 -0.00457730609923601151
0.15000000596046447800 -0.00456358399242162705
0.15999999642372131300 -0.00456847017630934715
0.17000000178813934300 -0.00454637315124273300
0.18000000715255737300 -0.00453802477568387985
0.18999999761581420900 -0.00454515079036355019
0.20000000298023223900 -0.00454287417232990265
0.20999999344348907500 -0.00453427899628877640
0.21999999880790710400 -0.00453239586204290390
0.23000000417232513400 -0.00452091777697205544
0.23999999463558197000 -0.00450024101883172989
0.25000000000000000000 -0.00449134921655058861
0.25999999046325683600 -0.00447608577087521553
0.27000001072883606000 -0.00444577401503920555
0.28000000119209289500 -0.00443412503227591515
0.28999999165534973100 -0.00442104600369930267
0.30000001192092895500 -0.00440074084326624870
0.31000000238418579100 -0.00438858289271593094
0.31999999284744262700 -0.00436331797391176224
0.33000001311302185100 -0.00433694990351796150
0.34000000357627868600 -0.00430388189852237702
0.34999999403953552200 -0.00425605522468686104
0.36000001430511474600 -0.00421087397262454033
0.37000000476837158200 -0.00416633021086454392
0.37999999523162841800 -0.00410790881142020226
0.38999998569488525400 -0.00404907390475273132
0.40000000596046447700 -0.00399310979992151260
0.40999999642372131300 -0.00391389196738600731
0.41999998688697814900 -0.00383156398311257362
0.43000000715255737300 -0.00375179597176611424
0.43999999761581420900 -0.00364080490544438362
0.44999998807907104500 -0.00352517492137849331
0.46000000834465026800 -0.00341657409444451332
0.46999999880790710400 -0.00328130205161869526
0.47999998927116394000 -0.00314588588662445545
0.49000000953674316400 -0.00301446998491883278
0.50000000000000000000 -0.00286785094067454338
0.50999999046325683600 -0.00271968496963381767
0.51999998092651367200 -0.00256503792479634285
0.52999997138977050800 -0.00240264204330742359
0.54000002145767211900 -0.00223190896213054657
0.55000001192092895500 -0.00205873092636466026
0.56000000238418579100 -0.00188019894994795322
0.56999999284744262700 -0.00169832201208919287
0.57999998331069946300 -0.00151739805005490780
0.58999997377395629900 -0.00133368105161935091
0.60000002384185791000 -0.00115169095806777477
0.61000001430511474600 -0.00097929511684924364
0.62000000476837158200 -0.00078503711847588420
0.62999999523162841800 -0.00060009089065715671
0.63999998569488525400 -0.00041404631338082254
0.64999997615814209000 -0.00022664149582851678
0.66000002622604370100 -0.00004974929106538184
0.67000001668930053700 0.00012865700409747660
0.68000000715255737300 0.00031755410600453615
0.68999999761581420900 0.00050237117102369666
0.69999998807907104500 0.00068738427944481373
0.70999997854232788100 0.00087192567298188806
0.72000002861022949200 0.00105075503233820200
0.73000001907348632800 0.00123772595543414354
0.74000000953674316400 0.00142425298690795898
0.75000000000000000000 0.00161224196199327707
0.75999999046325683600 0.00180176505818963051
0.76999998092651367200 0.00199266499839723110
0.77999997138977050800 0.00218637310899794102
0.79000002145767211900 0.00238279509358108044
0.80000001192092895500 0.00258236192166805267
0.81000000238418579100 0.00278721889480948448
0.81999999284744262700 0.00299690500833094120
0.82999998331069946300 0.00320875900797545910
0.83999997377395629900 0.00342790898866951466
0.85000002384185791000 0.00365134305320680142
0.86000001430511474600 0.00387506093829870224
0.87000000476837158200 0.00410876702517271042
0.87999999523162841800 0.00434562610462307930
0.88999998569488525400 0.00458338204771280289
0.89999997615814209000 0.00483542680740356445
0.91000002622604370100 0.00509150605648756027
0.92000001668930053700 0.00535027077421545983
0.93000000715255737300 0.00561898713931441307
0.93999999761581420900 0.00589304091408848763
0.94999998807907104500 0.00616875197738409043
0.95999997854232788100 0.00645032804459333420
0.97000002861022949200 0.00674100220203399658
0.98000001907348632800 0.00703052477911114693
0.99000000953674316400 0.00732811400666832924
1.00000000000000000000 0.00763757992535829544
