-1.00000000000000000000 -0.00468469690531492233
-0.99000000953674316400 -0.00468179397284984589
-0.98000001907348632800 -0.00468348013237118721
-0.97000002861022949200 -0.00468602497130632401
-0.95999997854232788100 -0.00468159001320600510
-0.94999998807907104500 -0.00467147491872310639
-0.93999999761581420900 -0.00466668186709284783
-0.93000000715255737300 -0.00466553494334220886
-0.92000001668930053700 -0.00466769794002175331
-0.91000002622604370100 -0.00468119699507951737
-0.89999997615814209000 -0.00468068290501832962
-0.88999998569488525400 -0.00467993598431348801
-0.87999999523162841800 -0.00469374796375632286
-0.87000000476837158200 -0.00467851292341947556
-0.86000001430511474600 -0.00467798206955194473
-0.85000002384185791000 -0.00467797182500362396
-0.83999997377395629900 -0.00465984782204031944
-0.82999998331069946300 -0.00465789483860135079
-0.81999999284744262700 -0.00467424886301159859
-0.81000000238418579100 -0.00467150798067450524
-0.80000001192092895500 -0.00467447517439723015
-0.79000002145767211900 -0.00468696281313896179
-0.77999997138977050800 -0.00467848684638738632
-0.76999998092651367200 -0.00466404482722282410
-0.75999999046325683600 -0.00467339390888810158
-0.75000000000000000000 -0.00465839216485619545
-0.74000000953674316400 -0.00464956881478428841
-0.73000001907348632800 -0.00466063199564814568
-0.72000002861022949200 -0.00465987995266914368
-0.70999997854232788100 -0.00467017618939280510
-0.69999998807907104500 -0.00467581301927566528
-0.68999999761581420900 -0.00467701721936464310
-0.68000000715255737300 -0.00467526214197278023
-0.67000001668930053700 -0.00467026000842452049
-0.66000002622604370100 -0.00466058496385812760
-0.64999997615814209000 -0.00465193297713994980
-0.63999998569488525400 -0.00465403916314244270
-0.62999999523162841800 -0.00465277396142482758
-0.62000000476837158200 -0.00466419104486703873
-0.61000001430511474600 -0.00466764392331242562
-0.60000002384185791000 -0.00466763088479638100
-0.58999997377395629900 -0.00467811012640595436
-0.57999998331069946300 -0.00466908607631921768
-0.56999999284744262700 -0.00466328719630837441
-0.56000000238418579100 -0.00466485880315303803
-0.55000001192092895500 -0.00464521208778023720
-0.54000002145767211900 -0.00464342022314667702
-0.52999997138977050800 -0.00465865479782223702
-0.51999998092651367200 -0.00465969182550907135
-0.50999999046325683600 -0.00465810019522905350
-0.50000000000000000000 -0.00466923695057630539
-0.49000000953674316400 -0.00466972822323441506
-0.47999998927116394000 -0.00465446384623646736
-0.46999999880790710400 -0.00466295704245567322
-0.46000000834465026800 -0.00465263985097408295
-0.44999998807907104500 -0.00463558081537485123
-0.43999999761581420900 -0.00465234788134694100
-0.43000000715255737300 -0.00465179607272148132
-0.41999998688697814900 -0.00465360004454851151
-0.40999999642372131300 -0.00466502411291003227
-0.40000000596046447700 -0.00467087188735604286
-0.38999998569488525400 -0.00465994002297520638
-0.37999999523162841800 -0.00466020777821540833
-0.37000000476837158200 -0.00465468782931566239
-0.36000001430511474600 -0.00462865084409713745
-0.34999999403953552200 -0.00463342806324362755
-0.34000000357627868600 -0.00463827000930905342
-0.33000001311302185100 -0.00462489901110529900
-0.31999999284744262700 -0.00463306205347180367
-0.31000000238418579100 -0.00463529815897345543
-0.30000001192092895500 -0.00463411305099725723
-0.28999999165534973100 -0.00463443994522094727
-0.28000000119209289500 -0.00462354486808180809
-0.27000001072883606000 -0.00461729709059000015
-0.25999999046325683600 -0.00460955500602722168
-0.25000000000000000000 -0.00460476521402597428
-0.23999999463558197000 -0.00460581388324499130
-0.23000000417232513400 -0.00461668800562620163
-0.21999999880790710400 -0.00461817206814885140
-0.20999999344348907500 -0.00460823718458414078
-0.20000000298023223900 -0.00461963005363941193
-0.18999999761581420900 -0.00460696592926979065
-0.18000000715255737300 -0.00460797082632780075
-0.17000000178813934300 -0.00460782507434487343
-0.15999999642372131300 -0.00458776718005537987
-0.15000000596046447800 -0.00459094578400254250
-0.14000000059604644800 -0.00459897005930542946
-0.12999999523162841800 -0.00460109580308198929
-0.11999999731779098500 -0.00459936494007706642
-0.10999999940395355200 -0.00460947118699550629
-0.10000000149011611900 -0.00460826512426137924
-0.09000000357627868650 -0.00459718285128474236
-0.07999999821186065670 -0.00460227997973561287
-0.07000000029802322390 -0.00459007313475012779
-0.05999999865889549260 -0.00457150582224130631
-0.05000000074505805970 -0.00457751797512173653
-0.03999999910593032840 -0.00458194920793175697
-0.02999999932944774630 -0.00457888888195157051
-0.01999999955296516420 -0.00458853505551815033
-0.00999999977648258210 -0.00458534993231296539
0.00000000000000000000 -0.00458242092281579971
0.00999999977648258210 -0.00457854196429252625
0.01999999955296516420 -0.00456991884857416153
0.02999999932944774630 -0.00455813901498913765
0.03999999910593032840 -0.00455044582486152649
0.05000000074505805970 -0.00454790703952312470
0.05999999865889549260 -0.00454438896849751473
0.07000000029802322390 -0.00455608498305082321
0.07999999821186065670 -0.00455554109066724777
0.09000000357627868650 -0.00456542102620005608
0.10000000149011611900 -0.00457051722332835198
0.10999999940395355200 -0.00455492781475186348
0.11999999731779098500 -0.00454780412837862969
0.12999999523162841800 -0.00454602809622883797
0.14000000059604644800 -0.00452610477805137634
0.15000000596046447800 -0.00451857084408402443
0.15999999642372131300 -0.00453072320669889450
0.17000000178813934300 -0.00452561909332871437
0.18000000715255737300 -0.00451803021132946015
0.18999999761581420900 -0.00452393805608153343
0.20000000298023223900 -0.00451243715360760689
0.20999999344348907500 -0.00448640482500195503
0.21999999880790710400 -0.00448802299797534943
0.23000000417232513400 -0.00446265097707509995
0.23999999463558197000 -0.00443944381549954414
0.25000000000000000000 -0.00443959003314375878
0.25999999046325683600 -0.00442288210615515709
0.27000001072883606000 -0.00440883915871381760
0.28000000119209289500 -0.00439397618174552918
0.28999999165534973100 -0.00437584286555647850
0.30000001192092895500 -0.00434173597022891045
0.31000000238418579100 -0.00430786004289984703
0.31999999284744262700 -0.00427049212157726288
0.33000001311302185100 -0.00422067986801266670
0.34000000357627868600 -0.00418378179892897606
0.34999999403953552200 -0.00413542194291949272
0.36000001430511474600 -0.00408601807430386543
0.37000000476837158200 -0.00403325119987130165
0.37999999523162841800 -0.00396932102739810944
0.38999998569488525400 -0.00390105391852557659
0.40000000596046447700 -0.00382068799808621407
0.40999999642372131300 -0.00373082305304706097
0.41999998688697814900 -0.00363511708565056324
0.43000000715255737300 -0.00352730695158243179
0.43999999761581420900 -0.00341894803568720818
0.44999998807907104500 -0.00330978911370038986
0.46000000834465026800 -0.00319460290484130383
0.46999999880790710400 -0.00306843011640012264
0.47999998927116394000 -0.00293790898285806179
0.49000000953674316400 -0.00280348397791385651
0.50000000000000000000 -0.00265225698240101338
0.50999999046325683600 -0.00250469008460640907
0.51999998092651367200 -0.00234963395632803440
0.52999997138977050800 -0.00218359311111271381
0.54000002145767211900 -0.00202365894801914692
0.55000001192092895500 -0.00186328799463808537
0.56000000238418579100 -0.00169538694899529219
0.56999999284744262700 -0.00152698997408151627
0.57999998331069946300 -0.00135945004876703024
0.58999997377395629900 -0.00118451705202460289
0.60000002384185791000 -0.00100892700720578432
0.61000001430511474600 -0.00084579258691519499
0.62000000476837158200 -0.00066438090289011598
0.62999999523162841800 -0.00048635640996508300
0.63999998569488525400 -0.00030762850656174123
0.64999997615814209000 -0.00012990800314582884
0.66000002622604370100 0.00004067322879564017
0.67000001668930053700 0.00021315690537448972
0.68000000715255737300 0.00039347261190414429
0.68999999761581420900 0.00057241891045123339
0.69999998807907104500 0.00075154390651732683
0.70999997854232788100 0.00093003438087180257
0.72000002861022949200 0.00110502704046666622
0.73000001907348632800 0.00128787197172641754
0.74000000953674316400 0.00147039000876247883
0.75000000000000000000 0.00165481097064912319
0.75999999046325683600 0.00184214103501290083
0.76999998092651367200 0.00203117006458342075
0.77999997138977050800 0.00222311704419553280
0.79000002145767211900 0.00241989502683281899
0.80000001192092895500 0.00261831795796751976
0.81000000238418579100 0.00282063195481896401
0.81999999284744262700 0.00302952900528907776
0.82999998331069946300 0.00323903793469071388
0.83999997377395629900 0.00345324096269905567
0.85000002384185791000 0.00367614091373980045
0.86000001430511474600 0.00390171096660196781
0.87000000476837158200 0.00413346197456121445
0.87999999523162841800 0.00437200022861361504
0.88999998569488525400 0.00461390614509582520
0.89999997615814209000 0.00485749915242195130
0.91000002622604370100 0.00510862702503800392
0.92000001668930053700 0.00536438077688217163
0.93000000715255737300 0.00562812900170683861
0.93999999761581420900 0.00589533383026719094
0.94999998807907104500 0.00616936385631561280
0.95999997854232788100 0.00644979905337095261
0.97000002861022949200 0.00673825107514858246
0.98000001907348632800 0.00702774012461304665
0.99000000953674316400 0.00732823181897401810
1.00000000000000000000 0.00762791605666279793
