-1.00000000000000000000 -0.00463106296956539154
-0.99000000953674316400 -0.00462062098085880280
-0.98000001907348632800 -0.00461142417043447495
-0.97000002861022949200 -0.00461089890450239182
-0.95999997854232788100 -0.00461049797013401985
-0.94999998807907104500 -0.00462263217195868492
-0.93999999761581420900 -0.00462511600926518440
-0.93000000715255737300 -0.00462291808798909187
-0.92000001668930053700 -0.00463491585105657578
-0.91000002622604370100 -0.00462409714236855507
-0.89999997615814209000 -0.00462254183366894722
-0.88999998569488525400 -0.00462088687345385552
-0.87999999523162841800 -0.00460330117493867874
-0.87000000476837158200 -0.00460088904947042465
-0.86000001430511474600 -0.00461483420804142952
-0.85000002384185791000 -0.00461546517908573151
-0.83999997377395629900 -0.00461581815034151077
-0.82999998331069946300 -0.00462763197720050812
-0.81999999284744262700 -0.00462891580536961556
-0.81000000238418579100 -0.00462220003828406334
-0.80000001192092895500 -0.00462426710873842240
-0.79000002145767211900 -0.00461668707430362702
-0.77999997138977050800 -0.00459579098969697952
-0.76999998092651367200 -0.00460594892501831055
-0.75999999046325683600 -0.00460774078965187073
-0.75000000000000000000 -0.00461080903187394142
-0.74000000953674316400 -0.00462041795253753662
-0.73000001907348632800 -0.00461777905002236366
-0.72000002861022949200 -0.00462158583104610443
-0.70999997854232788100 -0.00461878022179007530
-0.69999998807907104500 -0.00461644120514392853
-0.68999999761581420900 -0.00461058504879474640
-0.68000000715255737300 -0.00459859520196914673
-0.67000001668930053700 -0.00460213888436555863
-0.66000002622604370100 -0.00460504600778222084
-0.64999997615814209000 -0.00461696693673729897
-0.63999998569488525400 -0.00461671082302927971
-0.62999999523162841800 -0.00462181307375431061
-0.62000000476837158200 -0.00462824804708361626
-0.61000001430511474600 -0.00461878115311264992
-0.60000002384185791000 -0.00461655622348189354
-0.58999997377395629900 -0.00461666285991668701
-0.57999998331069946300 -0.00459602987393736839
-0.56999999284744262700 -0.00459841778501868248
-0.56000000238418579100 -0.00461438298225402832
-0.55000001192092895500 -0.00461246492341160774
-0.54000002145767211900 -0.00461915414780378342
-0.52999997138977050800 -0.00462932605296373367
-0.51999998092651367200 -0.00462536001577973366
-0.50999999046325683600 -0.00461703492328524590
-0.50000000000000000000 -0.00462260190397500992
-0.49000000953674316400 -0.00461054313927888870
-0.47999998927116394000 -0.00459189619868993759
-0.46999999880790710400 -0.00460040010511875153
-0.46000000834465026800 -0.00460196100175380707
-0.44999998807907104500 -0.00460903299972414971
-0.43999999761581420900 -0.00461371103301644325
-0.43000000715255737300 -0.00461604492738842964
-0.41999998688697814900 -0.00461475690826773644
-0.40999999642372131300 -0.00461016222834587097
-0.40000000596046447700 -0.00460758386179804802
-0.38999998569488525400 -0.00460279081016778946
-0.37999999523162841800 -0.00458957906812429428
-0.37000000476837158200 -0.00459076883271336556
-0.36000001430511474600 -0.00459706410765647888
-0.34999999403953552200 -0.00460255704820156098
-0.34000000357627868600 -0.00460299709811806679
-0.33000001311302185100 -0.00461056921631097794
-0.31999999284744262700 -0.00461454689502716065
-0.31000000238418579100 -0.00459687318652868271
-0.30000001192092895500 -0.00460436008870601654
-0.28999999165534973100 -0.00459897983819246292
-0.28000000119209289500 -0.00457742996513843537
-0.27000001072883606000 -0.00458781421184539795
-0.25999999046325683600 -0.00459195580333471298
-0.25000000000000000000 -0.00459418306127190590
-0.23999999463558197000 -0.00459688203409314156
-0.23000000417232513400 -0.00461025582626461983
-0.21999999880790710400 -0.00460034003481268883
-0.20999999344348907500 -0.00459415419027209282
-0.20000000298023223900 -0.00460053700953722000
-0.18999999761581420900 -0.00458688894286751747
-0.18000000715255737300 -0.00457774009555578232
-0.17000000178813934300 -0.00458175502717494965
-0.15999999642372131300 -0.00458680186420679093
-0.15000000596046447800 -0.00459239399060606957
-0.14000000059604644800 -0.00459852023050189018
-0.12999999523162841800 -0.00460050394758582115
-0.11999999731779098500 -0.00459953816607594490
-0.10999999940395355200 -0.00458836415782570839
-0.10000000149011611900 -0.00458799302577972412
-0.09000000357627868650 -0.00458515202626585961
-0.07999999821186065670 -0.00457110395655035973
-0.07000000029802322390 -0.00457472493872046471
-0.05999999865889549260 -0.00458146305754780770
-0.05000000074505805970 -0.00458508823066949844
-0.03999999910593032840 -0.00458503188565373421
-0.02999999932944774630 -0.00459317490458488464
-0.01999999955296516420 -0.00459081493318080902
-0.00999999977648258210 -0.00457520689815282822
0.00000000000000000000 -0.00458153104409575462
0.00999999977648258210 -0.00457653915509581566
0.01999999955296516420 -0.00455459300428628922
0.02999999932944774630 -0.00455655995756387711
0.03999999910593032840 -0.00456599798053503037
0.05000000074505805970 -0.00456327805295586586
0.05999999865889549260 -0.00456502102315425873
0.07000000029802322390 -0.00457168091088533402
0.07999999821186065670 -0.00456730322912335396
0.09000000357627868650 -0.00455566681921482086
0.10000000149011611900 -0.00456005986779928208
0.10999999940395355200 -0.00454567419365048409
0.11999999731779098500 -0.00452947197481989861
0.12999999523162841800 -0.00453224591910839081
0.14000000059604644800 -0.00452985381707549095
0.15000000596046447800 -0.00453157396987080574
0.15999999642372131300 -0.00453405687585473061
0.17000000178813934300 -0.00453228596597909928
0.18000000715255737300 -0.00452873203903436661
0.18999999761581420900 -0.00451524602249264717
0.20000000298023223900 -0.00450637796893715859
0.20999999344348907500 -0.00449626799672842026
0.21999999880790710400 -0.00447812909260392189
0.23000000417232513400 -0.00447218818590044975
0.23999999463558197000 -0.00447056302800774574
0.25000000000000000000 -0.00446489686146378517
0.25999999046325683600 -0.00445423414930701256
0.27000001072883606000 -0.00445140711963176727
0.28000000119209289500 -0.00443515414372086525
0.28999999165534973100 -0.00440194085240364075
0.30000001192092895500 -0.00439220480620861054
0.31000000238418579100 -0.00436229677870869637
0.31999999284744262700 -0.00431957887485623360
0.33000001311302185100 -0.00430573709309101105
0.34000000357627868600 -0.00427716178819537163
0.34999999403953552200 -0.00424109911546111107
0.36000001430511474600 -0.00420772703364491463
0.37000000476837158200 -0.00417175004258751869
0.37999999523162841800 -0.00411187391728162766
0.38999998569488525400 -0.00405144877731800079
0.40000000596046447700 -0.00398799404501914978
0.40999999642372131300 -0.00390516198240220547
0.41999998688697814900 -0.00382286100648343563
0.43000000715255737300 -0.00374021101742982864
0.43999999761581420900 -0.00364966900087893009
0.44999998807907104500 -0.00355371995829045773
0.46000000834465026800 -0.00344616593793034554
0.46999999880790710400 -0.00333112804219126701
0.47999998927116394000 -0.00320644490420818329
0.49000000953674316400 -0.00306596909649670124
0.50000000000000000000 -0.00292704999446868897
0.50999999046325683600 -0.00277962698601186276
0.51999998092651367200 -0.00262362207286059856
0.52999997138977050800 -0.00246649910695850849
0.54000002145767211900 -0.00231002504006028175
0.55000001192092895500 -0.00214293692260980606
0.56000000238418579100 -0.00197117193602025509
0.56999999284744262700 -0.00180455297231674194
0.57999998331069946300 -0.00162237300537526608
0.58999997377395629900 -0.00143950898200273514
0.60000002384185791000 -0.00126208504661917686
0.61000001430511474600 -0.00107528502121567726
0.62000000476837158200 -0.00091122247977182269
0.62999999523162841800 -0.00072125880979001522
0.63999998569488525400 -0.00053377368021756411
0.64999997615814209000 -0.00034490969846956432
0.66000002622604370100 -0.00016311599756591022
0.67000001668930053700 0.00000329494196193991
0.68000000715255737300 0.00018312569591216743
0.68999999761581420900 0.00037269049789756536
0.69999998807907104500 0.00056035182205960155
0.70999997854232788100 0.00074616709025576711
0.72000002861022949200 0.00093340157764032483
0.73000001907348632800 0.00111435295548290014
0.74000000953674316400 0.00130664196331053972
0.75000000000000000000 0.00149931595660746098
0.75999999046325683600 0.00169506599195301533
0.76999998092651367200 0.00189326505642384291
0.77999997138977050800 0.00209531793370842934
0.79000002145767211900 0.00230124499648809433
0.80000001192092895500 0.00251325103454291821
0.81000000238418579100 0.00272774300538003445
0.81999999284744262700 0.00294643989764153957
0.82999998331069946300 0.00317338691093027592
0.83999997377395629900 0.00340141309425234795
0.85000002384185791000 0.00363681605085730553
0.86000001430511474600 0.00388338393531739712
0.87000000476837158200 0.00413410086184740067
0.87999999523162841800 0.00439180200919508934
0.88999998569488525400 0.00465824920684099198
0.89999997615814209000 0.00493107596412301064
0.91000002622604370100 0.00520533788949251175
0.92000001668930053700 0.00548718590289354325
0.93000000715255737300 0.00577672710642218590
0.93999999761581420900 0.00606933003291487694
0.94999998807907104500 0.00637352187186479569
0.95999997854232788100 0.00668726116418838501
0.97000002861022949200 0.00701048085466027260
0.98000001907348632800 0.00734104495495557785
0.99000000953674316400 0.00767196901142597199
1.00000000000000000000 0.00801615044474601746
