-1.00000000000000000000 -0.00468508293852210045
-0.99000000953674316400 -0.00468789087608456612
-0.98000001907348632800 -0.00468890508636832237
-0.97000002861022949200 -0.00470363814383745194
-0.95999997854232788100 -0.00470397993922233582
-0.94999998807907104500 -0.00469582108780741692
-0.93999999761581420900 -0.00469310022890567780
-0.93000000715255737300 -0.00469413679093122482
-0.92000001668930053700 -0.00467731198295950890
-0.91000002622604370100 -0.00467535899952054024
-0.89999997615814209000 -0.00467991782352328301
-0.88999998569488525400 -0.00467937905341386795
-0.87999999523162841800 -0.00469353189691901207
-0.87000000476837158200 -0.00469221081584692002
-0.86000001430511474600 -0.00469729583710432053
-0.85000002384185791000 -0.00469795288518071175
-0.83999997377395629900 -0.00468645384535193443
-0.82999998331069946300 -0.00468479702249169350
-0.81999999284744262700 -0.00468244822695851326
-0.81000000238418579100 -0.00467668799683451653
-0.80000001192092895500 -0.00467648496851325035
-0.79000002145767211900 -0.00469338521361351013
-0.77999997138977050800 -0.00468938518315553665
-0.76999998092651367200 -0.00469418987631797791
-0.75999999046325683600 -0.00470515619963407517
-0.75000000000000000000 -0.00469414796680212021
-0.74000000953674316400 -0.00467693712562322617
-0.73000001907348632800 -0.00468058884143829346
-0.72000002861022949200 -0.00466260500252246857
-0.70999997854232788100 -0.00466428510844707489
-0.69999998807907104500 -0.00467475317418575287
-0.68999999761581420900 -0.00467281881719827652
-0.68000000715255737300 -0.00466996897011995316
-0.67000001668930053700 -0.00467404490336775780
-0.66000002622604370100 -0.00467704888433218002
-0.64999997615814209000 -0.00466779479756951332
-0.63999998569488525400 -0.00467117410153150559
-0.62999999523162841800 -0.00466178590431809426
-0.62000000476837158200 -0.00464633898809552193
-0.61000001430511474600 -0.00465213414281606674
-0.60000002384185791000 -0.00465150922536849976
-0.58999997377395629900 -0.00465912185609340668
-0.57999998331069946300 -0.00466605508700013161
-0.56999999284744262700 -0.00466590793803334236
-0.56000000238418579100 -0.00466998200863599777
-0.55000001192092895500 -0.00466839177533984184
-0.54000002145767211900 -0.00466093700379133225
-0.52999997138977050800 -0.00465319212526082993
-0.51999998092651367200 -0.00463266903534531593
-0.50999999046325683600 -0.00463140895590186119
-0.50000000000000000000 -0.00464001484215259552
-0.49000000953674316400 -0.00464532803744077683
-0.47999998927116394000 -0.00464639998972415924
-0.46999999880790710400 -0.00465022679418325424
-0.46000000834465026800 -0.00465904688462615013
-0.44999998807907104500 -0.00464460998773574829
-0.43999999761581420900 -0.00464635109528899193
-0.43000000715255737300 -0.00464563118293881416
-0.41999998688697814900 -0.00462782522663474083
-0.40999999642372131300 -0.00462934281677007675
-0.40000000596046447700 -0.00463663879781961441
-0.38999998569488525400 -0.00463725486770272255
-0.37999999523162841800 -0.00464808102697134018
-0.37000000476837158200 -0.00466060312464833260
-0.36000001430511474600 -0.00466106086969375610
-0.34999999403953552200 -0.00465718191117048264
-0.34000000357627868600 -0.00465294020250439644
-0.33000001311302185100 -0.00464466307312250137
-0.31999999284744262700 -0.00463780388236045838
-0.31000000238418579100 -0.00463186902925372124
-0.30000001192092895500 -0.00463736196979880333
-0.28999999165534973100 -0.00464928103610873222
-0.28000000119209289500 -0.00465025287121534348
-0.27000001072883606000 -0.00464726705104112625
-0.25999999046325683600 -0.00466723507270216942
-0.25000000000000000000 -0.00465467479079961777
-0.23999999463558197000 -0.00464411778375506401
-0.23000000417232513400 -0.00465759122744202614
-0.21999999880790710400 -0.00464225606992840767
-0.20999999344348907500 -0.00464032916352152825
-0.20000000298023223900 -0.00464970618486404419
-0.18999999761581420900 -0.00465204892680048943
-0.18000000715255737300 -0.00464906822890043259
-0.17000000178813934300 -0.00466264318674802780
-0.15999999642372131300 -0.00466480385512113571
-0.15000000596046447800 -0.00465207407251000404
-0.14000000059604644800 -0.00465390691533684731
-0.12999999523162841800 -0.00464855181053280831
-0.11999999731779098500 -0.00462705688551068306
-0.10999999940395355200 -0.00463353283703327179
-0.10000000149011611900 -0.00463567720726132393
-0.09000000357627868650 -0.00463470816612243652
-0.07999999821186065670 -0.00464852899312973023
-0.07000000029802322390 -0.00464397110044956207
-0.05999999865889549260 -0.00464637484401464462
-0.05000000074505805970 -0.00464548682793974877
-0.03999999910593032840 -0.00463362503796815872
-0.02999999932944774630 -0.00462868297472596169
-0.01999999955296516420 -0.00462629320099949837
-0.00999999977648258210 -0.00461381580680608750
0.00000000000000000000 -0.00461547123268246651
0.00999999977648258210 -0.00462724315002560616
0.01999999955296516420 -0.00462681287899613381
0.02999999932944774630 -0.00462539820000529289
0.03999999910593032840 -0.00463616987690329552
0.05000000074505805970 -0.00462899403646588326
0.05999999865889549260 -0.00460956385359168053
0.07000000029802322390 -0.00461873877793550491
0.07999999821186065670 -0.00460946885868906975
0.09000000357627868650 -0.00458639720454812050
0.10000000149011611900 -0.00460105109959840775
0.10999999940395355200 -0.00459632696583867073
0.11999999731779098500 -0.00459363497793674469
0.12999999523162841800 -0.00460289511829614639
0.14000000059604644800 -0.00460529187694191933
0.15000000596046447800 -0.00459237396717071533
0.15999999642372131300 -0.00458589708432555199
0.17000000178813934300 -0.00458282278850674629
0.18000000715255737300 -0.00456743780523538590
0.18999999761581420900 -0.00455817393958568573
0.20000000298023223900 -0.00454958993941545487
0.20999999344348907500 -0.00454480387270450592
0.21999999880790710400 -0.00454904418438673020
0.23000000417232513400 -0.00454331282526254654
0.23999999463558197000 -0.00453220587223768234
0.25000000000000000000 -0.00453170388936996460
0.25999999046325683600 -0.00450420705601572991
0.27000001072883606000 -0.00449068704620003700
0.28000000119209289500 -0.00447621801868081093
0.28999999165534973100 -0.00443738885223865509
0.30000001192092895500 -0.00441817613318562508
0.31000000238418579100 -0.00440732995048165322
0.31999999284744262700 -0.00438066106289625168
0.33000001311302185100 -0.00435168109834194184
0.34000000357627868600 -0.00432910397648811340
0.34999999403953552200 -0.00428010709583759308
0.36000001430511474600 -0.00422068499028682709
0.37000000476837158200 -0.00417787907645106316
0.37999999523162841800 -0.00411199685186147690
0.38999998569488525400 -0.00403439579531550408
0.40000000596046447700 -0.00397126981988549233
0.40999999642372131300 -0.00389712490141391754
0.41999998688697814900 -0.00381227093748748303
0.43000000715255737300 -0.00372953899204730988
0.43999999761581420900 -0.00363159109838306904
0.44999998807907104500 -0.00351967196911573410
0.46000000834465026800 -0.00340371998026967049
0.46999999880790710400 -0.00327967596240341663
0.47999998927116394000 -0.00314415199682116509
0.49000000953674316400 -0.00300327688455581665
0.50000000000000000000 -0.00285894703119993210
0.50999999046325683600 -0.00271217897534370422
0.51999998092651367200 -0.00256351009011268616
0.52999997138977050800 -0.00240149605087935925
0.54000002145767211900 -0.00223866500891745091
0.55000001192092895500 -0.00207216595299541950
0.56000000238418579100 -0.00189387996215373278
0.56999999284744262700 -0.00171761703677475452
0.57999998331069946300 -0.00154003698844462633
0.58999997377395629900 -0.00135275104548782110
0.60000002384185791000 -0.00117041694466024637
0.61000001430511474600 -0.00101093098055571318
0.62000000476837158200 -0.00081456569023430347
0.62999999523162841800 -0.00062393839471042156
0.63999998569488525400 -0.00044034520396962762
0.64999997615814209000 -0.00025277110398747027
0.66000002622604370100 -0.00007763000758131966
0.67000001668930053700 0.00010641450353432447
0.68000000715255737300 0.00029769859975203872
0.68999999761581420900 0.00048774879542179406
0.69999998807907104500 0.00067686982220038772
0.70999997854232788100 0.00086731859482824802
0.72000002861022949200 0.00105224398430436850
0.73000001907348632800 0.00124848796986043453
0.74000000953674316400 0.00144424603786319494
0.75000000000000000000 0.00164274103008210659
0.75999999046325683600 0.00184486398939043284
0.76999998092651367200 0.00204807799309492111
0.77999997138977050800 0.00225432403385639191
0.79000002145767211900 0.00246714800596237183
0.80000001192092895500 0.00268091005273163319
0.81000000238418579100 0.00289936200715601444
0.81999999284744262700 0.00312724802643060684
0.82999998331069946300 0.00335861206986010075
0.83999997377395629900 0.00359485601074993610
0.85000002384185791000 0.00384018709883093834
0.86000001430511474600 0.00408926792442798615
0.87000000476837158200 0.00434205215424299240
0.87999999523162841800 0.00460181012749671936
0.88999998569488525400 0.00486824987456202507
0.89999997615814209000 0.00513675482943654061
0.91000002622604370100 0.00541615579277276993
0.92000001668930053700 0.00570249697193503380
0.93000000715255737300 0.00599624589085578919
0.93999999761581420900 0.00630057789385318756
0.94999998807907104500 0.00660625193268060684
0.95999997854232788100 0.00692145898938179016
0.97000002861022949200 0.00724226003512740135
0.98000001907348632800 0.00755965383723378182
0.99000000953674316400 0.00789473764598369599
1.00000000000000000000 0.00823380146175622940
