-1.00000000000000000000 -0.00474714394658803940
-0.99000000953674316400 -0.00475109601393342018
-0.98000001907348632800 -0.00473287794739007950
-0.97000002861022949200 -0.00472984602674841881
-0.95999997854232788100 -0.00473359180614352226
-0.94999998807907104500 -0.00473379902541637421
-0.93999999761581420900 -0.00474647292867302895
-0.93000000715255737300 -0.00474956305697560311
-0.92000001668930053700 -0.00475061405450105667
-0.91000002622604370100 -0.00476368982344865799
-0.89999997615814209000 -0.00475026480853557587
-0.88999998569488525400 -0.00474996818229556084
-0.87999999523162841800 -0.00475001195445656777
-0.87000000476837158200 -0.00473436200991272926
-0.86000001430511474600 -0.00473573105409741402
-0.85000002384185791000 -0.00475283199921250343
-0.83999997377395629900 -0.00475601991638541222
-0.82999998331069946300 -0.00475309882313013077
-0.81999999284744262700 -0.00477362377569079399
-0.81000000238418579100 -0.00476380577310919762
-0.80000001192092895500 -0.00474696978926658631
-0.79000002145767211900 -0.00477147707715630531
-0.77999997138977050800 -0.00475581223145127297
-0.76999998092651367200 -0.00474343821406364441
-0.75999999046325683600 -0.00475936802104115486
-0.75000000000000000000 -0.00475991796702146530
-0.74000000953674316400 -0.00475926091894507408
-0.73000001907348632800 -0.00477509200572967529
-0.72000002861022949200 -0.00477656815201044083
-0.70999997854232788100 -0.00476922094821929932
-0.69999998807907104500 -0.00476805912330746651
-0.68999999761581420900 -0.00476372707635164261
-0.68000000715255737300 -0.00474403891712427139
-0.67000001668930053700 -0.00474967807531356812
-0.66000002622604370100 -0.00474781077355146408
-0.64999997615814209000 -0.00474767619743943215
-0.63999998569488525400 -0.00475448416545987129
-0.62999999523162841800 -0.00475194118916988373
-0.62000000476837158200 -0.00475511001423001290
-0.61000001430511474600 -0.00475750816985964775
-0.60000002384185791000 -0.00474321702495217323
-0.58999997377395629900 -0.00474198302254080773
-0.57999998331069946300 -0.00473923794925212860
-0.56999999284744262700 -0.00473097478970885277
-0.56000000238418579100 -0.00473024509847164154
-0.55000001192092895500 -0.00474669784307479859
-0.54000002145767211900 -0.00474575813859701157
-0.52999997138977050800 -0.00474419910460710526
-0.51999998092651367200 -0.00475982716307044029
-0.50999999046325683600 -0.00475000496953725815
-0.50000000000000000000 -0.00473581487312912941
-0.49000000953674316400 -0.00473712198436260224
-0.47999998927116394000 -0.00472221104428172112
-0.46999999880790710400 -0.00470917206257581711
-0.46000000834465026800 -0.00472111208364367485
-0.44999998807907104500 -0.00471556792035698891
-0.43999999761581420900 -0.00471534579992294312
-0.43000000715255737300 -0.00472759502008557320
-0.41999998688697814900 -0.00473518297076225281
-0.40999999642372131300 -0.00472279405221343041
-0.40000000596046447700 -0.00472207879647612572
-0.38999998569488525400 -0.00471852906048297882
-0.37999999523162841800 -0.00470173591747879982
-0.37000000476837158200 -0.00470099691301584244
-0.36000001430511474600 -0.00470500579103827477
-0.34999999403953552200 -0.00470607494935393334
-0.34000000357627868600 -0.00471548596397042275
-0.33000001311302185100 -0.00471707712858915329
-0.31999999284744262700 -0.00472389813512563706
-0.31000000238418579100 -0.00472669117152690888
-0.30000001192092895500 -0.00470954319462180138
-0.28999999165534973100 -0.00471120420843362808
-0.28000000119209289500 -0.00470241019502282143
-0.27000001072883606000 -0.00469353888183832169
-0.25999999046325683600 -0.00469594309106469154
-0.25000000000000000000 -0.00470864912495017052
-0.23999999463558197000 -0.00470990687608718872
-0.23000000417232513400 -0.00471107615157961846
-0.21999999880790710400 -0.00472409604117274284
-0.20999999344348907500 -0.00471155392006039620
-0.20000000298023223900 -0.00470023602247238159
-0.18999999761581420900 -0.00470924703404307366
-0.18000000715255737300 -0.00469201803207397461
-0.17000000178813934300 -0.00468512577936053276
-0.15999999642372131300 -0.00468542380258440972
-0.15000000596046447800 -0.00468413485214114189
-0.14000000059604644800 -0.00468351785093545914
-0.12999999523162841800 -0.00469595519825816155
-0.11999999731779098500 -0.00469364598393440247
-0.10999999940395355200 -0.00468612601980566979
-0.10000000149011611900 -0.00468113506212830544
-0.09000000357627868650 -0.00467499904334545136
-0.07999999821186065670 -0.00466367602348327637
-0.07000000029802322390 -0.00466170115396380425
-0.05999999865889549260 -0.00466092582792043686
-0.05000000074505805970 -0.00466482993215322495
-0.03999999910593032840 -0.00468312809243798256
-0.02999999932944774630 -0.00467951316386461258
-0.01999999955296516420 -0.00468822708353400231
-0.00999999977648258210 -0.00468525988981127739
0.00000000000000000000 -0.00466852309182286263
0.00999999977648258210 -0.00466983113437891007
0.01999999955296516420 -0.00466579478234052658
0.02999999932944774630 -0.00464295782148838043
0.03999999910593032840 -0.00464883400127291680
0.05000000074505805970 -0.00465770717710256577
0.05999999865889549260 -0.00465124892070889473
0.07000000029802322390 -0.00465364800766110420
0.07999999821186065670 -0.00466568581759929657
0.09000000357627868650 -0.00465014809742569924
0.10000000149011611900 -0.00463520409539341927
0.10999999940395355200 -0.00465328991413116455
0.11999999731779098500 -0.00463354587554931641
0.12999999523162841800 -0.00461620418354868889
0.14000000059604644800 -0.00463696708902716637
0.15000000596046447800 -0.00462998589500784874
0.15999999642372131300 -0.00462911790236830712
0.17000000178813934300 -0.00463185785338282585
0.18000000715255737300 -0.00463040405884385109
0.18999999761581420900 -0.00461622979491949082
0.20000000298023223900 -0.00460327696055173874
0.20999999344348907500 -0.00459024216979742050
0.21999999880790710400 -0.00457324599847197533
0.23000000417232513400 -0.00455460976809263230
0.23999999463558197000 -0.00454253610223531723
0.25000000000000000000 -0.00453294580802321434
0.25999999046325683600 -0.00452332478016614914
0.27000001072883606000 -0.00450336700305342674
0.28000000119209289500 -0.00448862789198756218
0.28999999165534973100 -0.00446834508329629898
0.30000001192092895500 -0.00442385487258434296
0.31000000238418579100 -0.00439909612759947777
0.31999999284744262700 -0.00435627112165093422
0.33000001311302185100 -0.00429914100095629692
0.34000000357627868600 -0.00426150998100638390
0.34999999403953552200 -0.00421868404373526573
0.36000001430511474600 -0.00416063284501433373
0.37000000476837158200 -0.00409980397671461105
0.37999999523162841800 -0.00404046522453427315
0.38999998569488525400 -0.00395652279257774353
0.40000000596046447700 -0.00386910396628081799
0.40999999642372131300 -0.00378392892889678478
0.41999998688697814900 -0.00367768993601202965
0.43000000715255737300 -0.00356851704418659210
0.43999999761581420900 -0.00346087594516575337
0.44999998807907104500 -0.00334526109509170056
0.46000000834465026800 -0.00322499009780585766
0.46999999880790710400 -0.00309888203628361225
0.47999998927116394000 -0.00296303210780024529
0.49000000953674316400 -0.00282376096583902836
0.50000000000000000000 -0.00266954395920038223
0.50999999046325683600 -0.00251810601912438870
0.51999998092651367200 -0.00236194790340960026
0.52999997138977050800 -0.00219671800732612610
0.54000002145767211900 -0.00203484599478542805
0.55000001192092895500 -0.00187402404844760895
0.56000000238418579100 -0.00170723802875727415
0.56999999284744262700 -0.00153583905193954706
0.57999998331069946300 -0.00136947794817388058
0.58999997377395629900 -0.00119428301695734263
0.60000002384185791000 -0.00101675605401396751
0.61000001430511474600 -0.00086005241610109806
0.62000000476837158200 -0.00067939300788566470
0.62999999523162841800 -0.00050170422764495015
0.63999998569488525400 -0.00032764379284344614
0.64999997615814209000 -0.00015333210467360914
0.66000002622604370100 0.00001254225026059430
0.67000001668930053700 0.00017868859868030995
0.68000000715255737300 0.00035558070521801710
0.68999999761581420900 0.00053100287914276123
0.69999998807907104500 0.00070581590989604592
0.70999997854232788100 0.00088012497872114182
0.72000002861022949200 0.00104941695462912321
0.73000001907348632800 0.00122901494614779949
0.74000000953674316400 0.00140778103377670050
0.75000000000000000000 0.00158893398474901915
0.75999999046325683600 0.00177294795867055655
0.76999998092651367200 0.00195906101725995541
0.77999997138977050800 0.00214908900670707226
0.79000002145767211900 0.00234289397485554218
0.80000001192092895500 0.00254089501686394215
0.81000000238418579100 0.00274117500521242619
0.81999999284744262700 0.00294662802480161190
0.82999998331069946300 0.00315809505991637707
0.83999997377395629900 0.00337177002802491188
0.85000002384185791000 0.00359142292290925980
0.86000001430511474600 0.00382063398137688637
0.87000000476837158200 0.00405217288061976433
0.87999999523162841800 0.00429039821028709412
0.88999998569488525400 0.00453556422144174576
0.89999997615814209000 0.00478520989418029785
0.91000002622604370100 0.00503714289516210556
0.92000001668930053700 0.00529488688334822655
0.93000000715255737300 0.00555933918803930283
0.93999999761581420900 0.00582518195733428002
0.94999998807907104500 0.00610578106716275215
0.95999997854232788100 0.00639063818380236626
0.97000002861022949200 0.00668099522590637207
0.98000001907348632800 0.00698002614080905914
0.99000000953674316400 0.00728062400594353676
1.00000000000000000000 0.00759107293561100960
