-1.00000000000000000000 -0.00466229580342769623
-0.99000000953674316400 -0.00465455418452620506
-0.98000001907348632800 -0.00465077580884099007
-0.97000002861022949200 -0.00465577514842152596
-0.95999997854232788100 -0.00465147290378808975
-0.94999998807907104500 -0.00465187802910804749
-0.93999999761581420900 -0.00464814016595482826
-0.93000000715255737300 -0.00463466998189687729
-0.92000001668930053700 -0.00463227508589625359
-0.91000002622604370100 -0.00461949221789836884
-0.89999997615814209000 -0.00461009517312049866
-0.88999998569488525400 -0.00461805611848831177
-0.87999999523162841800 -0.00462334882467985153
-0.87000000476837158200 -0.00462186522781848908
-0.86000001430511474600 -0.00462268292903900147
-0.85000002384185791000 -0.00463133491575717926
-0.83999997377395629900 -0.00461689103394746781
-0.82999998331069946300 -0.00461122719570994377
-0.81999999284744262700 -0.00461156014353036881
-0.81000000238418579100 -0.00459393998607993126
-0.80000001192092895500 -0.00459053181111812592
-0.79000002145767211900 -0.00460168905556201935
-0.77999997138977050800 -0.00460158614441752434
-0.76999998092651367200 -0.00460159406065940857
-0.75999999046325683600 -0.00461139483377337456
-0.75000000000000000000 -0.00461405515670776367
-0.74000000953674316400 -0.00460461713373661041
-0.73000001907348632800 -0.00460357777774333954
-0.72000002861022949200 -0.00459456909447908402
-0.70999997854232788100 -0.00457681901752948761
-0.69999998807907104500 -0.00458066305145621300
-0.68999999761581420900 -0.00458266120404005051
-0.68000000715255737300 -0.00458524981513619423
-0.67000001668930053700 -0.00459398888051509857
-0.66000002622604370100 -0.00459111807867884636
-0.64999997615814209000 -0.00459365081042051315
-0.63999998569488525400 -0.00458985706791281700
-0.62999999523162841800 -0.00458627287298440933
-0.62000000476837158200 -0.00458179693669080734
-0.61000001430511474600 -0.00456880917772650719
-0.60000002384185791000 -0.00456696888431906700
-0.58999997377395629900 -0.00457362318411469460
-0.57999998331069946300 -0.00458307284861803055
-0.56999999284744262700 -0.00458058621734380722
-0.56000000238418579100 -0.00458663003519177437
-0.55000001192092895500 -0.00459361588582396507
-0.54000002145767211900 -0.00457871612161397934
-0.52999997138977050800 -0.00458012893795967102
-0.51999998092651367200 -0.00457689398899674416
-0.50999999046325683600 -0.00455437786877155304
-0.50000000000000000000 -0.00455857021734118462
-0.49000000953674316400 -0.00457257078960537911
-0.47999998927116394000 -0.00456885900348424912
-0.46999999880790710400 -0.00457431096583604813
-0.46000000834465026800 -0.00457893218845129013
-0.44999998807907104500 -0.00457674078643321991
-0.43999999761581420900 -0.00456799287348985672
-0.43000000715255737300 -0.00457008508965373039
-0.41999998688697814900 -0.00455786194652318955
-0.40999999642372131300 -0.00454287603497505188
-0.40000000596046447700 -0.00455306097865104675
-0.38999998569488525400 -0.00455064978450536728
-0.37999999523162841800 -0.00454714009538292885
-0.37000000476837158200 -0.00455059297382831574
-0.36000001430511474600 -0.00455354899168014526
-0.34999999403953552200 -0.00455005699768662453
-0.34000000357627868600 -0.00453926715999841690
-0.33000001311302185100 -0.00453738309442996979
-0.31999999284744262700 -0.00452635483816266060
-0.31000000238418579100 -0.00451501179486513138
-0.30000001192092895500 -0.00451326183974742890
-0.28999999165534973100 -0.00452233897522091866
-0.28000000119209289500 -0.00452381093055009842
-0.27000001072883606000 -0.00452432781457901001
-0.25999999046325683600 -0.00453540403395891190
-0.25000000000000000000 -0.00452950596809387207
-0.23999999463558197000 -0.00451306579634547234
-0.23000000417232513400 -0.00451403995975852013
-0.21999999880790710400 -0.00449927197769284248
-0.20999999344348907500 -0.00448365183547139168
-0.20000000298023223900 -0.00449794810265302658
-0.18999999761581420900 -0.00449840119108557701
-0.18000000715255737300 -0.00449536787346005440
-0.17000000178813934300 -0.00449639605358242989
-0.15999999642372131300 -0.00450003799051046372
-0.15000000596046447800 -0.00448464183136820793
-0.14000000059604644800 -0.00448752800002694130
-0.12999999523162841800 -0.00448276987299323082
-0.11999999731779098500 -0.00446161488071084023
-0.10999999940395355200 -0.00446838978677988052
-0.10000000149011611900 -0.00447086710482835770
-0.09000000357627868650 -0.00447044102475047112
-0.07999999821186065670 -0.00447964901104569435
-0.07000000029802322390 -0.00447860779240727425
-0.05999999865889549260 -0.00448144786059856415
-0.05000000074505805970 -0.00447891606017947197
-0.03999999910593032840 -0.00447251601144671440
-0.02999999932944774630 -0.00446177413687109947
-0.01999999955296516420 -0.00446004280820488930
-0.00999999977648258210 -0.00446214107796549797
0.00000000000000000000 -0.00446310685947537422
0.00999999977648258210 -0.00447115208953619003
0.01999999955296516420 -0.00447274791076779366
0.02999999932944774630 -0.00446806708350777626
0.03999999910593032840 -0.00448177102953195572
0.05000000074505805970 -0.00446815183386206627
0.05999999865889549260 -0.00445966515690088272
0.07000000029802322390 -0.00446016294881701470
0.07999999821186065670 -0.00443827686831355095
0.09000000357627868650 -0.00443192617967724800
0.10000000149011611900 -0.00444281985983252525
0.10999999940395355200 -0.00444216281175613403
0.11999999731779098500 -0.00443674018606543541
0.12999999523162841800 -0.00444467086344957352
0.14000000059604644800 -0.00443892506882548332
0.15000000596046447800 -0.00442329794168472290
0.15999999642372131300 -0.00442691892385482788
0.17000000178813934300 -0.00441499706357717514
0.18000000715255737300 -0.00438884412869811058
0.18999999761581420900 -0.00439421785995364189
0.20000000298023223900 -0.00439393613487482071
0.20999999344348907500 -0.00438546016812324524
0.21999999880790710400 -0.00438237283378839493
0.23000000417232513400 -0.00437583588063716889
0.23999999463558197000 -0.00436366302892565727
0.25000000000000000000 -0.00435413699597120285
0.25999999046325683600 -0.00434094714000821114
0.27000001072883606000 -0.00431788992136716843
0.28000000119209289500 -0.00429251277819275856
0.28999999165534973100 -0.00427603023126721382
0.30000001192092895500 -0.00426234910264611244
0.31000000238418579100 -0.00425410503521561623
0.31999999284744262700 -0.00423207413405179978
0.33000001311302185100 -0.00421222019940614700
0.34000000357627868600 -0.00419510109350085259
0.34999999403953552200 -0.00414962787181138992
0.36000001430511474600 -0.00411924999207258225
0.37000000476837158200 -0.00408199196681380272
0.37999999523162841800 -0.00402432400733232498
0.38999998569488525400 -0.00398002006113529205
0.40000000596046447700 -0.00394224002957344055
0.40999999642372131300 -0.00388482701964676380
0.41999998688697814900 -0.00382447591982781887
0.43000000715255737300 -0.00376162794418632984
0.43999999761581420900 -0.00368015607818961144
0.44999998807907104500 -0.00358720193617045879
0.46000000834465026800 -0.00350977294147014618
0.46999999880790710400 -0.00340455002151429653
0.47999998927116394000 -0.00329656107351183891
0.49000000953674316400 -0.00319597194902598858
0.50000000000000000000 -0.00308113195933401585
0.50999999046325683600 -0.00296113011427223682
0.51999998092651367200 -0.00283968891017138958
0.52999997138977050800 -0.00270707998424768448
0.54000002145767211900 -0.00256290496326982975
0.55000001192092895500 -0.00241821608506143093
0.56000000238418579100 -0.00226599094457924366
0.56999999284744262700 -0.00210842397063970566
0.57999998331069946300 -0.00194901402574032545
0.58999997377395629900 -0.00178853294346481562
0.60000002384185791000 -0.00162823998834937811
0.61000001430511474600 -0.00146567297633737326
0.62000000476837158200 -0.00129465700592845678
0.62999999523162841800 -0.00112724897917360067
0.63999998569488525400 -0.00096646352903917432
0.64999997615814209000 -0.00078506709542125464
0.66000002622604370100 -0.00060551700880751014
0.67000001668930053700 -0.00043047789949923754
0.68000000715255737300 -0.00024817109806463122
0.68999999761581420900 -0.00007569186709588394
0.69999998807907104500 0.00005706587035092525
0.70999997854232788100 0.00028074841247871518
0.72000002861022949200 0.00047064540558494627
0.73000001907348632800 0.00065869267564266920
0.74000000953674316400 0.00084822747157886624
0.75000000000000000000 0.00103826902341097593
0.75999999046325683600 0.00122488103806972504
0.76999998092651367200 0.00142156996298581362
0.77999997138977050800 0.00162027101032435894
0.79000002145767211900 0.00182373798452317715
0.80000001192092895500 0.00202878890559077263
0.81000000238418579100 0.00223840493708848953
0.81999999284744262700 0.00245809089392423630
0.82999998331069946300 0.00267766392789781094
0.83999997377395629900 0.00290247797966003418
0.85000002384185791000 0.00313691492192447186
0.86000001430511474600 0.00336922798305749893
0.87000000476837158200 0.00361355999484658241
0.87999999523162841800 0.00386645598337054253
0.88999998569488525400 0.00412144511938095093
0.89999997615814209000 0.00438684411346912384
0.91000002622604370100 0.00466573983430862427
0.92000001668930053700 0.00494646606966853142
0.93000000715255737300 0.00523571297526359558
0.93999999761581420900 0.00553797511383891106
0.94999998807907104500 0.00584026100113987923
0.95999997854232788100 0.00614792993292212486
0.97000002861022949200 0.00647277105599641800
0.98000001907348632800 0.00679208897054195404
0.99000000953674316400 0.00712610222399234772
1.00000000000000000000 0.00748123088851571083
