-1.00000000000000000000 -0.00468443799763917923
-0.99000000953674316400 -0.00469138100743293762
-0.98000001907348632800 -0.00470112916082143784
-0.97000002861022949200 -0.00470062298700213432
-0.95999997854232788100 -0.00472114700824022293
-0.94999998807907104500 -0.00471773697063326836
-0.93999999761581420900 -0.00470343092456459999
-0.93000000715255737300 -0.00470805400982499123
-0.92000001668930053700 -0.00469990679994225502
-0.91000002622604370100 -0.00468725012615323067
-0.89999997615814209000 -0.00469928421080112457
-0.88999998569488525400 -0.00470609916374087334
-0.87999999523162841800 -0.00470228912308812142
-0.87000000476837158200 -0.00471457000821828842
-0.86000001430511474600 -0.00471843406558036804
-0.85000002384185791000 -0.00470872595906257630
-0.83999997377395629900 -0.00470486190170049668
-0.82999998331069946300 -0.00470848521217703819
-0.81999999284744262700 -0.00468607293441891670
-0.81000000238418579100 -0.00469119707122445107
-0.80000001192092895500 -0.00470137922093272209
-0.79000002145767211900 -0.00469878595322370529
-0.77999997138977050800 -0.00471225194633007050
-0.76999998092651367200 -0.00471659703180193901
-0.75999999046325683600 -0.00471663102507591248
-0.75000000000000000000 -0.00471561402082443237
-0.74000000953674316400 -0.00471223797649145126
-0.73000001907348632800 -0.00470122881233692169
-0.72000002861022949200 -0.00469337403774261475
-0.70999997854232788100 -0.00469296285882592201
-0.69999998807907104500 -0.00469372188672423363
-0.68999999761581420900 -0.00470801815390586853
-0.68000000715255737300 -0.00470802886411547661
-0.67000001668930053700 -0.00470996182411909104
-0.66000002622604370100 -0.00471667619422078133
-0.64999997615814209000 -0.00470519298687577248
-0.63999998569488525400 -0.00470160786062479019
-0.62999999523162841800 -0.00470330100506544113
-0.62000000476837158200 -0.00469143688678741455
-0.61000001430511474600 -0.00469384202733635903
-0.60000002384185791000 -0.00470867706462740898
-0.58999997377395629900 -0.00470751291140913963
-0.57999998331069946300 -0.00471063703298568726
-0.56999999284744262700 -0.00472392793744802475
-0.56000000238418579100 -0.00471722986549139023
-0.55000001192092895500 -0.00470018200576305390
-0.54000002145767211900 -0.00471038278192281723
-0.52999997138977050800 -0.00469900993630290032
-0.51999998092651367200 -0.00468407012522220612
-0.50999999046325683600 -0.00469004083424806595
-0.50000000000000000000 -0.00468892091885209084
-0.49000000953674316400 -0.00468900008127093315
-0.47999998927116394000 -0.00470039714127779007
-0.46999999880790710400 -0.00469683902338147164
-0.46000000834465026800 -0.00468392902985215187
-0.44999998807907104500 -0.00468521378934383392
-0.43999999761581420900 -0.00468063401058316231
-0.43000000715255737300 -0.00466124108061194420
-0.41999998688697814900 -0.00467059295624494553
-0.40999999642372131300 -0.00466831913217902184
-0.40000000596046447700 -0.00467060785740613938
-0.38999998569488525400 -0.00468306988477706909
-0.37999999523162841800 -0.00468460796400904656
-0.37000000476837158200 -0.00468327710404992104
-0.36000001430511474600 -0.00468418793752789498
-0.34999999403953552200 -0.00467593409121036530
-0.34000000357627868600 -0.00466780504211783409
-0.33000001311302185100 -0.00465917494148015976
-0.31999999284744262700 -0.00465024122968316078
-0.31000000238418579100 -0.00465000886470079422
-0.30000001192092895500 -0.00466289417818188667
-0.28999999165534973100 -0.00466617383062839508
-0.28000000119209289500 -0.00466272607445716858
-0.27000001072883606000 -0.00467636715620756149
-0.25999999046325683600 -0.00465992419049143791
-0.25000000000000000000 -0.00466111022979021073
-0.23999999463558197000 -0.00466053001582622528
-0.23000000417232513400 -0.00464070215821266174
-0.21999999880790710400 -0.00464626122266054154
-0.20999999344348907500 -0.00466452585533261299
-0.20000000298023223900 -0.00466581294313073158
-0.18999999761581420900 -0.00466598710045218468
-0.18000000715255737300 -0.00468188896775245667
-0.17000000178813934300 -0.00468116812407970429
-0.15999999642372131300 -0.00466527510434389115
-0.15000000596046447800 -0.00467727705836296082
-0.14000000059604644800 -0.00466351583600044251
-0.12999999523162841800 -0.00464820396155118942
-0.11999999731779098500 -0.00466091604903340340
-0.10999999940395355200 -0.00466077309101819992
-0.10000000149011611900 -0.00466442620381712914
-0.09000000357627868650 -0.00467201601713895798
-0.07999999821186065670 -0.00467327609658241272
-0.07000000029802322390 -0.00466746510937809944
-0.05999999865889549260 -0.00465947994962334633
-0.05000000074505805970 -0.00466007879003882408
-0.03999999910593032840 -0.00464167911559343338
-0.02999999932944774630 -0.00463643111288547516
-0.01999999955296516420 -0.00463772704824805260
-0.00999999977648258210 -0.00464266911149024964
0.00000000000000000000 -0.00464726518839597702
0.00999999977648258210 -0.00464556878432631493
0.01999999955296516420 -0.00465266918763518334
0.02999999932944774630 -0.00464794086292386055
0.03999999910593032840 -0.00463224202394485474
0.05000000074505805970 -0.00462869508191943169
0.05999999865889549260 -0.00461746379733085632
0.07000000029802322390 -0.00461124815046787262
0.07999999821186065670 -0.00460816221311688423
0.09000000357627868650 -0.00462603522464632988
0.10000000149011611900 -0.00462161516770720482
0.10999999940395355200 -0.00462199980393052101
0.11999999731779098500 -0.00463434914126992226
0.12999999523162841800 -0.00462553789839148522
0.14000000059604644800 -0.00461181998252868652
0.15000000596046447800 -0.00461209192872047424
0.15999999642372131300 -0.00459087500348687172
0.17000000178813934300 -0.00458175688982009888
0.18000000715255737300 -0.00458848103880882263
0.18999999761581420900 -0.00458092195913195610
0.20000000298023223900 -0.00457663089036941528
0.20999999344348907500 -0.00457833288237452507
0.21999999880790710400 -0.00457210512831807137
0.23000000417232513400 -0.00455155177041888237
0.23999999463558197000 -0.00454248394817113876
0.25000000000000000000 -0.00451892288401722908
0.25999999046325683600 -0.00448556989431381226
0.27000001072883606000 -0.00447904178872704506
0.28000000119209289500 -0.00445783790200948715
0.28999999165534973100 -0.00443921377882361412
0.30000001192092895500 -0.00441914517432451248
0.31000000238418579100 -0.00438860384747385979
0.31999999284744262700 -0.00435404200106859207
0.33000001311302185100 -0.00430856877937912941
0.34000000357627868600 -0.00426137307658791542
0.34999999403953552200 -0.00420932797715067864
0.36000001430511474600 -0.00413931021466851235
0.37000000476837158200 -0.00407966598868370056
0.37999999523162841800 -0.00402061315253376961
0.38999998569488525400 -0.00394613901153206825
0.40000000596046447700 -0.00386371091008186340
0.40999999642372131300 -0.00378116592764854431
0.41999998688697814900 -0.00368097610771656036
0.43000000715255737300 -0.00356428395025432110
0.43999999761581420900 -0.00345713202841579914
0.44999998807907104500 -0.00332909892313182354
0.46000000834465026800 -0.00319526903331279755
0.46999999880790710400 -0.00307005411013960838
0.47999998927116394000 -0.00293184211477637291
0.49000000953674316400 -0.00278714508749544621
0.50000000000000000000 -0.00263902801088988781
0.50999999046325683600 -0.00248635304160416126
0.51999998092651367200 -0.00231937901116907597
0.52999997138977050800 -0.00215225806459784508
0.54000002145767211900 -0.00198286911472678185
0.55000001192092895500 -0.00180265901144593954
0.56000000238418579100 -0.00162684998940676451
0.56999999284744262700 -0.00144899601582437754
0.57999998331069946300 -0.00126790499780327082
0.58999997377395629900 -0.00108660105615854263
0.60000002384185791000 -0.00090838491450995207
0.61000001430511474600 -0.00071596988709643483
0.62000000476837158200 -0.00052726018475368619
0.62999999523162841800 -0.00033722550142556429
0.63999998569488525400 -0.00014496619405690581
0.64999997615814209000 0.00004300444925320335
0.66000002622604370100 0.00023110980691853911
0.67000001668930053700 0.00042964788735844195
0.68000000715255737300 0.00062595738563686609
0.68999999761581420900 0.00082499411655589938
0.69999998807907104500 0.00102526997216045857
0.70999997854232788100 0.00122083898168057203
0.72000002861022949200 0.00142626301385462284
0.73000001907348632800 0.00163177994545549154
0.74000000953674316400 0.00183839094825088978
0.75000000000000000000 0.00204901210963726044
0.75999999046325683600 0.00226072804071009159
0.76999998092651367200 0.00247488496825098991
0.77999997138977050800 0.00269526289775967598
0.79000002145767211900 0.00291807902976870537
0.80000001192092895500 0.00314452708698809147
0.81000000238418579100 0.00337669998407363892
0.81999999284744262700 0.00361290597356855869
0.82999998331069946300 0.00384999695234000683
0.83999997377395629900 0.00409426819533109665
0.85000002384185791000 0.00434084795415401459
0.86000001430511474600 0.00458994600921869278
0.87000000476837158200 0.00484899617731571198
0.87999999523162841800 0.00511243892833590508
0.88999998569488525400 0.00538310594856739044
0.89999997615814209000 0.00566173717379570008
0.91000002622604370100 0.00593963777646422386
0.92000001668930053700 0.00622620200738310814
0.93000000715255737300 0.00651221582666039467
0.93999999761581420900 0.00680555915459990502
0.94999998807907104500 0.00710428599268198014
0.95999997854232788100 0.00740191806107759476
0.97000002861022949200 0.00770940817892551422
0.98000001907348632800 0.00802970957010984421
0.99000000953674316400 0.00835109595209360123
1.00000000000000000000 0.00867638364434242249
