-1.00000000000000000000 -0.00461655482649803162
-0.99000000953674316400 -0.00461924821138381958
-0.98000001907348632800 -0.00461238995194435120
-0.97000002861022949200 -0.00460216309875249863
-0.95999997854232788100 -0.00459998194128274918
-0.94999998807907104500 -0.00459543894976377487
-0.93999999761581420900 -0.00460089696571230888
-0.93000000715255737300 -0.00461211102083325386
-0.92000001668930053700 -0.00461488589644432068
-0.91000002622604370100 -0.00461508706212043762
-0.89999997615814209000 -0.00463468022644519806
-0.88999998569488525400 -0.00462371017783880234
-0.87999999523162841800 -0.00461944611743092537
-0.87000000476837158200 -0.00462055299431085587
-0.86000001430511474600 -0.00460025807842612267
-0.85000002384185791000 -0.00459795584902167320
-0.83999997377395629900 -0.00461366679519414902
-0.82999998331069946300 -0.00461442302912473679
-0.81999999284744262700 -0.00461316714063286781
-0.81000000238418579100 -0.00462876399978995323
-0.80000001192092895500 -0.00462328502908349037
-0.79000002145767211900 -0.00460977898910641670
-0.77999997138977050800 -0.00462004123255610466
-0.76999998092651367200 -0.00460911821573972702
-0.75999999046325683600 -0.00458966987207531929
-0.75000000000000000000 -0.00460132397711277008
-0.74000000953674316400 -0.00460534216836094856
-0.73000001907348632800 -0.00460490584373474121
-0.72000002861022949200 -0.00461759883910417557
-0.70999997854232788100 -0.00462758215144276619
-0.69999998807907104500 -0.00462336884811520577
-0.68999999761581420900 -0.00462148478254675865
-0.68000000715255737300 -0.00461956718936562538
-0.67000001668930053700 -0.00460896920412778855
-0.66000002622604370100 -0.00460515404120087624
-0.64999997615814209000 -0.00460267206653952599
-0.63999998569488525400 -0.00460559222847223282
-0.62999999523162841800 -0.00462109688669443131
-0.62000000476837158200 -0.00461769104003906250
-0.61000001430511474600 -0.00462555093690752983
-0.60000002384185791000 -0.00462927296757698059
-0.58999997377395629900 -0.00461530406028032303
-0.57999998331069946300 -0.00461408076807856560
-0.56999999284744262700 -0.00461734784767031670
-0.56000000238418579100 -0.00459694582968950272
-0.55000001192092895500 -0.00459783989936113358
-0.54000002145767211900 -0.00461381999775767326
-0.52999997138977050800 -0.00461394712328910828
-0.51999998092651367200 -0.00461180880665779114
-0.50999999046325683600 -0.00462925201281905174
-0.50000000000000000000 -0.00462077418342232704
-0.49000000953674316400 -0.00460168207064270973
-0.47999998927116394000 -0.00461606308817863464
-0.46999999880790710400 -0.00460430420935153961
-0.46000000834465026800 -0.00458852294832468033
-0.44999998807907104500 -0.00460187718272209168
-0.43999999761581420900 -0.00460245879366993904
-0.43000000715255737300 -0.00460432795807719231
-0.41999998688697814900 -0.00461592013016343117
-0.40999999642372131300 -0.00461223581805825234
-0.40000000596046447700 -0.00460183899849653244
-0.38999998569488525400 -0.00459915585815906525
-0.37999999523162841800 -0.00459856819361448288
-0.37000000476837158200 -0.00458427891135215759
-0.36000001430511474600 -0.00458637578412890434
-0.34999999403953552200 -0.00458621699362993240
-0.34000000357627868600 -0.00458884192630648613
-0.33000001311302185100 -0.00459754001349210739
-0.31999999284744262700 -0.00459935422986745834
-0.31000000238418579100 -0.00460106879472732544
-0.30000001192092895500 -0.00459483591839671135
-0.28999999165534973100 -0.00457927584648132324
-0.28000000119209289500 -0.00457843113690614700
-0.27000001072883606000 -0.00457363110035657883
-0.25999999046325683600 -0.00454949587583541870
-0.25000000000000000000 -0.00455083185806870461
-0.23999999463558197000 -0.00455983309075236321
-0.23000000417232513400 -0.00456031691282987595
-0.21999999880790710400 -0.00455822004005312920
-0.20999999344348907500 -0.00457404181361198425
-0.20000000298023223900 -0.00455910991877317429
-0.18999999761581420900 -0.00454740412533283234
-0.18000000715255737300 -0.00455435412004590035
-0.17000000178813934300 -0.00454114377498626709
-0.15999999642372131300 -0.00452872598543763161
-0.15000000596046447800 -0.00453928206115961075
-0.14000000059604644800 -0.00454130396246910095
-0.12999999523162841800 -0.00454128487035632134
-0.11999999731779098500 -0.00455014780163764954
-0.10999999940395355200 -0.00455251615494489670
-0.10000000149011611900 -0.00454234099015593529
-0.09000000357627868650 -0.00454028090462088585
-0.07999999821186065670 -0.00453668413683772087
-0.07000000029802322390 -0.00451745884492993355
-0.05999999865889549260 -0.00451697409152984619
-0.05000000074505805970 -0.00452102208510041237
-0.03999999910593032840 -0.00451882788911461830
-0.02999999932944774630 -0.00452863285318017006
-0.01999999955296516420 -0.00452551385387778282
-0.00999999977648258210 -0.00452961679548025131
0.00000000000000000000 -0.00452463421970605850
0.00999999977648258210 -0.00451107881963253021
0.01999999955296516420 -0.00450759520754218102
0.02999999932944774630 -0.00450733583420515061
0.03999999910593032840 -0.00448815897107124329
0.05000000074505805970 -0.00448598293587565422
0.05999999865889549260 -0.00449952483177185059
0.07000000029802322390 -0.00449699489399790764
0.07999999821186065670 -0.00449457578361034393
0.09000000357627868650 -0.00450604688376188278
0.10000000149011611900 -0.00449257297441363335
0.10999999940395355200 -0.00447777705267071724
0.11999999731779098500 -0.00448220083490014076
0.12999999523162841800 -0.00446629105135798454
0.14000000059604644800 -0.00445213401690125466
0.15000000596046447800 -0.00447029387578368187
0.15999999642372131300 -0.00446672597900032997
0.17000000178813934300 -0.00446479115635156632
0.18000000715255737300 -0.00446797208860516548
0.18999999761581420900 -0.00447690114378929138
0.20000000298023223900 -0.00445936014875769615
0.20999999344348907500 -0.00445224577561020851
0.21999999880790710400 -0.00443885196000337601
0.23000000417232513400 -0.00441387202590703964
0.23999999463558197000 -0.00440394692122936249
0.25000000000000000000 -0.00439475802704691887
0.25999999046325683600 -0.00438420288264751434
0.27000001072883606000 -0.00437611807137727738
0.28000000119209289500 -0.00435878615826368332
0.28999999165534973100 -0.00433970801532268524
0.30000001192092895500 -0.00431602122262120247
0.31000000238418579100 -0.00428370013833045960
0.31999999284744262700 -0.00425025308504700661
0.33000001311302185100 -0.00420548580586910248
0.34000000357627868600 -0.00416279677301645279
0.34999999403953552200 -0.00412706099450588226
0.36000001430511474600 -0.00408375589177012444
0.37000000476837158200 -0.00402808701619505882
0.37999999523162841800 -0.00396867515519261360
0.38999998569488525400 -0.00390967400744557381
0.40000000596046447700 -0.00382364308461546898
0.40999999642372131300 -0.00373798399232327938
0.41999998688697814900 -0.00364856189116835594
0.43000000715255737300 -0.00353862508200109005
0.43999999761581420900 -0.00343692093156278134
0.44999998807907104500 -0.00333743006922304630
0.46000000834465026800 -0.00322077888995409012
0.46999999880790710400 -0.00309848901815712452
0.47999998927116394000 -0.00297238305211067200
0.49000000953674316400 -0.00283868098631501198
0.50000000000000000000 -0.00269042397849261761
0.50999999046325683600 -0.00254316790960729122
0.51999998092651367200 -0.00238434993661940098
0.52999997138977050800 -0.00222088489681482315
0.54000002145767211900 -0.00206069601699709892
0.55000001192092895500 -0.00189608603250235319
0.56000000238418579100 -0.00173084705602377653
0.56999999284744262700 -0.00156295194756239653
0.57999998331069946300 -0.00139052595477551222
0.58999997377395629900 -0.00121907703578472137
0.60000002384185791000 -0.00104227103292942047
0.61000001430511474600 -0.00087685912149026990
0.62000000476837158200 -0.00069956399966031313
0.62999999523162841800 -0.00052023248281329870
0.63999998569488525400 -0.00034077640157192945
0.64999997615814209000 -0.00016470139962621033
0.66000002622604370100 0.00000445997102360707
0.67000001668930053700 0.00017792159633245319
0.68000000715255737300 0.00035696520353667438
0.68999999761581420900 0.00053345400374382734
0.69999998807907104500 0.00070987961953505874
0.70999997854232788100 0.00088690762640908361
0.72000002861022949200 0.00105980399530380964
0.73000001907348632800 0.00123989302664995194
0.74000000953674316400 0.00141895504202693701
0.75000000000000000000 0.00160040601622313261
0.75999999046325683600 0.00178327003959566355
0.76999998092651367200 0.00196752510964870453
0.77999997138977050800 0.00215508602559566498
0.79000002145767211900 0.00234514195472002030
0.80000001192092895500 0.00253853504545986652
0.81000000238418579100 0.00273725297302007675
0.81999999284744262700 0.00293920398689806461
0.82999998331069946300 0.00314436201006174088
0.83999997377395629900 0.00335627608001232147
0.85000002384185791000 0.00356962904334068298
0.86000001430511474600 0.00378624000586569309
0.87000000476837158200 0.00401088595390319824
0.87999999523162841800 0.00423620780929923058
0.88999998569488525400 0.00446648104116320610
0.89999997615814209000 0.00470850896090269089
0.91000002622604370100 0.00495248800143599510
0.92000001668930053700 0.00520020816475152970
0.93000000715255737300 0.00545675680041313172
0.93999999761581420900 0.00571760581806302071
0.94999998807907104500 0.00597710302099585533
0.95999997854232788100 0.00624672276899218559
0.97000002861022949200 0.00651914021000266075
0.98000001907348632800 0.00679191900417208672
0.99000000953674316400 0.00707879522815346718
1.00000000000000000000 0.00736844399943947792
