-1.00000000000000000000 -0.00466703297570347786
-0.99000000953674316400 -0.00467150378972291947
-0.98000001907348632800 -0.00466742599382996559
-0.97000002861022949200 -0.00468054600059986115
-0.95999997854232788100 -0.00466952705755829811
-0.94999998807907104500 -0.00466658221557736397
-0.93999999761581420900 -0.00466644577682018280
-0.93000000715255737300 -0.00464449916034936905
-0.92000001668930053700 -0.00464389100670814514
-0.91000002622604370100 -0.00465849507600069046
-0.89999997615814209000 -0.00466142222285270691
-0.88999998569488525400 -0.00465792277827858925
-0.87999999523162841800 -0.00467293197289109230
-0.87000000476837158200 -0.00466935895383358002
-0.86000001430511474600 -0.00465600611642003060
-0.85000002384185791000 -0.00466612214222550392
-0.83999997377395629900 -0.00465480983257293701
-0.82999998331069946300 -0.00463847722858190537
-0.81999999284744262700 -0.00464611779898405075
-0.81000000238418579100 -0.00465182308107614517
-0.80000001192092895500 -0.00465093413367867470
-0.79000002145767211900 -0.00466606393456459046
-0.77999997138977050800 -0.00466840295121073723
-0.76999998092651367200 -0.00467262696474790573
-0.75999999046325683600 -0.00466907210648059845
-0.75000000000000000000 -0.00466793822124600411
-0.74000000953674316400 -0.00465522985905408859
-0.73000001907348632800 -0.00464909011498093605
-0.72000002861022949200 -0.00465342216193675995
-0.70999997854232788100 -0.00465517910197377205
-0.69999998807907104500 -0.00466726813465356827
-0.68999999761581420900 -0.00466811377555131912
-0.68000000715255737300 -0.00467308098450303078
-0.67000001668930053700 -0.00467368587851524353
-0.66000002622604370100 -0.00466178497299551964
-0.64999997615814209000 -0.00466192793101072312
-0.63999998569488525400 -0.00465502496808767319
-0.62999999523162841800 -0.00464414618909358978
-0.62000000476837158200 -0.00465210480615496636
-0.61000001430511474600 -0.00466152280569076538
-0.60000002384185791000 -0.00465865293517708779
-0.58999997377395629900 -0.00466632982715964317
-0.57999998331069946300 -0.00467566307634115219
-0.56999999284744262700 -0.00466236378997564316
-0.56000000238418579100 -0.00465879589319229126
-0.55000001192092895500 -0.00466078380122780800
-0.54000002145767211900 -0.00464186212047934532
-0.52999997138977050800 -0.00464297598227858544
-0.51999998092651367200 -0.00465491088107228279
-0.50999999046325683600 -0.00465172901749610901
-0.50000000000000000000 -0.00466081500053405762
-0.49000000953674316400 -0.00466535007581114769
-0.47999998927116394000 -0.00466687604784965515
-0.46999999880790710400 -0.00466126902028918266
-0.46000000834465026800 -0.00466139102354645729
-0.44999998807907104500 -0.00465137697756290436
-0.43999999761581420900 -0.00463875802233815193
-0.43000000715255737300 -0.00464379601180553436
-0.41999998688697814900 -0.00464246515184640885
-0.40999999642372131300 -0.00465492904186248779
-0.40000000596046447700 -0.00466714520007371903
-0.38999998569488525400 -0.00466707302257418633
-0.37999999523162841800 -0.00467465911060571671
-0.37000000476837158200 -0.00466820877045392990
-0.36000001430511474600 -0.00466328999027609825
-0.34999999403953552200 -0.00466427300125360489
-0.34000000357627868600 -0.00464032404124736786
-0.33000001311302185100 -0.00464116688817739487
-0.31999999284744262700 -0.00466298405081033707
-0.31000000238418579100 -0.00466757081449031830
-0.30000001192092895500 -0.00466847792267799378
-0.28999999165534973100 -0.00467564677819609642
-0.28000000119209289500 -0.00467855110764503479
-0.27000001072883606000 -0.00466361502185463905
-0.25999999046325683600 -0.00467145116999745369
-0.25000000000000000000 -0.00466489978134632111
-0.23999999463558197000 -0.00464395713061094284
-0.23000000417232513400 -0.00465578911826014519
-0.21999999880790710400 -0.00465596420690417290
-0.20999999344348907500 -0.00465678889304399490
-0.20000000298023223900 -0.00466662319377064705
-0.18999999761581420900 -0.00466922111809253693
-0.18000000715255737300 -0.00466616591438651085
-0.17000000178813934300 -0.00466609885916113854
-0.15999999642372131300 -0.00466764392331242562
-0.15000000596046447800 -0.00465521402657032013
-0.14000000059604644800 -0.00464281393215060234
-0.12999999523162841800 -0.00463843811303377152
-0.11999999731779098500 -0.00464500300586223602
-0.10999999940395355200 -0.00465604523196816445
-0.10000000149011611900 -0.00465600378811359406
-0.09000000357627868650 -0.00465447502210736275
-0.07999999821186065670 -0.00466527091339230538
-0.07000000029802322390 -0.00465158699080348015
-0.05999999865889549260 -0.00465138303115963936
-0.05000000074505805970 -0.00464671198278665543
-0.03999999910593032840 -0.00462658097967505455
-0.02999999932944774630 -0.00462852604687213898
-0.01999999955296516420 -0.00463948212563991547
-0.00999999977648258210 -0.00464069796726107598
0.00000000000000000000 -0.00463776802644133568
0.00999999977648258210 -0.00464792177081108093
0.01999999955296516420 -0.00464713620021939278
0.02999999932944774630 -0.00463199010118842125
0.03999999910593032840 -0.00463707000017166138
0.05000000074505805970 -0.00462688086554408074
0.05999999865889549260 -0.00460682017728686333
0.07000000029802322390 -0.00461019296199083328
0.07999999821186065670 -0.00461474480107426644
0.09000000357627868650 -0.00461195502430200577
0.10000000149011611900 -0.00462334509938955307
0.10999999940395355200 -0.00461974693462252617
0.11999999731779098500 -0.00461717881262302399
0.12999999523162841800 -0.00461080390959978104
0.14000000059604644800 -0.00460788514465093613
0.15000000596046447800 -0.00459179887548089028
0.15999999642372131300 -0.00457768794149160385
0.17000000178813934300 -0.00457668304443359375
0.18000000715255737300 -0.00457194820046424866
0.18999999761581420900 -0.00458045117557048798
0.20000000298023223900 -0.00457427417859435082
0.20999999344348907500 -0.00456682499498128891
0.21999999880790710400 -0.00457018520683050156
0.23000000417232513400 -0.00454896688461303711
0.23999999463558197000 -0.00453849323093891144
0.25000000000000000000 -0.00452965497970581055
0.25999999046325683600 -0.00449687195941805840
0.27000001072883606000 -0.00448310514912009239
0.28000000119209289500 -0.00448579108342528343
0.28999999165534973100 -0.00446698814630508423
0.30000001192092895500 -0.00444942712783813477
0.31000000238418579100 -0.00443833088502287865
0.31999999284744262700 -0.00441092485561966896
0.33000001311302185100 -0.00436813803389668465
0.34000000357627868600 -0.00434346916154026985
0.34999999403953552200 -0.00430168909952044487
0.36000001430511474600 -0.00424064090475440025
0.37000000476837158200 -0.00420529581606388092
0.37999999523162841800 -0.00415257411077618599
0.38999998569488525400 -0.00409404514357447624
0.40000000596046447700 -0.00403795903548598290
0.40999999642372131300 -0.00396608514711260796
0.41999998688697814900 -0.00387830589897930622
0.43000000715255737300 -0.00378812709823250771
0.43999999761581420900 -0.00368887698277831078
0.44999998807907104500 -0.00357478298246860504
0.46000000834465026800 -0.00345717906020581722
0.46999999880790710400 -0.00333400396630167961
0.47999998927116394000 -0.00320612010546028614
0.49000000953674316400 -0.00307357707060873509
0.50000000000000000000 -0.00292620598338544369
0.50999999046325683600 -0.00277408305555582047
0.51999998092651367200 -0.00261977594345808029
0.52999997138977050800 -0.00244295899756252766
0.54000002145767211900 -0.00227096304297447205
0.55000001192092895500 -0.00209076306782662869
0.56000000238418579100 -0.00189886102452874184
0.56999999284744262700 -0.00171481899451464415
0.57999998331069946300 -0.00152700697071850300
0.58999997377395629900 -0.00133362505584955216
0.60000002384185791000 -0.00113734998740255833
0.61000001430511474600 -0.00095299701206386089
0.62000000476837158200 -0.00074431288521736860
0.62999999523162841800 -0.00054051651386544108
0.63999998569488525400 -0.00033762361272238195
0.64999997615814209000 -0.00013084210513625294
0.66000002622604370100 0.00006946227949811146
0.67000001668930053700 0.00026978849200531840
0.68000000715255737300 0.00048341258661821485
0.68999999761581420900 0.00069724151398986578
0.69999998807907104500 0.00091192108811810613
0.70999997854232788100 0.00112091505434364080
0.72000002861022949200 0.00134233501739799976
0.73000001907348632800 0.00156527000945061445
0.74000000953674316400 0.00178949604742228985
0.75000000000000000000 0.00201782397925853729
0.75999999046325683600 0.00225065601989626885
0.76999998092651367200 0.00248460494913160801
0.77999997138977050800 0.00272494996897876263
0.79000002145767211900 0.00297348992899060249
0.80000001192092895500 0.00322496495209634304
0.81000000238418579100 0.00348261394537985325
0.81999999284744262700 0.00374847603961825371
0.82999998331069946300 0.00401860289275646210
0.83999997377395629900 0.00429158518090844154
0.85000002384185791000 0.00457681296393275261
0.86000001430511474600 0.00486302003264427185
0.87000000476837158200 0.00515179289504885674
0.87999999523162841800 0.00545783899724483490
0.88999998569488525400 0.00576825207099318504
0.89999997615814209000 0.00608517881482839585
0.91000002622604370100 0.00641292985528707504
0.92000001668930053700 0.00674425484612584114
0.93000000715255737300 0.00708326697349548340
0.93999999761581420900 0.00742687378078699112
0.94999998807907104500 0.00777684897184371948
0.95999997854232788100 0.00812928471714258194
0.97000002861022949200 0.00849157478660345078
0.98000001907348632800 0.00885974988341331482
0.99000000953674316400 0.00924129225313663483
1.00000000000000000000 0.00963287055492401123
