-1.00000000000000000000 -0.00483307894319295883
-0.99000000953674316400 -0.00482769496738910675
-0.98000001907348632800 -0.00483135413378477097
-0.97000002861022949200 -0.00481064198538661003
-0.95999997854232788100 -0.00480486499145627022
-0.94999998807907104500 -0.00482302112504839897
-0.93999999761581420900 -0.00482484512031078339
-0.93000000715255737300 -0.00482358178123831749
-0.92000001668930053700 -0.00483967084437608719
-0.91000002622604370100 -0.00483939796686172486
-0.89999997615814209000 -0.00483170710504055023
-0.88999998569488525400 -0.00483803683891892433
-0.87999999523162841800 -0.00482634780928492546
-0.87000000476837158200 -0.00480402400717139244
-0.86000001430511474600 -0.00481085712090134621
-0.85000002384185791000 -0.00481521897017955780
-0.83999997377395629900 -0.00481540989130735398
-0.82999998331069946300 -0.00483017414808273316
-0.81999999284744262700 -0.00482633989304304123
-0.81000000238418579100 -0.00483183609321713448
-0.80000001192092895500 -0.00483090290799736977
-0.79000002145767211900 -0.00482114916667342186
-0.77999997138977050800 -0.00481919385492801666
-0.76999998092651367200 -0.00480842823162674904
-0.75999999046325683600 -0.00480554020032286644
-0.75000000000000000000 -0.00480770319700241089
-0.74000000953674316400 -0.00482160318642854691
-0.73000001907348632800 -0.00481972005218267441
-0.72000002861022949200 -0.00482473801821470261
-0.70999997854232788100 -0.00483868923038244248
-0.69999998807907104500 -0.00482865795493125916
-0.68999999761581420900 -0.00481778196990489960
-0.68000000715255737300 -0.00482419598847627640
-0.67000001668930053700 -0.00480236113071441651
-0.66000002622604370100 -0.00478964112699031830
-0.64999997615814209000 -0.00479903211817145348
-0.63999998569488525400 -0.00479521322995424271
-0.62999999523162841800 -0.00480019208043813706
-0.62000000476837158200 -0.00480822799727320671
-0.61000001430511474600 -0.00481280311942100525
-0.60000002384185791000 -0.00480381399393081665
-0.58999997377395629900 -0.00480357790365815163
-0.57999998331069946300 -0.00479505211114883423
-0.56999999284744262700 -0.00478335702791810036
-0.56000000238418579100 -0.00478396099060773850
-0.55000001192092895500 -0.00478205177932977677
-0.54000002145767211900 -0.00478804297745227814
-0.52999997138977050800 -0.00479673407971858978
-0.51999998092651367200 -0.00479723094031214714
-0.50999999046325683600 -0.00480392016470432282
-0.50000000000000000000 -0.00479650683701038361
-0.49000000953674316400 -0.00478069577366113663
-0.47999998927116394000 -0.00478159077465534210
-0.46999999880790710400 -0.00477337790653109551
-0.46000000834465026800 -0.00475864484906196594
-0.44999998807907104500 -0.00476739509031176567
-0.43999999761581420900 -0.00477453786879777908
-0.43000000715255737300 -0.00477482518181204796
-0.41999998688697814900 -0.00477545196190476418
-0.40999999642372131300 -0.00479367002844810486
-0.40000000596046447700 -0.00477544916793704033
-0.38999998569488525400 -0.00476721022278070450
-0.37999999523162841800 -0.00477715115994215012
-0.37000000476837158200 -0.00475569302216172218
-0.36000001430511474600 -0.00474363798275589943
-0.34999999403953552200 -0.00474737584590911865
-0.34000000357627868600 -0.00474542379379272461
-0.33000001311302185100 -0.00474822288379073143
-0.31999999284744262700 -0.00475693680346012116
-0.31000000238418579100 -0.00475937686860561371
-0.30000001192092895500 -0.00475489581003785134
-0.28999999165534973100 -0.00474830204620957375
-0.28000000119209289500 -0.00474307499825954437
-0.27000001072883606000 -0.00473637320101261139
-0.25999999046325683600 -0.00473314989358186722
-0.25000000000000000000 -0.00473272381350398064
-0.23999999463558197000 -0.00474114390090107918
-0.23000000417232513400 -0.00474887201562523842
-0.21999999880790710400 -0.00474630016833543778
-0.20999999344348907500 -0.00476618902757763863
-0.20000000298023223900 -0.00475713377818465233
-0.18999999761581420900 -0.00474175997078418732
-0.18000000715255737300 -0.00475016795098781586
-0.17000000178813934300 -0.00473816506564617157
-0.15999999642372131300 -0.00472511397674679756
-0.15000000596046447800 -0.00473261298611760140
-0.14000000059604644800 -0.00474123703315854073
-0.12999999523162841800 -0.00473654596135020256
-0.11999999731779098500 -0.00475123105570673943
-0.10999999940395355200 -0.00475465599447488785
-0.10000000149011611900 -0.00474359001964330673
-0.09000000357627868650 -0.00474135717377066612
-0.07999999821186065670 -0.00474076298996806145
-0.07000000029802322390 -0.00472439220175147057
-0.05999999865889549260 -0.00471979612484574318
-0.05000000074505805970 -0.00472262920811772347
-0.03999999910593032840 -0.00472264597192406654
-0.02999999932944774630 -0.00473674619570374489
-0.01999999955296516420 -0.00473220599815249443
-0.00999999977648258210 -0.00473483698442578316
0.00000000000000000000 -0.00473665911704301834
0.00999999977648258210 -0.00472157588228583336
0.01999999955296516420 -0.00471765594556927681
0.02999999932944774630 -0.00471189478412270546
0.03999999910593032840 -0.00469975685700774193
0.05000000074505805970 -0.00469696382060647011
0.05999999865889549260 -0.00470597296953201294
0.07000000029802322390 -0.00470661092549562454
0.07999999821186065670 -0.00470276176929473877
0.09000000357627868650 -0.00471750693395733833
0.10000000149011611900 -0.00470707286149263382
0.10999999940395355200 -0.00468672579154372215
0.11999999731779098500 -0.00469503877684473992
0.12999999523162841800 -0.00467927893623709679
0.14000000059604644800 -0.00465701613575220108
0.15000000596046447800 -0.00466823577880859375
0.15999999642372131300 -0.00466610910370945931
0.17000000178813934300 -0.00466052908450365067
0.18000000715255737300 -0.00466812308877706528
0.18999999761581420900 -0.00466639688238501549
0.20000000298023223900 -0.00465073902159929276
0.20999999344348907500 -0.00464273197576403618
0.21999999880790710400 -0.00463298987597227097
0.23000000417232513400 -0.00461371522396802902
0.23999999463558197000 -0.00460960716009140015
0.25000000000000000000 -0.00460132211446762085
0.25999999046325683600 -0.00459626922383904457
0.27000001072883606000 -0.00459181517362594605
0.28000000119209289500 -0.00457498477771878243
0.28999999165534973100 -0.00455899396911263466
0.30000001192092895500 -0.00454350700601935387
0.31000000238418579100 -0.00449849292635917664
0.31999999284744262700 -0.00447014719247817993
0.33000001311302185100 -0.00443795416504144669
0.34000000357627868600 -0.00438212789595127106
0.34999999403953552200 -0.00434324517846107483
0.36000001430511474600 -0.00430830195546150208
0.37000000476837158200 -0.00425285100936889649
0.37999999523162841800 -0.00419103493914008141
0.38999998569488525400 -0.00413993280380964279
0.40000000596046447700 -0.00405775522813200951
0.40999999642372131300 -0.00396816292777657509
0.41999998688697814900 -0.00388888991437852383
0.43000000715255737300 -0.00377994892187416554
0.43999999761581420900 -0.00366275501437485218
0.44999998807907104500 -0.00355861103162169457
0.46000000834465026800 -0.00343799497932195664
0.46999999880790710400 -0.00330686592496931553
0.47999998927116394000 -0.00317871710285544396
0.49000000953674316400 -0.00303330598399043083
0.50000000000000000000 -0.00287495390512049198
0.50999999046325683600 -0.00271375989541411400
0.51999998092651367200 -0.00254601892083883286
0.52999997138977050800 -0.00236829090863466263
0.54000002145767211900 -0.00219302298501133919
0.55000001192092895500 -0.00201202393509447575
0.56000000238418579100 -0.00182751601096242666
0.56999999284744262700 -0.00164047698490321636
0.57999998331069946300 -0.00144266802817583084
0.58999997377395629900 -0.00124486500862985849
0.60000002384185791000 -0.00104343902785331011
0.61000001430511474600 -0.00084746291395276785
0.62000000476837158200 -0.00063355272868648171
0.62999999523162841800 -0.00042427811422385275
0.63999998569488525400 -0.00020802819926757365
0.64999997615814209000 0.00000006838458688208
0.66000002622604370100 0.00021739320072811097
0.67000001668930053700 0.00043878049473278224
0.68000000715255737300 0.00066047348082065582
0.68999999761581420900 0.00088513671653345227
0.69999998807907104500 0.00110564602073282003
0.70999997854232788100 0.00133726501371711493
0.72000002861022949200 0.00157049798872321844
0.73000001907348632800 0.00180628604721277952
0.74000000953674316400 0.00204546609893441200
0.75000000000000000000 0.00228730309754610062
0.75999999046325683600 0.00253373710438609123
0.76999998092651367200 0.00278205494396388531
0.77999997138977050800 0.00303462892770767212
0.79000002145767211900 0.00329250493086874485
0.80000001192092895500 0.00355308689177036286
0.81000000238418579100 0.00381852895952761173
0.81999999284744262700 0.00409275013953447342
0.82999998331069946300 0.00437295204028487206
0.83999997377395629900 0.00465655606240034104
0.85000002384185791000 0.00494575221091508866
0.86000001430511474600 0.00524400919675827027
0.87000000476837158200 0.00553875090554356575
0.87999999523162841800 0.00584266521036624909
0.88999998569488525400 0.00615399703383445740
0.89999997615814209000 0.00645962916314601898
0.91000002622604370100 0.00677956920117139816
0.92000001668930053700 0.00711081409826874733
0.93000000715255737300 0.00744419591501355171
0.93999999761581420900 0.00778480991721153260
0.94999998807907104500 0.00813298020511865616
0.95999997854232788100 0.00848292838782072068
0.97000002861022949200 0.00883518438786268235
0.98000001907348632800 0.00919426418840885163
0.99000000953674316400 0.00955594889819622040
1.00000000000000000000 0.00991886574774980545
