-1.00000000000000000000 -0.00487580616027116776
-0.99000000953674316400 -0.00487915007397532463
-0.98000001907348632800 -0.00486652180552482605
-0.97000002861022949200 -0.00487330881878733635
-0.95999997854232788100 -0.00485913781449198723
-0.94999998807907104500 -0.00484178122133016586
-0.93999999761581420900 -0.00484763877466320992
-0.93000000715255737300 -0.00484963320195674896
-0.92000001668930053700 -0.00485600903630256653
-0.91000002622604370100 -0.00486370222643017769
-0.89999997615814209000 -0.00486462377011775971
-0.88999998569488525400 -0.00486931018531322479
-0.87999999523162841800 -0.00486438721418380737
-0.87000000476837158200 -0.00485081318765878678
-0.86000001430511474600 -0.00484781386330723763
-0.85000002384185791000 -0.00483172480016946793
-0.83999997377395629900 -0.00482785701751708985
-0.82999998331069946300 -0.00484294909983873367
-0.81999999284744262700 -0.00484600290656089783
-0.81000000238418579100 -0.00484623014926910401
-0.80000001192092895500 -0.00485381390899419785
-0.79000002145767211900 -0.00486251991242170334
-0.77999997138977050800 -0.00484535098075866699
-0.76999998092651367200 -0.00484999315813183785
-0.75999999046325683600 -0.00484712701290845871
-0.75000000000000000000 -0.00482191098853945732
-0.74000000953674316400 -0.00483663100749254227
-0.73000001907348632800 -0.00483793485909700394
-0.72000002861022949200 -0.00483923219144344330
-0.70999997854232788100 -0.00484501989558339119
-0.69999998807907104500 -0.00485093984752893448
-0.68999999761581420900 -0.00485230283811688423
-0.68000000715255737300 -0.00485025811940431595
-0.67000001668930053700 -0.00484452396631240845
-0.66000002622604370100 -0.00483632693067193031
-0.64999997615814209000 -0.00482909521088004112
-0.63999998569488525400 -0.00482927821576595307
-0.62999999523162841800 -0.00482718087732791901
-0.62000000476837158200 -0.00484130717813968659
-0.61000001430511474600 -0.00484593585133552551
-0.60000002384185791000 -0.00484272185713052750
-0.58999997377395629900 -0.00485932081937789917
-0.57999998331069946300 -0.00485215522348880768
-0.56999999284744262700 -0.00484940502792596817
-0.56000000238418579100 -0.00485811103135347366
-0.55000001192092895500 -0.00483861612156033516
-0.54000002145767211900 -0.00483423005789518356
-0.52999997138977050800 -0.00484574213624000549
-0.51999998092651367200 -0.00484899803996086121
-0.50999999046325683600 -0.00484694121405482292
-0.50000000000000000000 -0.00486002396792173386
-0.49000000953674316400 -0.00486390711739659310
-0.47999998927116394000 -0.00485143018886446953
-0.46999999880790710400 -0.00485453521832823754
-0.46000000834465026800 -0.00484952889382839203
-0.44999998807907104500 -0.00483154784888029099
-0.43999999761581420900 -0.00483444798737764359
-0.43000000715255737300 -0.00484050391241908074
-0.41999998688697814900 -0.00483764288946986199
-0.40999999642372131300 -0.00485302601009607315
-0.40000000596046447700 -0.00485190609470009804
-0.38999998569488525400 -0.00485504278913140297
-0.37999999523162841800 -0.00485393498092889786
-0.37000000476837158200 -0.00484254583716392517
-0.36000001430511474600 -0.00483578909188508988
-0.34999999403953552200 -0.00483376113697886467
-0.34000000357627868600 -0.00482319295406341553
-0.33000001311302185100 -0.00482396502047777176
-0.31999999284744262700 -0.00484031811356544495
-0.31000000238418579100 -0.00483780307695269585
-0.30000001192092895500 -0.00483951997011899948
-0.28999999165534973100 -0.00485627492889761925
-0.28000000119209289500 -0.00483398698270320892
-0.27000001072883606000 -0.00481068016961216927
-0.25999999046325683600 -0.00482066022232174874
-0.25000000000000000000 -0.00480299815535545349
-0.23999999463558197000 -0.00479202391579747200
-0.23000000417232513400 -0.00480955885723233223
-0.21999999880790710400 -0.00480682915076613426
-0.20999999344348907500 -0.00480557186529040337
-0.20000000298023223900 -0.00481963390484452248
-0.18999999761581420900 -0.00482401810586452484
-0.18000000715255737300 -0.00480928318575024605
-0.17000000178813934300 -0.00480947177857160568
-0.15999999642372131300 -0.00480398489162325859
-0.15000000596046447800 -0.00478770118206739426
-0.14000000059604644800 -0.00479247793555259705
-0.12999999523162841800 -0.00477788085117936134
-0.11999999731779098500 -0.00477938307449221611
-0.10999999940395355200 -0.00479039410129189491
-0.10000000149011611900 -0.00479052681475877762
-0.09000000357627868650 -0.00479375291615724564
-0.07999999821186065670 -0.00479810917750000954
-0.07000000029802322390 -0.00478071905672550202
-0.05999999865889549260 -0.00478084478527307511
-0.05000000074505805970 -0.00477992277592420578
-0.03999999910593032840 -0.00475903414189815521
-0.02999999932944774630 -0.00476034311577677727
-0.01999999955296516420 -0.00477511482313275337
-0.00999999977648258210 -0.00477489782497286797
0.00000000000000000000 -0.00477065611630678177
0.00999999977648258210 -0.00478592514991760254
0.01999999955296516420 -0.00478470418602228165
0.02999999932944774630 -0.00478162476792931557
0.03999999910593032840 -0.00479324720799922943
0.05000000074505805970 -0.00477985106408596039
0.05999999865889549260 -0.00475504482164978981
0.07000000029802322390 -0.00477008009329438210
0.07999999821186065670 -0.00476854015141725540
0.09000000357627868650 -0.00476496620103716850
0.10000000149011611900 -0.00477762380614876747
0.10999999940395355200 -0.00477223191410303116
0.11999999731779098500 -0.00476832594722509384
0.12999999523162841800 -0.00476422393694519997
0.14000000059604644800 -0.00475456984713673592
0.15000000596046447800 -0.00473964493721723557
0.15999999642372131300 -0.00472689000889658928
0.17000000178813934300 -0.00472909491509199143
0.18000000715255737300 -0.00472726393491029740
0.18999999761581420900 -0.00473496410995721817
0.20000000298023223900 -0.00472558010369539261
0.20999999344348907500 -0.00472112884745001793
0.21999999880790710400 -0.00472473911941051483
0.23000000417232513400 -0.00470442790538072586
0.23999999463558197000 -0.00468719378113746643
0.25000000000000000000 -0.00467874715104699135
0.25999999046325683600 -0.00463936477899551392
0.27000001072883606000 -0.00462203891947865486
0.28000000119209289500 -0.00462367106229066849
0.28999999165534973100 -0.00459842616692185402
0.30000001192092895500 -0.00457588583230972290
0.31000000238418579100 -0.00456195604056119919
0.31999999284744262700 -0.00452950317412614823
0.33000001311302185100 -0.00448444299399852753
0.34000000357627868600 -0.00445285998284816742
0.34999999403953552200 -0.00439691217616200447
0.36000001430511474600 -0.00432949699461460114
0.37000000476837158200 -0.00428424682468175888
0.37999999523162841800 -0.00421948777511715889
0.38999998569488525400 -0.00415150402113795281
0.40000000596046447700 -0.00408331211656332016
0.40999999642372131300 -0.00399773800745606423
0.41999998688697814900 -0.00390456989407539368
0.43000000715255737300 -0.00380499707534909248
0.43999999761581420900 -0.00368993706069886685
0.44999998807907104500 -0.00356766907498240471
0.46000000834465026800 -0.00344345392659306526
0.46999999880790710400 -0.00330100790597498417
0.47999998927116394000 -0.00316342897713184357
0.49000000953674316400 -0.00302170100621879101
0.50000000000000000000 -0.00286677503027021885
0.50999999046325683600 -0.00270463805645704270
0.51999998092651367200 -0.00254240701906383038
0.52999997138977050800 -0.00236249109730124474
0.54000002145767211900 -0.00218030810356140137
0.55000001192092895500 -0.00199744501151144505
0.56000000238418579100 -0.00180214503780007362
0.56999999284744262700 -0.00161191402003169060
0.57999998331069946300 -0.00142011605203151703
0.58999997377395629900 -0.00122323399409651756
0.60000002384185791000 -0.00102475297171622515
0.61000001430511474600 -0.00083677738439291716
0.62000000476837158200 -0.00062820699531584978
0.62999999523162841800 -0.00042277429020032287
0.63999998569488525400 -0.00021817719971295446
0.64999997615814209000 -0.00001832605084928218
0.66000002622604370100 0.00018331689352635294
0.67000001668930053700 0.00039643488707952201
0.68000000715255737300 0.00060790101997554302
0.68999999761581420900 0.00082038197433575988
0.69999998807907104500 0.00103399401996284723
0.70999997854232788100 0.00124224403407424688
0.72000002861022949200 0.00146224000491201878
0.73000001907348632800 0.00168324494734406471
0.74000000953674316400 0.00190540798939764500
0.75000000000000000000 0.00213090307079255581
0.75999999046325683600 0.00236085499636828899
0.76999998092651367200 0.00259200995787978172
0.77999997138977050800 0.00282674003392457962
0.79000002145767211900 0.00306948809884488583
0.80000001192092895500 0.00331487599760293961
0.81000000238418579100 0.00356591702438890934
0.81999999284744262700 0.00382472900673747063
0.82999998331069946300 0.00408631376922130585
0.83999997377395629900 0.00435374584048986435
0.85000002384185791000 0.00462752487510442734
0.86000001430511474600 0.00490490812808275223
0.87000000476837158200 0.00518805999308824539
0.87999999523162841800 0.00547840818762779236
0.88999998569488525400 0.00577418087050318718
0.89999997615814209000 0.00607920205220580101
0.91000002622604370100 0.00639447383582592011
0.92000001668930053700 0.00671131396666169167
0.93000000715255737300 0.00703371409326791764
0.93999999761581420900 0.00736972596496343613
0.94999998807907104500 0.00770016293972730637
0.95999997854232788100 0.00804175622761249542
0.97000002861022949200 0.00839248020201921463
0.98000001907348632800 0.00873676501214504242
0.99000000953674316400 0.00909963343292474747
1.00000000000000000000 0.00947373639792203904
