-1.00000000000000000000 -0.00484819011762738228
-0.99000000953674316400 -0.00484914798289537430
-0.98000001907348632800 -0.00486630806699395180
-0.97000002861022949200 -0.00486215204000473023
-0.95999997854232788100 -0.00484414398670196533
-0.94999998807907104500 -0.00485938880592584610
-0.93999999761581420900 -0.00484515912830829621
-0.93000000715255737300 -0.00482732011005282402
-0.92000001668930053700 -0.00484077399596571922
-0.91000002622604370100 -0.00484269717708230019
-0.89999997615814209000 -0.00484407180920243263
-0.88999998569488525400 -0.00485476385802030564
-0.87999999523162841800 -0.00486067403107881546
-0.87000000476837158200 -0.00485208304598927498
-0.86000001430511474600 -0.00485044484958052635
-0.85000002384185791000 -0.00484564388170838356
-0.83999997377395629900 -0.00484104501083493233
-0.82999998331069946300 -0.00483218207955360413
-0.81999999284744262700 -0.00482885399833321572
-0.81000000238418579100 -0.00483383191749453545
-0.80000001192092895500 -0.00484713912010192871
-0.79000002145767211900 -0.00484617101028561592
-0.77999997138977050800 -0.00484911398962140083
-0.76999998092651367200 -0.00486029684543609619
-0.75999999046325683600 -0.00484323920682072640
-0.75000000000000000000 -0.00484604202210903168
-0.74000000953674316400 -0.00484591117128729820
-0.73000001907348632800 -0.00482460483908653259
-0.72000002861022949200 -0.00483034783974289894
-0.70999997854232788100 -0.00484563317149877548
-0.69999998807907104500 -0.00484324898570775986
-0.68999999761581420900 -0.00484567694365978241
-0.68000000715255737300 -0.00486355321481823921
-0.67000001668930053700 -0.00485290586948394776
-0.66000002622604370100 -0.00484127597883343697
-0.64999997615814209000 -0.00485388608649373055
-0.63999998569488525400 -0.00483917398378252983
-0.62999999523162841800 -0.00482622720301151276
-0.62000000476837158200 -0.00483814999461174011
-0.61000001430511474600 -0.00484145386144518852
-0.60000002384185791000 -0.00484250020235776901
-0.58999997377395629900 -0.00485535990446805954
-0.57999998331069946300 -0.00485344417393207550
-0.56999999284744262700 -0.00485213892534375191
-0.56000000238418579100 -0.00484301289543509484
-0.55000001192092895500 -0.00483897281810641289
-0.54000002145767211900 -0.00483391014859080315
-0.52999997138977050800 -0.00482430402189493179
-0.51999998092651367200 -0.00482413684949278832
-0.50999999046325683600 -0.00483486615121364594
-0.50000000000000000000 -0.00484089786186814308
-0.49000000953674316400 -0.00483981799334287644
-0.47999998927116394000 -0.00485425814986228943
-0.46999999880790710400 -0.00484820688143372536
-0.46000000834465026800 -0.00483106309548020363
-0.44999998807907104500 -0.00483999680727720261
-0.43999999761581420900 -0.00483113015070557594
-0.43000000715255737300 -0.00481067318469285965
-0.41999998688697814900 -0.00482608797028660774
-0.40999999642372131300 -0.00483164889737963677
-0.40000000596046447700 -0.00482583092525601387
-0.38999998569488525400 -0.00484033580869436264
-0.37999999523162841800 -0.00484672514721751213
-0.37000000476837158200 -0.00483464403077960014
-0.36000001430511474600 -0.00483155203983187676
-0.34999999403953552200 -0.00483434600755572319
-0.34000000357627868600 -0.00481585599482059479
-0.33000001311302185100 -0.00481253303587436676
-0.31999999284744262700 -0.00481595797464251518
-0.31000000238418579100 -0.00481439987197518349
-0.30000001192092895500 -0.00482904491946101189
-0.28999999165534973100 -0.00482896296307444573
-0.28000000119209289500 -0.00483193295076489449
-0.27000001072883606000 -0.00483371410518884659
-0.25999999046325683600 -0.00481915986165404320
-0.25000000000000000000 -0.00481908721849322319
-0.23999999463558197000 -0.00481699407100677490
-0.23000000417232513400 -0.00480464519932866097
-0.21999999880790710400 -0.00480157090350985527
-0.20999999344348907500 -0.00481827789917588234
-0.20000000298023223900 -0.00481875380501151085
-0.18999999761581420900 -0.00481684505939483643
-0.18000000715255737300 -0.00483261421322822571
-0.17000000178813934300 -0.00482878321781754494
-0.15999999642372131300 -0.00480784103274345398
-0.15000000596046447800 -0.00482092192396521568
-0.14000000059604644800 -0.00481005897745490074
-0.12999999523162841800 -0.00478617008775472641
-0.11999999731779098500 -0.00480351410806179047
-0.10999999940395355200 -0.00480525800958275795
-0.10000000149011611900 -0.00480370316654443741
-0.09000000357627868650 -0.00481556402519345284
-0.07999999821186065670 -0.00482301320880651474
-0.07000000029802322390 -0.00481033977121114731
-0.05999999865889549260 -0.00480757281184196472
-0.05000000074505805970 -0.00480805197730660439
-0.03999999910593032840 -0.00478927511721849442
-0.02999999932944774630 -0.00478425202891230583
-0.01999999955296516420 -0.00478436192497611046
-0.00999999977648258210 -0.00478208810091018677
0.00000000000000000000 -0.00479455385357141495
0.00999999977648258210 -0.00479291612282395363
0.01999999955296516420 -0.00478928815573453903
0.02999999932944774630 -0.00479142414405941963
0.03999999910593032840 -0.00478420080617070198
0.05000000074505805970 -0.00477810297161340714
0.05999999865889549260 -0.00477303704246878624
0.07000000029802322390 -0.00475460197776556015
0.07999999821186065670 -0.00474979588761925697
0.09000000357627868650 -0.00475915800780057907
0.10000000149011611900 -0.00476298481225967407
0.10999999940395355200 -0.00475558778271079064
0.11999999731779098500 -0.00476187281310558319
0.12999999523162841800 -0.00476135592907667160
0.14000000059604644800 -0.00474294507876038551
0.15000000596046447800 -0.00474645709618926048
0.15999999642372131300 -0.00473423581570386887
0.17000000178813934300 -0.00470630079507827759
0.18000000715255737300 -0.00471457000821828842
0.18999999761581420900 -0.00471000606194138527
0.20000000298023223900 -0.00469907978549599648
0.20999999344348907500 -0.00470156501978635788
0.21999999880790710400 -0.00469778198748826981
0.23000000417232513400 -0.00468366499990224838
0.23999999463558197000 -0.00467036478221416474
0.25000000000000000000 -0.00465567503124475479
0.25999999046325683600 -0.00462764501571655274
0.27000001072883606000 -0.00460097799077630043
0.28000000119209289500 -0.00458456296473741532
0.28999999165534973100 -0.00456064194440841675
0.30000001192092895500 -0.00454878294840455055
0.31000000238418579100 -0.00452142581343650818
0.31999999284744262700 -0.00448580784723162651
0.33000001311302185100 -0.00445928797125816345
0.34000000357627868600 -0.00441007083281874657
0.34999999403953552200 -0.00435836287215352059
0.36000001430511474600 -0.00430690404027700424
0.37000000476837158200 -0.00423158193007111550
0.37999999523162841800 -0.00416104122996330261
0.38999998569488525400 -0.00410503102466464043
0.40000000596046447700 -0.00402434077113866806
0.40999999642372131300 -0.00393588421866297722
0.41999998688697814900 -0.00385262002237141132
0.43000000715255737300 -0.00374738196842372418
0.43999999761581420900 -0.00362506997771561146
0.44999998807907104500 -0.00351479905657470226
0.46000000834465026800 -0.00338106299750506878
0.46999999880790710400 -0.00323567888699471951
0.47999998927116394000 -0.00310547207482159138
0.49000000953674316400 -0.00295880506746470928
0.50000000000000000000 -0.00280679296702146530
0.50999999046325683600 -0.00265473406761884689
0.51999998092651367200 -0.00249088299460709095
0.52999997138977050800 -0.00231883907690644264
0.54000002145767211900 -0.00214567896910011768
0.55000001192092895500 -0.00196654791943728924
0.56000000238418579100 -0.00178069295361638069
0.56999999284744262700 -0.00159593496937304735
0.57999998331069946300 -0.00140965799801051617
0.58999997377395629900 -0.00122241501230746508
0.60000002384185791000 -0.00103625503834336996
0.61000001430511474600 -0.00085461762500926852
0.62000000476837158200 -0.00065514747984707356
0.62999999523162841800 -0.00046350550837814808
0.63999998569488525400 -0.00026869171415455639
0.64999997615814209000 -0.00008224244811572134
0.66000002622604370100 0.00010727839980972931
0.67000001668930053700 0.00030827449518255889
0.68000000715255737300 0.00050606561126187444
0.68999999761581420900 0.00070400029653683305
0.69999998807907104500 0.00090316182468086481
0.70999997854232788100 0.00109676097054034472
0.72000002861022949200 0.00130128895398229361
0.73000001907348632800 0.00150629098061472178
0.74000000953674316400 0.00171226204838603735
0.75000000000000000000 0.00192154105752706528
0.75999999046325683600 0.00213314499706029892
0.76999998092651367200 0.00234737200662493706
0.77999997138977050800 0.00256567494943737984
0.79000002145767211900 0.00278778607025742531
0.80000001192092895500 0.00301354401744902134
0.81000000238418579100 0.00324660399928689003
0.81999999284744262700 0.00348448799923062325
0.82999998331069946300 0.00372508889995515347
0.83999997377395629900 0.00397458113729953766
0.85000002384185791000 0.00422650808468461037
0.86000001430511474600 0.00447960710152983666
0.87000000476837158200 0.00474516022950410843
0.87999999523162841800 0.00501066213473677635
0.88999998569488525400 0.00528047420084476471
0.89999997615814209000 0.00556405493989586830
0.91000002622604370100 0.00585162499919533730
0.92000001668930053700 0.00613905908539891243
0.93000000715255737300 0.00644029397517442703
0.93999999761581420900 0.00674859713762998581
0.94999998807907104500 0.00704938778653740883
0.95999997854232788100 0.00736370496451854706
0.97000002861022949200 0.00768490508198738098
0.98000001907348632800 0.00800344999879598618
0.99000000953674316400 0.00833580363541841507
1.00000000000000000000 0.00867562741041183472
