-1.00000000000000000000 -0.00474061677232384682
-0.99000000953674316400 -0.00474793417379260063
-0.98000001907348632800 -0.00475292280316352844
-0.97000002861022949200 -0.00475505599752068520
-0.95999997854232788100 -0.00475428812205791474
-0.94999998807907104500 -0.00474571017548441887
-0.93999999761581420900 -0.00474357511848211289
-0.93000000715255737300 -0.00474194483831524849
-0.92000001668930053700 -0.00473139993846416474
-0.91000002622604370100 -0.00472855521366000176
-0.89999997615814209000 -0.00474049011245369911
-0.88999998569488525400 -0.00474600819870829582
-0.87999999523162841800 -0.00474631180986762047
-0.87000000476837158200 -0.00475825089961290360
-0.86000001430511474600 -0.00475359521806240082
-0.85000002384185791000 -0.00473467400297522545
-0.83999997377395629900 -0.00474639190360903740
-0.82999998331069946300 -0.00473494222387671471
-0.81999999284744262700 -0.00471982220187783241
-0.81000000238418579100 -0.00473397318273782730
-0.80000001192092895500 -0.00473591499030590058
-0.79000002145767211900 -0.00473673315718770027
-0.77999997138977050800 -0.00474478397518396378
-0.76999998092651367200 -0.00475346716120839119
-0.75999999046325683600 -0.00474183121696114540
-0.75000000000000000000 -0.00474104983732104302
-0.74000000953674316400 -0.00474101491272449494
-0.73000001907348632800 -0.00472397403791546822
-0.72000002861022949200 -0.00472516007721424103
-0.70999997854232788100 -0.00473128585144877434
-0.69999998807907104500 -0.00473261717706918717
-0.68999999761581420900 -0.00473975623026490212
-0.68000000715255737300 -0.00474578980356454849
-0.67000001668930053700 -0.00474736792966723442
-0.66000002622604370100 -0.00474860798567533493
-0.64999997615814209000 -0.00473897391930222511
-0.63999998569488525400 -0.00473148282617330551
-0.62999999523162841800 -0.00472333002835512161
-0.62000000476837158200 -0.00472227390855550766
-0.61000001430511474600 -0.00471907015889883042
-0.60000002384185791000 -0.00472664088010787964
-0.58999997377395629900 -0.00472907721996307373
-0.57999998331069946300 -0.00472724298015236855
-0.56999999284744262700 -0.00474334508180618286
-0.56000000238418579100 -0.00473109586164355278
-0.55000001192092895500 -0.00472526717931032181
-0.54000002145767211900 -0.00472570396959781647
-0.52999997138977050800 -0.00470285909250378609
-0.51999998092651367200 -0.00470351893454790116
-0.50999999046325683600 -0.00471678096801042557
-0.50000000000000000000 -0.00471956096589565277
-0.49000000953674316400 -0.00471564708277583122
-0.47999998927116394000 -0.00472441082820296288
-0.46999999880790710400 -0.00471695791929960251
-0.46000000834465026800 -0.00469710491597652435
-0.44999998807907104500 -0.00469762599095702171
-0.43999999761581420900 -0.00468813208863139153
-0.43000000715255737300 -0.00466963183134794235
-0.41999998688697814900 -0.00468473602086305618
-0.40999999642372131300 -0.00468609202653169632
-0.40000000596046447700 -0.00468450598418712616
-0.38999998569488525400 -0.00469986582174897194
-0.37999999523162841800 -0.00470031797885894776
-0.37000000476837158200 -0.00469368183985352516
-0.36000001430511474600 -0.00468873791396617890
-0.34999999403953552200 -0.00468822615221142769
-0.34000000357627868600 -0.00467547401785850525
-0.33000001311302185100 -0.00466913217678666115
-0.31999999284744262700 -0.00467173801735043526
-0.31000000238418579100 -0.00467676715925335884
-0.30000001192092895500 -0.00469341594725847244
-0.28999999165534973100 -0.00469110487028956413
-0.28000000119209289500 -0.00469511607661843300
-0.27000001072883606000 -0.00469809491187334061
-0.25999999046325683600 -0.00468644406646490097
-0.25000000000000000000 -0.00467995600774884224
-0.23999999463558197000 -0.00467306515201926232
-0.23000000417232513400 -0.00466992007568478584
-0.21999999880790710400 -0.00467072520405054093
-0.20999999344348907500 -0.00468493206426501274
-0.20000000298023223900 -0.00468263681977987290
-0.18999999761581420900 -0.00468601705506443978
-0.18000000715255737300 -0.00469542108476161957
-0.17000000178813934300 -0.00468523986637592316
-0.15999999642372131300 -0.00467730918899178505
-0.15000000596046447800 -0.00467998720705509186
-0.14000000059604644800 -0.00466369511559605599
-0.12999999523162841800 -0.00465770903974771500
-0.11999999731779098500 -0.00467272894456982613
-0.10999999940395355200 -0.00466986000537872315
-0.10000000149011611900 -0.00467418413609266281
-0.09000000357627868650 -0.00468308711424469948
-0.07999999821186065670 -0.00467797787860035896
-0.07000000029802322390 -0.00466398708522319794
-0.05999999865889549260 -0.00467196805402636528
-0.05000000074505805970 -0.00465777795761823654
-0.03999999910593032840 -0.00464144209399819374
-0.02999999932944774630 -0.00465044705197215080
-0.01999999955296516420 -0.00465086987242102623
-0.00999999977648258210 -0.00465555302798748016
0.00000000000000000000 -0.00465966714546084404
0.00999999977648258210 -0.00465936679393053055
0.01999999955296516420 -0.00465245777741074562
0.02999999932944774630 -0.00464190915226936340
0.03999999910593032840 -0.00463873287662863732
0.05000000074505805970 -0.00462770508602261543
0.05999999865889549260 -0.00461845705285668373
0.07000000029802322390 -0.00461788522079586983
0.07999999821186065670 -0.00462350808084011078
0.09000000357627868650 -0.00462766690179705620
0.10000000149011611900 -0.00462686317041516304
0.10999999940395355200 -0.00462827086448669434
0.11999999731779098500 -0.00462443102151155472
0.12999999523162841800 -0.00460703996941447258
0.14000000059604644800 -0.00460592890158295632
0.15000000596046447800 -0.00459183799102902413
0.15999999642372131300 -0.00457518501207232475
0.17000000178813934300 -0.00458148308098316193
0.18000000715255737300 -0.00457951193675398827
0.18999999761581420900 -0.00457378290593624115
0.20000000298023223900 -0.00457176798954606056
0.20999999344348907500 -0.00457432121038436890
0.21999999880790710400 -0.00454939715564250946
0.23000000417232513400 -0.00453640287742018700
0.23999999463558197000 -0.00452607404440641403
0.25000000000000000000 -0.00449538696557283402
0.25999999046325683600 -0.00448312796652317047
0.27000001072883606000 -0.00447291787713766098
0.28000000119209289500 -0.00444797798991203308
0.28999999165534973100 -0.00443197321146726608
0.30000001192092895500 -0.00440675579011440277
0.31000000238418579100 -0.00437717698514461517
0.31999999284744262700 -0.00434421794489026070
0.33000001311302185100 -0.00430826609954237938
0.34000000357627868600 -0.00425967108458280564
0.34999999403953552200 -0.00420312397181987763
0.36000001430511474600 -0.00415420206263661385
0.37000000476837158200 -0.00409933179616928101
0.37999999523162841800 -0.00404190784320235252
0.38999998569488525400 -0.00397233478724956513
0.40000000596046447700 -0.00389082590118050575
0.40999999642372131300 -0.00381017196923494339
0.41999998688697814900 -0.00370846595615148544
0.43000000715255737300 -0.00360299204476177693
0.43999999761581420900 -0.00348786497488617897
0.44999998807907104500 -0.00335572194308042526
0.46000000834465026800 -0.00322795403189957142
0.46999999880790710400 -0.00310148601420223713
0.47999998927116394000 -0.00296108401380479336
0.49000000953674316400 -0.00281141093000769615
0.50000000000000000000 -0.00266351411119103432
0.50999999046325683600 -0.00250136503018438816
0.51999998092651367200 -0.00232735904864966869
0.52999997138977050800 -0.00215841690078377724
0.54000002145767211900 -0.00197905511595308781
0.55000001192092895500 -0.00179172598291188479
0.56000000238418579100 -0.00160919595509767532
0.56999999284744262700 -0.00142354704439640045
0.57999998331069946300 -0.00123193103354424238
0.58999997377395629900 -0.00104081700555980206
0.60000002384185791000 -0.00085144379409030080
0.61000001430511474600 -0.00064541632309556007
0.62000000476837158200 -0.00044329860247671604
0.62999999523162841800 -0.00023794680600985885
0.63999998569488525400 -0.00003515400021569803
0.64999997615814209000 0.00016907480312511325
0.66000002622604370100 0.00038213410880416632
0.67000001668930053700 0.00059658271493390203
0.68000000715255737300 0.00081041612429544330
0.68999999761581420900 0.00102787103969603777
0.69999998807907104500 0.00124113098718225956
0.70999997854232788100 0.00146264501381665468
0.72000002861022949200 0.00168532598763704300
0.73000001907348632800 0.00190968997776508331
0.74000000953674316400 0.00213596201501786709
0.75000000000000000000 0.00236511789262294769
0.75999999046325683600 0.00259579508565366268
0.76999998092651367200 0.00283052609302103520
0.77999997138977050800 0.00307024596258997917
0.79000002145767211900 0.00331243406981229782
0.80000001192092895500 0.00355780310928821564
0.81000000238418579100 0.00381006603129208088
0.81999999284744262700 0.00406231079250574112
0.82999998331069946300 0.00431878212839365006
0.83999997377395629900 0.00458283582702279091
0.85000002384185791000 0.00484739802777767182
0.86000001430511474600 0.00511663407087326050
0.87000000476837158200 0.00539636891335248947
0.87999999523162841800 0.00567788397893309593
0.88999998569488525400 0.00596534600481390953
0.89999997615814209000 0.00625979714095592499
0.91000002622604370100 0.00655823992565274239
0.92000001668930053700 0.00685884198173880577
0.93000000715255737300 0.00716522196307778359
0.93999999761581420900 0.00747794797644019127
0.94999998807907104500 0.00779198203235864640
0.95999997854232788100 0.00811591092497110367
0.97000002861022949200 0.00844610296189785004
0.98000001907348632800 0.00878259446471929550
0.99000000953674316400 0.00912217423319816590
1.00000000000000000000 0.00946536380797624588
