-1.00000000000000000000 -0.00469361478462815285
-0.99000000953674316400 -0.00469167390838265419
-0.98000001907348632800 -0.00470576900988817215
-0.97000002861022949200 -0.00471009919419884682
-0.95999997854232788100 -0.00470657413825392723
-0.94999998807907104500 -0.00472258497029542923
-0.93999999761581420900 -0.00472002103924751282
-0.93000000715255737300 -0.00470770709216594696
-0.92000001668930053700 -0.00471843220293521881
-0.91000002622604370100 -0.00470583979040384293
-0.89999997615814209000 -0.00468383496627211571
-0.88999998569488525400 -0.00469930889084935188
-0.87999999523162841800 -0.00469946302473545075
-0.87000000476837158200 -0.00470041576772928238
-0.86000001430511474600 -0.00471456488594412804
-0.85000002384185791000 -0.00471564289182424545
-0.83999997377395629900 -0.00471565918996930123
-0.82999998331069946300 -0.00471349619328975678
-0.81999999284744262700 -0.00470993900671601296
-0.81000000238418579100 -0.00469925999641418457
-0.80000001192092895500 -0.00469559989869594574
-0.79000002145767211900 -0.00469497777521610260
-0.77999997138977050800 -0.00469531677663326264
-0.76999998092651367200 -0.00471139792352914810
-0.75999999046325683600 -0.00470916694030165672
-0.75000000000000000000 -0.00471180817112326622
-0.74000000953674316400 -0.00472279312089085579
-0.73000001907348632800 -0.00470896111801266670
-0.72000002861022949200 -0.00470643304288387299
-0.70999997854232788100 -0.00470896577462553978
-0.69999998807907104500 -0.00469034584239125252
-0.68999999761581420900 -0.00468740984797477722
-0.68000000715255737300 -0.00470526190474629402
-0.67000001668930053700 -0.00470682280138134956
-0.66000002622604370100 -0.00470533687621355057
-0.64999997615814209000 -0.00472047086805105210
-0.63999998569488525400 -0.00471668178215622902
-0.62999999523162841800 -0.00469761993736028671
-0.62000000476837158200 -0.00471226219087839127
-0.61000001430511474600 -0.00470128515735268593
-0.60000002384185791000 -0.00468285614624619484
-0.58999997377395629900 -0.00469698384404182434
-0.57999998331069946300 -0.00469707185402512550
-0.56999999284744262700 -0.00469916779547929764
-0.56000000238418579100 -0.00470984587445855141
-0.55000001192092895500 -0.00471449317410588265
-0.54000002145767211900 -0.00470553105697035790
-0.52999997138977050800 -0.00470012705773115158
-0.51999998092651367200 -0.00470033101737499237
-0.50999999046325683600 -0.00468726782128214836
-0.50000000000000000000 -0.00468427222222089768
-0.49000000953674316400 -0.00468322681263089180
-0.47999998927116394000 -0.00468793278560042381
-0.46999999880790710400 -0.00469740619882941246
-0.46000000834465026800 -0.00469896197319030762
-0.44999998807907104500 -0.00470138015225529671
-0.43999999761581420900 -0.00470403302460908890
-0.43000000715255737300 -0.00468665082007646561
-0.41999998688697814900 -0.00468915700912475586
-0.40999999642372131300 -0.00467930408194661141
-0.40000000596046447700 -0.00467105116695165634
-0.38999998569488525400 -0.00467658089473843575
-0.37999999523162841800 -0.00468684919178485870
-0.37000000476837158200 -0.00468517001718282700
-0.36000001430511474600 -0.00469039985910058022
-0.34999999403953552200 -0.00469991797581315041
-0.34000000357627868600 -0.00468521099537611008
-0.33000001311302185100 -0.00468023121356964111
-0.31999999284744262700 -0.00468360399827361107
-0.31000000238418579100 -0.00466424878686666489
-0.30000001192092895500 -0.00466449093073606491
-0.28999999165534973100 -0.00467095198109745979
-0.28000000119209289500 -0.00467282300814986229
-0.27000001072883606000 -0.00467983586713671684
-0.25999999046325683600 -0.00468822289258241654
-0.25000000000000000000 -0.00468347780406475067
-0.23999999463558197000 -0.00468413997441530228
-0.23000000417232513400 -0.00468171900138258934
-0.21999999880790710400 -0.00466941716149449349
-0.20999999344348907500 -0.00465902313590049744
-0.20000000298023223900 -0.00466156192123889923
-0.18999999761581420900 -0.00466086110100150108
-0.18000000715255737300 -0.00467131193727254868
-0.17000000178813934300 -0.00467427494004368782
-0.15999999642372131300 -0.00467455107718706131
-0.15000000596046447800 -0.00468278396874666214
-0.14000000059604644800 -0.00466283690184354782
-0.12999999523162841800 -0.00466201314702630043
-0.11999999731779098500 -0.00466340407729148865
-0.10999999940395355200 -0.00464313291013240814
-0.10000000149011611900 -0.00464227795600891113
-0.09000000357627868650 -0.00465448992326855660
-0.07999999821186065670 -0.00465389806777238846
-0.07000000029802322390 -0.00465067988261580467
-0.05999999865889549260 -0.00466615799814462662
-0.05000000074505805970 -0.00465739797800779343
-0.03999999910593032840 -0.00463660014793276787
-0.02999999932944774630 -0.00464832782745361328
-0.01999999955296516420 -0.00463681900873780251
-0.00999999977648258210 -0.00461444212123751640
0.00000000000000000000 -0.00462641101330518723
0.00999999977648258210 -0.00462841894477605820
0.01999999955296516420 -0.00462428806349635124
0.02999999932944774630 -0.00463595287874341011
0.03999999910593032840 -0.00463812286034226418
0.05000000074505805970 -0.00462835980579257012
0.05999999865889549260 -0.00462230900302529335
0.07000000029802322390 -0.00462048687040805817
0.07999999821186065670 -0.00460447883233428002
0.09000000357627868650 -0.00459524104371666908
0.10000000149011611900 -0.00459541799500584602
0.10999999940395355200 -0.00459007918834686279
0.11999999731779098500 -0.00460220221430063248
0.12999999523162841800 -0.00459781615063548088
0.14000000059604644800 -0.00459947716444730759
0.15000000596046447800 -0.00459710089489817619
0.15999999642372131300 -0.00456849206238985062
0.17000000178813934300 -0.00456003891304135323
0.18000000715255737300 -0.00455722305923700333
0.18999999761581420900 -0.00452872179448604584
0.20000000298023223900 -0.00451947515830397606
0.20999999344348907500 -0.00452660396695137024
0.21999999880790710400 -0.00451777502894401550
0.23000000417232513400 -0.00450831279158592224
0.23999999463558197000 -0.00451411120593547821
0.25000000000000000000 -0.00449393317103385925
0.25999999046325683600 -0.00446134619414806366
0.27000001072883606000 -0.00445801205933094025
0.28000000119209289500 -0.00442886119708418846
0.28999999165534973100 -0.00439587701112031937
0.30000001192092895500 -0.00438990397378802300
0.31000000238418579100 -0.00436095288023352623
0.31999999284744262700 -0.00433167489245533943
0.33000001311302185100 -0.00430777296423912048
0.34000000357627868600 -0.00426982995122671127
0.34999999403953552200 -0.00420850701630115509
0.36000001430511474600 -0.00415834318846464157
0.37000000476837158200 -0.00409928988665342331
0.37999999523162841800 -0.00402436079457402229
0.38999998569488525400 -0.00395695678889751434
0.40000000596046447700 -0.00387785607017576695
0.40999999642372131300 -0.00379630690440535545
0.41999998688697814900 -0.00371128809638321400
0.43000000715255737300 -0.00361023889854550362
0.43999999761581420900 -0.00350300408899784088
0.44999998807907104500 -0.00338807795196771622
0.46000000834465026800 -0.00325689511373639107
0.46999999880790710400 -0.00312341004610061646
0.47999998927116394000 -0.00298434798605740070
0.49000000953674316400 -0.00283488398417830467
0.50000000000000000000 -0.00268530403263866901
0.50999999046325683600 -0.00253510288894176483
0.51999998092651367200 -0.00237416103482246399
0.52999997138977050800 -0.00220605288632214069
0.54000002145767211900 -0.00204131193459033966
0.55000001192092895500 -0.00186047900933772326
0.56000000238418579100 -0.00167768204119056463
0.56999999284744262700 -0.00149772898294031620
0.57999998331069946300 -0.00130672205705195665
0.58999997377395629900 -0.00111805996857583523
0.60000002384185791000 -0.00094144180184230208
0.61000001430511474600 -0.00074138748459517956
0.62000000476837158200 -0.00054129702039062977
0.62999999523162841800 -0.00034678919473662972
0.63999998569488525400 -0.00014890710008330643
0.64999997615814209000 0.00004297864870750345
0.66000002622604370100 0.00024072740052361041
0.67000001668930053700 0.00044607379822991788
0.68000000715255737300 0.00064919632859528065
0.68999999761581420900 0.00085404008859768510
0.69999998807907104500 0.00105604401323944330
0.70999997854232788100 0.00126553897280246019
0.72000002861022949200 0.00147609796840697527
0.73000001907348632800 0.00168870203197002411
0.74000000953674316400 0.00190201797522604466
0.75000000000000000000 0.00211960310116410256
0.75999999046325683600 0.00233822688460350037
0.76999998092651367200 0.00255716801621019840
0.77999997138977050800 0.00278261909261345863
0.79000002145767211900 0.00300794607028365135
0.80000001192092895500 0.00323580205440521240
0.81000000238418579100 0.00347255100496113300
0.81999999284744262700 0.00371003709733486176
0.82999998331069946300 0.00395114393904805184
0.83999997377395629900 0.00419915979728102684
0.85000002384185791000 0.00445155194029211998
0.86000001430511474600 0.00470334012061357498
0.87000000476837158200 0.00496166013181209564
0.87999999523162841800 0.00522375991567969322
0.88999998569488525400 0.00548415491357445717
0.89999997615814209000 0.00575711717829108238
0.91000002622604370100 0.00603442080318927765
0.92000001668930053700 0.00631584413349628449
0.93000000715255737300 0.00660376902669668198
0.93999999761581420900 0.00689453911036252976
0.94999998807907104500 0.00718762306496500969
0.95999997854232788100 0.00748670799657702446
0.97000002861022949200 0.00779206492006778717
0.98000001907348632800 0.00809817854315042496
0.99000000953674316400 0.00840677414089441300
1.00000000000000000000 0.00872158631682395935
