-1.00000000000000000000 -0.00474077416583895683
-0.99000000953674316400 -0.00473306095227599144
-0.98000001907348632800 -0.00472440384328365326
-0.97000002861022949200 -0.00472214678302407265
-0.95999997854232788100 -0.00472884578630328179
-0.94999998807907104500 -0.00474016321823000908
-0.93999999761581420900 -0.00474309688434004784
-0.93000000715255737300 -0.00474327988922595978
-0.92000001668930053700 -0.00475484179332852364
-0.91000002622604370100 -0.00474164821207523346
-0.89999997615814209000 -0.00473883422091603279
-0.88999998569488525400 -0.00474138418212532997
-0.87999999523162841800 -0.00471671717241406441
-0.87000000476837158200 -0.00471881311386823654
-0.86000001430511474600 -0.00473044393584132195
-0.85000002384185791000 -0.00473063578829169274
-0.83999997377395629900 -0.00472958898171782494
-0.82999998331069946300 -0.00474451016634702683
-0.81999999284744262700 -0.00474180001765489578
-0.81000000238418579100 -0.00473052589222788811
-0.80000001192092895500 -0.00473817298188805580
-0.79000002145767211900 -0.00472900597378611565
-0.77999997138977050800 -0.00470642279833555222
-0.76999998092651367200 -0.00471882382407784462
-0.75999999046325683600 -0.00472122617065906525
-0.75000000000000000000 -0.00472284713760018349
-0.74000000953674316400 -0.00473508099094033241
-0.73000001907348632800 -0.00473375897854566574
-0.72000002861022949200 -0.00473484816029667854
-0.70999997854232788100 -0.00473435781896114350
-0.69999998807907104500 -0.00473873922601342201
-0.68999999761581420900 -0.00472861807793378830
-0.68000000715255737300 -0.00472082290798425675
-0.67000001668930053700 -0.00472106691449880600
-0.66000002622604370100 -0.00472491420805454254
-0.64999997615814209000 -0.00474018091335892677
-0.63999998569488525400 -0.00473553501069545746
-0.62999999523162841800 -0.00473891478031873703
-0.62000000476837158200 -0.00475177308544516564
-0.61000001430511474600 -0.00474123703315854073
-0.60000002384185791000 -0.00473787495866417885
-0.58999997377395629900 -0.00474078487604856491
-0.57999998331069946300 -0.00471577793359756470
-0.56999999284744262700 -0.00471410714089870453
-0.56000000238418579100 -0.00473449192941188812
-0.55000001192092895500 -0.00473229680210351944
-0.54000002145767211900 -0.00473335105925798416
-0.52999997138977050800 -0.00474778003990650177
-0.51999998092651367200 -0.00474770786240696907
-0.50999999046325683600 -0.00473456084728240967
-0.50000000000000000000 -0.00474686501547694206
-0.49000000953674316400 -0.00473480997607111931
-0.47999998927116394000 -0.00471042422577738762
-0.46999999880790710400 -0.00472636707127094269
-0.46000000834465026800 -0.00472956197336316109
-0.44999998807907104500 -0.00472913682460784912
-0.43999999761581420900 -0.00474034482613205910
-0.43000000715255737300 -0.00474437186494469643
-0.41999998688697814900 -0.00474071176722645760
-0.40999999642372131300 -0.00474062794819474220
-0.40000000596046447700 -0.00473491102457046509
-0.38999998569488525400 -0.00472622597590088844
-0.37999999523162841800 -0.00471560889855027199
-0.37000000476837158200 -0.00471669994294643402
-0.36000001430511474600 -0.00472124991938471794
-0.34999999403953552200 -0.00473062787204980850
-0.34000000357627868600 -0.00473373197019100189
-0.33000001311302185100 -0.00473615108057856560
-0.31999999284744262700 -0.00474376510828733444
-0.31000000238418579100 -0.00473256409168243408
-0.30000001192092895500 -0.00472764112055301666
-0.28999999165534973100 -0.00472854916006326676
-0.28000000119209289500 -0.00470683677121996880
-0.27000001072883606000 -0.00470991618931293488
-0.25999999046325683600 -0.00471984082832932472
-0.25000000000000000000 -0.00472129695117473602
-0.23999999463558197000 -0.00472027901560068131
-0.23000000417232513400 -0.00472836103290319443
-0.21999999880790710400 -0.00473450683057308197
-0.20999999344348907500 -0.00472012581303715706
-0.20000000298023223900 -0.00472744088619947434
-0.18999999761581420900 -0.00471562612801790238
-0.18000000715255737300 -0.00469681294634938240
-0.17000000178813934300 -0.00470460718497633934
-0.15999999642372131300 -0.00470732105895876885
-0.15000000596046447800 -0.00470865285024046898
-0.14000000059604644800 -0.00471902778372168541
-0.12999999523162841800 -0.00471582403406500816
-0.11999999731779098500 -0.00471951114013791084
-0.10999999940395355200 -0.00471304915845394135
-0.10000000149011611900 -0.00470908917486667633
-0.09000000357627868650 -0.00470056477934122086
-0.07999999821186065670 -0.00469022477045655251
-0.07000000029802322390 -0.00468862103298306465
-0.05999999865889549260 -0.00469148484990000725
-0.05000000074505805970 -0.00470278598368167877
-0.03999999910593032840 -0.00469993799924850464
-0.02999999932944774630 -0.00470387702807784081
-0.01999999955296516420 -0.00470987893640995026
-0.00999999977648258210 -0.00469708116725087166
0.00000000000000000000 -0.00469535309821367264
0.00999999977648258210 -0.00469615077599883080
0.01999999955296516420 -0.00467443186789751053
0.02999999932944774630 -0.00466948095709085465
0.03999999910593032840 -0.00468506012111902237
0.05000000074505805970 -0.00468480121344327927
0.05999999865889549260 -0.00468542193993926048
0.07000000029802322390 -0.00469475705176591873
0.07999999821186065670 -0.00469678919762372971
0.09000000357627868650 -0.00468224892392754555
0.10000000149011611900 -0.00468481006100773812
0.10999999940395355200 -0.00467707682400941849
0.11999999731779098500 -0.00465286010876297951
0.12999999523162841800 -0.00465265009552240372
0.14000000059604644800 -0.00464702304452657700
0.15000000596046447800 -0.00464747194200754166
0.15999999642372131300 -0.00465114600956439972
0.17000000178813934300 -0.00464835111051797867
0.18000000715255737300 -0.00464279018342494965
0.18999999761581420900 -0.00463496986776590347
0.20000000298023223900 -0.00461650919169187546
0.20999999344348907500 -0.00460567185655236244
0.21999999880790710400 -0.00458556320518255234
0.23000000417232513400 -0.00457786489278078079
0.23999999463558197000 -0.00457385601475834847
0.25000000000000000000 -0.00457074679434299469
0.25999999046325683600 -0.00456105498597025871
0.27000001072883606000 -0.00455291289836168289
0.28000000119209289500 -0.00453596096485853195
0.28999999165534973100 -0.00450362497940659523
0.30000001192092895500 -0.00448487699031829834
0.31000000238418579100 -0.00446193106472492218
0.31999999284744262700 -0.00441430881619453430
0.33000001311302185100 -0.00439521484076976776
0.34000000357627868600 -0.00437007704749703407
0.34999999403953552200 -0.00432344106957316399
0.36000001430511474600 -0.00428583612665534020
0.37000000476837158200 -0.00424899114295840264
0.37999999523162841800 -0.00419119885191321373
0.38999998569488525400 -0.00412737904116511345
0.40000000596046447700 -0.00406377110630273819
0.40999999642372131300 -0.00398130808025598526
0.41999998688697814900 -0.00388702400960028172
0.43000000715255737300 -0.00380407110787928105
0.43999999761581420900 -0.00370676000602543354
0.44999998807907104500 -0.00360351102426648140
0.46000000834465026800 -0.00349468807689845562
0.46999999880790710400 -0.00337065896019339562
0.47999998927116394000 -0.00324296811595559120
0.49000000953674316400 -0.00309877609834074974
0.50000000000000000000 -0.00295001990161836147
0.50999999046325683600 -0.00279284408316016197
0.51999998092651367200 -0.00262085208669304848
0.52999997138977050800 -0.00245143100619316101
0.54000002145767211900 -0.00228197500109672546
0.55000001192092895500 -0.00210275803692638874
0.56000000238418579100 -0.00191481097135692835
0.56999999284744262700 -0.00172808195929974318
0.57999998331069946300 -0.00153720402158796787
0.58999997377395629900 -0.00133359897881746292
0.60000002384185791000 -0.00113335298374295235
0.61000001430511474600 -0.00094673270359635353
0.62000000476837158200 -0.00072946381988003850
0.62999999523162841800 -0.00051586708286777139
0.63999998569488525400 -0.00030447659082710743
0.64999997615814209000 -0.00009847647743299603
0.66000002622604370100 0.00010864689829759300
0.67000001668930053700 0.00033276408794336021
0.68000000715255737300 0.00055387668544426560
0.68999999761581420900 0.00077729270560666919
0.69999998807907104500 0.00100259901955723763
0.70999997854232788100 0.00122200394980609417
0.72000002861022949200 0.00145586102735251188
0.73000001907348632800 0.00169094803277403116
0.74000000953674316400 0.00192736205644905567
0.75000000000000000000 0.00216959393583238125
0.75999999046325683600 0.00241759698837995529
0.76999998092651367200 0.00266795698553323746
0.77999997138977050800 0.00292466604150831699
0.79000002145767211900 0.00319109507836401463
0.80000001192092895500 0.00345658604055643082
0.81000000238418579100 0.00372731196694076061
0.81999999284744262700 0.00401081517338752747
0.82999998331069946300 0.00429347902536392212
0.83999997377395629900 0.00458161113783717156
0.85000002384185791000 0.00488643581047654152
0.86000001430511474600 0.00519271288067102432
0.87000000476837158200 0.00550602609291672707
0.87999999523162841800 0.00583196897059679032
0.88999998569488525400 0.00616157520562410355
0.89999997615814209000 0.00649398891255259514
0.91000002622604370100 0.00683515798300504685
0.92000001668930053700 0.00718424515798687935
0.93000000715255737300 0.00753469113260507584
0.93999999761581420900 0.00789270736277103424
0.94999998807907104500 0.00826335605233907700
0.95999997854232788100 0.00864444766193628311
0.97000002861022949200 0.00903609395027160645
0.98000001907348632800 0.00942824780941009522
0.99000000953674316400 0.00983237754553556443
1.00000000000000000000 0.01023846026510000230
