-1.00000000000000000000 -0.00479657296091318131
-0.99000000953674316400 -0.00479058409109711647
-0.98000001907348632800 -0.00479362811893224716
-0.97000002861022949200 -0.00477261701598763466
-0.95999997854232788100 -0.00477161398157477379
-0.94999998807907104500 -0.00478645786643028259
-0.93999999761581420900 -0.00478951120749115944
-0.93000000715255737300 -0.00478814123198390007
-0.92000001668930053700 -0.00480440491810441017
-0.91000002622604370100 -0.00480231409892439842
-0.89999997615814209000 -0.00479292077943682671
-0.88999998569488525400 -0.00480026518926024437
-0.87999999523162841800 -0.00478929886594414711
-0.87000000476837158200 -0.00477299792692065239
-0.86000001430511474600 -0.00477833207696676254
-0.85000002384185791000 -0.00478248018771409989
-0.83999997377395629900 -0.00477917585521936417
-0.82999998331069946300 -0.00479690218344330788
-0.81999999284744262700 -0.00480220885947346687
-0.81000000238418579100 -0.00480587501078844071
-0.80000001192092895500 -0.00480585405603051186
-0.79000002145767211900 -0.00479714013636112213
-0.77999997138977050800 -0.00479075685143470764
-0.76999998092651367200 -0.00478574307635426521
-0.75999999046325683600 -0.00478290393948554993
-0.75000000000000000000 -0.00478351721540093422
-0.74000000953674316400 -0.00479827215895056725
-0.73000001907348632800 -0.00479593081399798393
-0.72000002861022949200 -0.00479872198775410652
-0.70999997854232788100 -0.00481309881433844566
-0.69999998807907104500 -0.00479985494166612625
-0.68999999761581420900 -0.00479325186461210251
-0.68000000715255737300 -0.00480127707123756409
-0.67000001668930053700 -0.00478065200150012970
-0.66000002622604370100 -0.00477308221161365509
-0.64999997615814209000 -0.00479000201448798180
-0.63999998569488525400 -0.00478877779096364975
-0.62999999523162841800 -0.00479154707863926888
-0.62000000476837158200 -0.00480276299640536308
-0.61000001430511474600 -0.00480652414262294769
-0.60000002384185791000 -0.00479415012523531914
-0.58999997377395629900 -0.00479973899200558663
-0.57999998331069946300 -0.00478237913921475411
-0.56999999284744262700 -0.00476155616343021393
-0.56000000238418579100 -0.00477433204650878906
-0.55000001192092895500 -0.00476917205378413201
-0.54000002145767211900 -0.00477435579523444176
-0.52999997138977050800 -0.00478494307026267052
-0.51999998092651367200 -0.00477645918726921082
-0.50999999046325683600 -0.00477890111505985260
-0.50000000000000000000 -0.00478143012151122093
-0.49000000953674316400 -0.00476736016571521759
-0.47999998927116394000 -0.00476547284051775932
-0.46999999880790710400 -0.00476336199790239334
-0.46000000834465026800 -0.00475153885781764984
-0.44999998807907104500 -0.00475842319428920746
-0.43999999761581420900 -0.00476901978254318237
-0.43000000715255737300 -0.00476912409067153931
-0.41999998688697814900 -0.00476932013407349587
-0.40999999642372131300 -0.00478693190962076187
-0.40000000596046447700 -0.00477061886340379715
-0.38999998569488525400 -0.00476128794252872467
-0.37999999523162841800 -0.00476968614384531975
-0.37000000476837158200 -0.00475304201245307922
-0.36000001430511474600 -0.00474557420238852501
-0.34999999403953552200 -0.00476048793643712998
-0.34000000357627868600 -0.00475884601473808289
-0.33000001311302185100 -0.00475827697664499283
-0.31999999284744262700 -0.00477327499538660050
-0.31000000238418579100 -0.00477289222180843353
-0.30000001192092895500 -0.00476446887478232384
-0.28999999165534973100 -0.00476504396647214890
-0.28000000119209289500 -0.00475878501310944557
-0.27000001072883606000 -0.00474584195762872696
-0.25999999046325683600 -0.00474391411989927292
-0.25000000000000000000 -0.00474771205335855484
-0.23999999463558197000 -0.00474537909030914307
-0.23000000417232513400 -0.00475996779277920723
-0.21999999880790710400 -0.00475576007738709450
-0.20999999344348907500 -0.00476171914488077164
-0.20000000298023223900 -0.00476244278252124787
-0.18999999761581420900 -0.00474886922165751457
-0.18000000715255737300 -0.00474624801427125931
-0.17000000178813934300 -0.00474340002983808518
-0.15999999642372131300 -0.00473598204553127289
-0.15000000596046447800 -0.00473094778135418892
-0.14000000059604644800 -0.00474585499614477158
-0.12999999523162841800 -0.00474532321095466614
-0.11999999731779098500 -0.00474632112309336662
-0.10999999940395355200 -0.00475916406139731407
-0.10000000149011611900 -0.00474868016317486763
-0.09000000357627868650 -0.00473172310739755631
-0.07999999821186065670 -0.00474308291450142861
-0.07000000029802322390 -0.00472925882786512375
-0.05999999865889549260 -0.00471322517842054367
-0.05000000074505805970 -0.00472932914271950722
-0.03999999910593032840 -0.00472708093002438545
-0.02999999932944774630 -0.00472949212417006493
-0.01999999955296516420 -0.00473913783207535744
-0.00999999977648258210 -0.00474144518375396729
0.00000000000000000000 -0.00473119318485260010
0.00999999977648258210 -0.00472858408465981484
0.01999999955296516420 -0.00472447881475090981
0.02999999932944774630 -0.00471141003072261810
0.03999999910593032840 -0.00470912782475352287
0.05000000074505805970 -0.00470290798693895340
0.05999999865889549260 -0.00470605120062828064
0.07000000029802322390 -0.00471523310989141464
0.07999999821186065670 -0.00471544405445456505
0.09000000357627868650 -0.00471765920519828797
0.10000000149011611900 -0.00472158519551157952
0.10999999940395355200 -0.00470399390906095505
0.11999999731779098500 -0.00470090610906481743
0.12999999523162841800 -0.00470048794522881508
0.14000000059604644800 -0.00467321602627635002
0.15000000596046447800 -0.00467552104964852333
0.15999999642372131300 -0.00468224706128239632
0.17000000178813934300 -0.00467776879668235779
0.18000000715255737300 -0.00466958712786436081
0.18999999761581420900 -0.00468038814142346382
0.20000000298023223900 -0.00466675590723752976
0.20999999344348907500 -0.00464275805279612541
0.21999999880790710400 -0.00464759580790996552
0.23000000417232513400 -0.00462455488741397858
0.23999999463558197000 -0.00459606712684035301
0.25000000000000000000 -0.00459882104769349098
0.25999999046325683600 -0.00458875484764575958
0.27000001072883606000 -0.00457195984199643135
0.28000000119209289500 -0.00456700613722205162
0.28999999165534973100 -0.00454631494358181954
0.30000001192092895500 -0.00452146679162979126
0.31000000238418579100 -0.00448965420946478844
0.31999999284744262700 -0.00445955805480480194
0.33000001311302185100 -0.00441866181790828705
0.34000000357627868600 -0.00437321281060576439
0.34999999403953552200 -0.00433294102549552918
0.36000001430511474600 -0.00428915116935968399
0.37000000476837158200 -0.00424552522599697113
0.37999999523162841800 -0.00418425118550658226
0.38999998569488525400 -0.00412474386394023895
0.40000000596046447700 -0.00405449606478214264
0.40999999642372131300 -0.00396303413435816765
0.41999998688697814900 -0.00387610611505806446
0.43000000715255737300 -0.00378083693794906140
0.43999999761581420900 -0.00366219109855592251
0.44999998807907104500 -0.00355346803553402424
0.46000000834465026800 -0.00344432191923260689
0.46999999880790710400 -0.00332108396105468273
0.47999998927116394000 -0.00319008599035441876
0.49000000953674316400 -0.00305531406775116921
0.50000000000000000000 -0.00290326308459043503
0.50999999046325683600 -0.00274119805544614792
0.51999998092651367200 -0.00258672796189785004
0.52999997138977050800 -0.00241364701651036739
0.54000002145767211900 -0.00223611807450652123
0.55000001192092895500 -0.00206471700221300125
0.56000000238418579100 -0.00188462005462497473
0.56999999284744262700 -0.00170356605667620897
0.57999998331069946300 -0.00151973403990268707
0.58999997377395629900 -0.00133119104430079460
0.60000002384185791000 -0.00114010297693312168
0.61000001430511474600 -0.00096243980806320906
0.62000000476837158200 -0.00076011870987713337
0.62999999523162841800 -0.00056424847571179271
0.63999998569488525400 -0.00036640939651988447
0.64999997615814209000 -0.00016638930537737906
0.66000002622604370100 0.00002351351940887980
0.67000001668930053700 0.00021396050578914583
0.68000000715255737300 0.00041987159056589007
0.68999999761581420900 0.00062326760962605476
0.69999998807907104500 0.00082757719792425632
0.70999997854232788100 0.00103283196222037077
0.72000002861022949200 0.00123348797205835581
0.73000001907348632800 0.00144634896423667669
0.74000000953674316400 0.00165908597409725189
0.75000000000000000000 0.00187478994484990835
0.75999999046325683600 0.00209493888542056084
0.76999998092651367200 0.00231838901527225971
0.77999997138977050800 0.00254692300222814083
0.79000002145767211900 0.00278205191716551781
0.80000001192092895500 0.00301969610154628754
0.81000000238418579100 0.00326504092663526535
0.81999999284744262700 0.00351506611332297325
0.82999998331069946300 0.00376892508938908577
0.83999997377395629900 0.00403070589527487755
0.85000002384185791000 0.00429627718403935433
0.86000001430511474600 0.00456978194415569306
0.87000000476837158200 0.00485278898850083351
0.87999999523162841800 0.00514535978436470032
0.88999998569488525400 0.00544077577069401741
0.89999997615814209000 0.00574564980342984200
0.91000002622604370100 0.00605984684079885483
0.92000001668930053700 0.00637209508568048477
0.93000000715255737300 0.00669453106820583344
0.93999999761581420900 0.00702746678143739701
0.94999998807907104500 0.00735599780455231667
0.95999997854232788100 0.00770124094560742378
0.97000002861022949200 0.00806179642677307129
0.98000001907348632800 0.00841999612748622895
0.99000000953674316400 0.00879114679992198944
1.00000000000000000000 0.00917100533843040467
