-1.00000000000000000000 -0.00490442803129553795
-0.99000000953674316400 -0.00490195397287607193
-0.98000001907348632800 -0.00487742107361555100
-0.97000002861022949200 -0.00488681299611926079
-0.95999997854232788100 -0.00489866314455866814
-0.94999998807907104500 -0.00489550782367587090
-0.93999999761581420900 -0.00490710698068141937
-0.93000000715255737300 -0.00490558613091707230
-0.92000001668930053700 -0.00490499380975961685
-0.91000002622604370100 -0.00488791801035404205
-0.89999997615814209000 -0.00488976901397109032
-0.88999998569488525400 -0.00487675284966826439
-0.87999999523162841800 -0.00486660981550812721
-0.87000000476837158200 -0.00487404502928256989
-0.86000001430511474600 -0.00487253908067941666
-0.85000002384185791000 -0.00488594919443130493
-0.83999997377395629900 -0.00488551007583737374
-0.82999998331069946300 -0.00488853920251131058
-0.81999999284744262700 -0.00489859515801072121
-0.81000000238418579100 -0.00488407909870147705
-0.80000001192092895500 -0.00488221505656838417
-0.79000002145767211900 -0.00488230120390653610
-0.77999997138977050800 -0.00485543906688690186
-0.76999998092651367200 -0.00485165091231465340
-0.75999999046325683600 -0.00486041186377406120
-0.75000000000000000000 -0.00485826702788472176
-0.74000000953674316400 -0.00485693803057074547
-0.73000001907348632800 -0.00486800819635391236
-0.72000002861022949200 -0.00486674206331372261
-0.70999997854232788100 -0.00485131004825234413
-0.69999998807907104500 -0.00486175902187824249
-0.68999999761581420900 -0.00485225906595587731
-0.68000000715255737300 -0.00483330897986888886
-0.67000001668930053700 -0.00484375422820448876
-0.66000002622604370100 -0.00484399776905775070
-0.64999997615814209000 -0.00484883785247802735
-0.63999998569488525400 -0.00486046401783823967
-0.62999999523162841800 -0.00486325193196535111
-0.62000000476837158200 -0.00485645001754164696
-0.61000001430511474600 -0.00485584000125527382
-0.60000002384185791000 -0.00485164904966950417
-0.58999997377395629900 -0.00483941193670034409
-0.57999998331069946300 -0.00483930110931396485
-0.56999999284744262700 -0.00483516277745366097
-0.56000000238418579100 -0.00483996095135807991
-0.55000001192092895500 -0.00485240295529365540
-0.54000002145767211900 -0.00485026184469461441
-0.52999997138977050800 -0.00485420878976583481
-0.51999998092651367200 -0.00486323097720742226
-0.50999999046325683600 -0.00484514189884066582
-0.50000000000000000000 -0.00484792888164520264
-0.49000000953674316400 -0.00484955217689275742
-0.47999998927116394000 -0.00483037484809756279
-0.46999999880790710400 -0.00483041722327470780
-0.46000000834465026800 -0.00484787020832300186
-0.44999998807907104500 -0.00484628602862358093
-0.43999999761581420900 -0.00484432606026530266
-0.43000000715255737300 -0.00486650690436363220
-0.41999998688697814900 -0.00485685793682932854
-0.40999999642372131300 -0.00484380591660737992
-0.40000000596046447700 -0.00485817808657884598
-0.38999998569488525400 -0.00484587997198104859
-0.37999999523162841800 -0.00482786400243639946
-0.37000000476837158200 -0.00484017282724380493
-0.36000001430511474600 -0.00484049785882234574
-0.34999999403953552200 -0.00484030181542038918
-0.34000000357627868600 -0.00485674897208809853
-0.33000001311302185100 -0.00485733384266495705
-0.31999999284744262700 -0.00485105393454432488
-0.31000000238418579100 -0.00484845414757728577
-0.30000001192092895500 -0.00484529417008161545
-0.28999999165534973100 -0.00483208615332841873
-0.28000000119209289500 -0.00482815410941839218
-0.27000001072883606000 -0.00482573499903082848
-0.25999999046325683600 -0.00482916692271828652
-0.25000000000000000000 -0.00484315492212772370
-0.23999999463558197000 -0.00484203407540917397
-0.23000000417232513400 -0.00484188878908753395
-0.21999999880790710400 -0.00485228188335895538
-0.20999999344348907500 -0.00483634788542985916
-0.20000000298023223900 -0.00483614299446344376
-0.18999999761581420900 -0.00483522005379199982
-0.18000000715255737300 -0.00481953984126448631
-0.17000000178813934300 -0.00482348119840025902
-0.15999999642372131300 -0.00483943521976470947
-0.15000000596046447800 -0.00483719212934374809
-0.14000000059604644800 -0.00484190508723258972
-0.12999999523162841800 -0.00485447421669960022
-0.11999999731779098500 -0.00484844390302896500
-0.10999999940395355200 -0.00483739096671342850
-0.10000000149011611900 -0.00484666088595986366
-0.09000000357627868650 -0.00483401911333203316
-0.07999999821186065670 -0.00480982521548867226
-0.07000000029802322390 -0.00482155708596110344
-0.05999999865889549260 -0.00482073100283741951
-0.05000000074505805970 -0.00482387514784932137
-0.03999999910593032840 -0.00483451690524816513
-0.02999999932944774630 -0.00482100481167435646
-0.01999999955296516420 -0.00482007907703518868
-0.00999999977648258210 -0.00480778701603412628
0.00000000000000000000 -0.00480033503845334053
0.00999999977648258210 -0.00479001319035887718
0.01999999955296516420 -0.00478537287563085556
0.02999999932944774630 -0.00477068312466144562
0.03999999910593032840 -0.00477709295228123665
0.05000000074505805970 -0.00478775193914771080
0.05999999865889549260 -0.00478677591308951378
0.07000000029802322390 -0.00478360010311007500
0.07999999821186065670 -0.00479931011795997620
0.09000000357627868650 -0.00478092301636934281
0.10000000149011611900 -0.00477122422307729721
0.10999999940395355200 -0.00477334810420870781
0.11999999731779098500 -0.00474529294297099114
0.12999999523162841800 -0.00473758392035961151
0.14000000059604644800 -0.00474722404032945633
0.15000000596046447800 -0.00474666617810726166
0.15999999642372131300 -0.00474067404866218567
0.17000000178813934300 -0.00475174002349376679
0.18000000715255737300 -0.00474833277985453606
0.18999999761581420900 -0.00473436200991272926
0.20000000298023223900 -0.00472933799028396607
0.20999999344348907500 -0.00471516884863376618
0.21999999880790710400 -0.00468990113586187363
0.23000000417232513400 -0.00468185916543006897
0.23999999463558197000 -0.00467815017327666283
0.25000000000000000000 -0.00466658314689993858
0.25999999046325683600 -0.00466337520629167557
0.27000001072883606000 -0.00465524708852171898
0.28000000119209289500 -0.00464801583439111710
0.28999999165534973100 -0.00463071698322892189
0.30000001192092895500 -0.00460345484316349030
0.31000000238418579100 -0.00457269186154007912
0.31999999284744262700 -0.00453685317188501358
0.33000001311302185100 -0.00449801003560423851
0.34000000357627868600 -0.00446453876793384552
0.34999999403953552200 -0.00443287286907434464
0.36000001430511474600 -0.00438330601900815964
0.37000000476837158200 -0.00433145277202129364
0.37999999523162841800 -0.00428136019036173821
0.38999998569488525400 -0.00420271512120962143
0.40000000596046447700 -0.00412596482783555985
0.40999999642372131300 -0.00404575001448392868
0.41999998688697814900 -0.00394291616976261139
0.43000000715255737300 -0.00384503998793661594
0.43999999761581420900 -0.00374060100875794888
0.44999998807907104500 -0.00362502806819975376
0.46000000834465026800 -0.00350749888457357884
0.46999999880790710400 -0.00338340806774795056
0.47999998927116394000 -0.00324655603617429733
0.49000000953674316400 -0.00309618702158331871
0.50000000000000000000 -0.00294493301771581173
0.50999999046325683600 -0.00278473808430135250
0.51999998092651367200 -0.00261362898163497448
0.52999997138977050800 -0.00244783796370029450
0.54000002145767211900 -0.00227353000082075596
0.55000001192092895500 -0.00209872308187186718
0.56000000238418579100 -0.00192037597298622131
0.56999999284744262700 -0.00173676502890884876
0.57999998331069946300 -0.00155293697025626898
0.58999997377395629900 -0.00136578700039535761
0.60000002384185791000 -0.00117439904715865850
0.61000001430511474600 -0.00100714201107621193
0.62000000476837158200 -0.00081123551353812218
0.62999999523162841800 -0.00061811192426830530
0.63999998569488525400 -0.00042868289165198803
0.64999997615814209000 -0.00024155620485544205
0.66000002622604370100 -0.00006621573993470520
0.67000001668930053700 0.00011197289859410375
0.68000000715255737300 0.00030165619682520628
0.68999999761581420900 0.00049018498975783587
0.69999998807907104500 0.00067754258634522557
0.70999997854232788100 0.00086280237883329392
0.72000002861022949200 0.00104997202288359404
0.73000001907348632800 0.00123058503959327936
0.74000000953674316400 0.00142428802791982889
0.75000000000000000000 0.00161923398263752461
0.75999999046325683600 0.00181727204471826553
0.76999998092651367200 0.00201887194998562336
0.77999997138977050800 0.00222485605627298355
0.79000002145767211900 0.00243546511046588421
0.80000001192092895500 0.00265132705681025982
0.81000000238418579100 0.00286990799941122532
0.81999999284744262700 0.00309609202668070793
0.82999998331069946300 0.00332879601046442986
0.83999997377395629900 0.00356284901499748230
0.85000002384185791000 0.00380681804381310940
0.86000001430511474600 0.00406111590564250946
0.87000000476837158200 0.00431882077828049660
0.87999999523162841800 0.00458387285470962525
0.88999998569488525400 0.00485751219093799591
0.89999997615814209000 0.00513726798817515373
0.91000002622604370100 0.00542015722021460533
0.92000001668930053700 0.00571497902274131775
0.93000000715255737300 0.00601438013836741448
0.93999999761581420900 0.00631404900923371315
0.94999998807907104500 0.00663637183606624604
0.95999997854232788100 0.00695873610675334931
0.97000002861022949200 0.00728871487081050873
0.98000001907348632800 0.00762899918481707573
0.99000000953674316400 0.00797251146286725998
1.00000000000000000000 0.00832403823733329773
