-1.00000000000000000000 -0.00492577301338315010
-0.99000000953674316400 -0.00492337299510836601
-0.98000001907348632800 -0.00490962108597159386
-0.97000002861022949200 -0.00491266604512929917
-0.95999997854232788100 -0.00490062078461050987
-0.94999998807907104500 -0.00488860718905925751
-0.93999999761581420900 -0.00490381009876728058
-0.93000000715255737300 -0.00490881688892841339
-0.92000001668930053700 -0.00490988884121179581
-0.91000002622604370100 -0.00492007704451680184
-0.89999997615814209000 -0.00492489198222756386
-0.88999998569488525400 -0.00492125004529953003
-0.87999999523162841800 -0.00491439597681164742
-0.87000000476837158200 -0.00491598900407552719
-0.86000001430511474600 -0.00489435484632849693
-0.85000002384185791000 -0.00489818211644887924
-0.83999997377395629900 -0.00490443082526326180
-0.82999998331069946300 -0.00490494305267930031
-0.81999999284744262700 -0.00491932081058621407
-0.81000000238418579100 -0.00492205610498785973
-0.80000001192092895500 -0.00492422003298997879
-0.79000002145767211900 -0.00492460606619715691
-0.77999997138977050800 -0.00491169607266783714
-0.76999998092651367200 -0.00490678288042545319
-0.75999999046325683600 -0.00490309996530413628
-0.75000000000000000000 -0.00489510688930749893
-0.74000000953674316400 -0.00489202886819839478
-0.73000001907348632800 -0.00489117018878459931
-0.72000002861022949200 -0.00489437207579612732
-0.70999997854232788100 -0.00489040790125727654
-0.69999998807907104500 -0.00491036521270871163
-0.68999999761581420900 -0.00489498581737279892
-0.68000000715255737300 -0.00488519901409745217
-0.67000001668930053700 -0.00489388592541217804
-0.66000002622604370100 -0.00487514398992061615
-0.64999997615814209000 -0.00486378697678446770
-0.63999998569488525400 -0.00488124089315533638
-0.62999999523162841800 -0.00488245394080877304
-0.62000000476837158200 -0.00487806694582104683
-0.61000001430511474600 -0.00489317113533616066
-0.60000002384185791000 -0.00489287218078970909
-0.58999997377395629900 -0.00488312495872378349
-0.57999998331069946300 -0.00488941976800560951
-0.56999999284744262700 -0.00488182902336120606
-0.56000000238418579100 -0.00485970405861735344
-0.55000001192092895500 -0.00486782891675829888
-0.54000002145767211900 -0.00486745592206716538
-0.52999997138977050800 -0.00487024290487170220
-0.51999998092651367200 -0.00488539598882198334
-0.50999999046325683600 -0.00487798079848289490
-0.50000000000000000000 -0.00488390913233160973
-0.49000000953674316400 -0.00488446420058608055
-0.47999998927116394000 -0.00487371208146214485
-0.46999999880790710400 -0.00486739212647080422
-0.46000000834465026800 -0.00486051896587014198
-0.44999998807907104500 -0.00485807284712791443
-0.43999999761581420900 -0.00486678723245859146
-0.43000000715255737300 -0.00489629805088043213
-0.41999998688697814900 -0.00489535694941878319
-0.40999999642372131300 -0.00490005081519484520
-0.40000000596046447700 -0.00491224694997072220
-0.38999998569488525400 -0.00489939423277974129
-0.37999999523162841800 -0.00489259697496891022
-0.37000000476837158200 -0.00489703705534338951
-0.36000001430511474600 -0.00487448880448937416
-0.34999999403953552200 -0.00487429415807127953
-0.34000000357627868600 -0.00489099882543087006
-0.33000001311302185100 -0.00489032687619328499
-0.31999999284744262700 -0.00489299604669213295
-0.31000000238418579100 -0.00490196282044053078
-0.30000001192092895500 -0.00490597821772098541
-0.28999999165534973100 -0.00488615920767188072
-0.28000000119209289500 -0.00488084880635142326
-0.27000001072883606000 -0.00486788619309663773
-0.25999999046325683600 -0.00484947301447391510
-0.25000000000000000000 -0.00485740695148706436
-0.23999999463558197000 -0.00485703814774751663
-0.23000000417232513400 -0.00486312201246619225
-0.21999999880790710400 -0.00487018888816237450
-0.20999999344348907500 -0.00487101916223764420
-0.20000000298023223900 -0.00487275002524256706
-0.18999999761581420900 -0.00486729107797145844
-0.18000000715255737300 -0.00486289104446768761
-0.17000000178813934300 -0.00485838390886783600
-0.15999999642372131300 -0.00484006386250257492
-0.15000000596046447800 -0.00483736302703619003
-0.14000000059604644800 -0.00485163507983088494
-0.12999999523162841800 -0.00484333885833621025
-0.11999999731779098500 -0.00484182685613632202
-0.10999999940395355200 -0.00485116522759199143
-0.10000000149011611900 -0.00485269818454980850
-0.09000000357627868650 -0.00483501190319657326
-0.07999999821186065670 -0.00484205922111868858
-0.07000000029802322390 -0.00483241491019725800
-0.05999999865889549260 -0.00481056189164519310
-0.05000000074505805970 -0.00481843017041683197
-0.03999999910593032840 -0.00482542905956506729
-0.02999999932944774630 -0.00482323113828897476
-0.01999999955296516420 -0.00483564520254731178
-0.00999999977648258210 -0.00483855977654457092
0.00000000000000000000 -0.00483473623171448708
0.00999999977648258210 -0.00482665421441197395
0.01999999955296516420 -0.00483775697648525238
0.02999999932944774630 -0.00482812616974115372
0.03999999910593032840 -0.00481192208826541901
0.05000000074505805970 -0.00481060519814491272
0.05999999865889549260 -0.00481250183656811714
0.07000000029802322390 -0.00481270300224423409
0.07999999821186065670 -0.00482088513672351837
0.09000000357627868650 -0.00481384620070457459
0.10000000149011611900 -0.00482147885486483574
0.10999999940395355200 -0.00481658196076750755
0.11999999731779098500 -0.00480459583923220635
0.12999999523162841800 -0.00480032619088888168
0.14000000059604644800 -0.00478821620345115662
0.15000000596046447800 -0.00477341096848249436
0.15999999642372131300 -0.00478638103231787682
0.17000000178813934300 -0.00479548797011375427
0.18000000715255737300 -0.00478580920025706291
0.18999999761581420900 -0.00479130214080214501
0.20000000298023223900 -0.00479509308934211731
0.20999999344348907500 -0.00477436417713761330
0.21999999880790710400 -0.00476336618885397911
0.23000000417232513400 -0.00475845579057931900
0.23999999463558197000 -0.00472822505980730057
0.25000000000000000000 -0.00471592321991920471
0.25999999046325683600 -0.00471427710726857186
0.27000001072883606000 -0.00469811307266354561
0.28000000119209289500 -0.00468891300261020661
0.28999999165534973100 -0.00467464094981551170
0.30000001192092895500 -0.00465496815741062164
0.31000000238418579100 -0.00462501402944326401
0.31999999284744262700 -0.00459927879273891449
0.33000001311302185100 -0.00456247013062238693
0.34000000357627868600 -0.00451599620282649994
0.34999999403953552200 -0.00447435490787029266
0.36000001430511474600 -0.00442123599350452423
0.37000000476837158200 -0.00437768502160906792
0.37999999523162841800 -0.00431882916018366814
0.38999998569488525400 -0.00425288779661059380
0.40000000596046447700 -0.00418377481400966644
0.40999999642372131300 -0.00409743422642350197
0.41999998688697814900 -0.00399546884000301361
0.43000000715255737300 -0.00390030001290142536
0.43999999761581420900 -0.00378298992291092873
0.44999998807907104500 -0.00365858711302280426
0.46000000834465026800 -0.00354128191247582436
0.46999999880790710400 -0.00340990792028605938
0.47999998927116394000 -0.00326869892887771130
0.49000000953674316400 -0.00312305707484483719
0.50000000000000000000 -0.00296997209079563618
0.50999999046325683600 -0.00279826694168150425
0.51999998092651367200 -0.00262967590242624283
0.52999997138977050800 -0.00245156488381326199
0.54000002145767211900 -0.00226102303713560104
0.55000001192092895500 -0.00207498297095298767
0.56000000238418579100 -0.00188493402674794197
0.56999999284744262700 -0.00169122801162302494
0.57999998331069946300 -0.00149659602902829647
0.58999997377395629900 -0.00129662302788347006
0.60000002384185791000 -0.00109285197686403990
0.61000001430511474600 -0.00090204708976671100
0.62000000476837158200 -0.00068807962816208601
0.62999999523162841800 -0.00047748608631081879
0.63999998569488525400 -0.00026897891075350344
0.64999997615814209000 -0.00006482852040790021
0.66000002622604370100 0.00013688880426343530
0.67000001668930053700 0.00035374809522181749
0.68000000715255737300 0.00056825228966772556
0.68999999761581420900 0.00078539497917518020
0.69999998807907104500 0.00100130098871886730
0.70999997854232788100 0.00121064996346831322
0.72000002861022949200 0.00143352895975112915
0.73000001907348632800 0.00165669794660061598
0.74000000953674316400 0.00188135099597275257
0.75000000000000000000 0.00210887589491903782
0.75999999046325683600 0.00233859498985111713
0.76999998092651367200 0.00257365289144217968
0.77999997138977050800 0.00281271710991859436
0.79000002145767211900 0.00305661000311374664
0.80000001192092895500 0.00330568989738821983
0.81000000238418579100 0.00355968601070344448
0.81999999284744262700 0.00381801999174058437
0.82999998331069946300 0.00407926691696047783
0.83999997377395629900 0.00434865895658731461
0.85000002384185791000 0.00462402822449803352
0.86000001430511474600 0.00490259099751710892
0.87000000476837158200 0.00519080413505434990
0.87999999523162841800 0.00548875611275434494
0.88999998569488525400 0.00579244690015912056
0.89999997615814209000 0.00610109604895114899
0.91000002622604370100 0.00641801999881863594
0.92000001668930053700 0.00674406997859477997
0.93000000715255737300 0.00706728082150220871
0.93999999761581420900 0.00740490807220339775
0.94999998807907104500 0.00774530414491891861
0.95999997854232788100 0.00808566715568304062
0.97000002861022949200 0.00844382774084806442
0.98000001907348632800 0.00880317576229572296
0.99000000953674316400 0.00917252432554960251
1.00000000000000000000 0.00955415144562721253
