-1.00000000000000000000 -0.00486192107200622559
-0.99000000953674316400 -0.00487328087911009789
-0.98000001907348632800 -0.00486827502027153969
-0.97000002861022949200 -0.00485683884471654892
-0.95999997854232788100 -0.00486611807718873024
-0.94999998807907104500 -0.00485286395996809006
-0.93999999761581420900 -0.00483595719560980797
-0.93000000715255737300 -0.00485219480469822884
-0.92000001668930053700 -0.00484799919649958611
-0.91000002622604370100 -0.00485764397308230400
-0.89999997615814209000 -0.00486462796106934548
-0.88999998569488525400 -0.00486674904823303223
-0.87999999523162841800 -0.00486548105254769325
-0.87000000476837158200 -0.00485416501760482788
-0.86000001430511474600 -0.00485452683642506600
-0.85000002384185791000 -0.00484950188547372818
-0.83999997377395629900 -0.00484229577705264092
-0.82999998331069946300 -0.00483972998335957527
-0.81999999284744262700 -0.00485173286870121956
-0.81000000238418579100 -0.00485644303262233734
-0.80000001192092895500 -0.00485483882948756218
-0.79000002145767211900 -0.00487237004563212395
-0.77999997138977050800 -0.00486488221213221550
-0.76999998092651367200 -0.00484704086557030678
-0.75999999046325683600 -0.00485910521820187569
-0.75000000000000000000 -0.00484589021652936936
-0.74000000953674316400 -0.00482949521392583847
-0.73000001907348632800 -0.00484788091853260994
-0.72000002861022949200 -0.00484838197007775307
-0.70999997854232788100 -0.00485002901405096054
-0.69999998807907104500 -0.00485936319455504418
-0.68999999761581420900 -0.00486379303038120270
-0.68000000715255737300 -0.00485099200159311295
-0.67000001668930053700 -0.00485817110165953636
-0.66000002622604370100 -0.00485373986884951592
-0.64999997615814209000 -0.00482115522027015686
-0.63999998569488525400 -0.00483445217832922936
-0.62999999523162841800 -0.00483206799253821373
-0.62000000476837158200 -0.00483483914285898209
-0.61000001430511474600 -0.00484784692525863648
-0.60000002384185791000 -0.00485196989029645920
-0.58999997377395629900 -0.00485176220536231995
-0.57999998331069946300 -0.00485223392024636269
-0.56999999284744262700 -0.00484123500064015389
-0.56000000238418579100 -0.00483222398906946182
-0.55000001192092895500 -0.00481610186398029328
-0.54000002145767211900 -0.00481237983331084252
-0.52999997138977050800 -0.00481439009308815003
-0.51999998092651367200 -0.00482980208471417427
-0.50999999046325683600 -0.00483008287847042084
-0.50000000000000000000 -0.00481774518266320229
-0.49000000953674316400 -0.00483432877808809281
-0.47999998927116394000 -0.00481938477605581284
-0.46999999880790710400 -0.00481303920969367027
-0.46000000834465026800 -0.00481583597138524056
-0.44999998807907104500 -0.00479371100664138794
-0.43999999761581420900 -0.00479280902072787285
-0.43000000715255737300 -0.00480703311040997505
-0.41999998688697814900 -0.00481033790856599808
-0.40999999642372131300 -0.00480775488540530205
-0.40000000596046447700 -0.00482393614947795868
-0.38999998569488525400 -0.00481716915965080261
-0.37999999523162841800 -0.00480443518608808518
-0.37000000476837158200 -0.00481319194659590721
-0.36000001430511474600 -0.00480184610933065415
-0.34999999403953552200 -0.00479062180966138840
-0.34000000357627868600 -0.00480559701099991799
-0.33000001311302185100 -0.00480833603069186211
-0.31999999284744262700 -0.00480754720047116280
-0.31000000238418579100 -0.00482138292863965035
-0.30000001192092895500 -0.00482109189033508301
-0.28999999165534973100 -0.00482056709006428719
-0.28000000119209289500 -0.00481544714421033859
-0.27000001072883606000 -0.00481187785044312477
-0.25999999046325683600 -0.00480566779151558876
-0.25000000000000000000 -0.00479228002950549126
-0.23999999463558197000 -0.00479393918067216873
-0.23000000417232513400 -0.00479887286201119423
-0.21999999880790710400 -0.00481007900089025498
-0.20999999344348907500 -0.00480631086975336075
-0.20000000298023223900 -0.00481493584811687470
-0.18999999761581420900 -0.00481546809896826744
-0.18000000715255737300 -0.00479913176968693733
-0.17000000178813934300 -0.00480043981224298477
-0.15999999642372131300 -0.00479876622557640076
-0.15000000596046447800 -0.00477737002074718476
-0.14000000059604644800 -0.00478080287575721741
-0.12999999523162841800 -0.00479467585682868958
-0.11999999731779098500 -0.00479110796004533768
-0.10999999940395355200 -0.00479478482156991959
-0.10000000149011611900 -0.00480775302276015282
-0.09000000357627868650 -0.00479964911937713623
-0.07999999821186065670 -0.00478436797857284546
-0.07000000029802322390 -0.00479872711002826691
-0.05999999865889549260 -0.00478285318240523338
-0.05000000074505805970 -0.00476478412747383118
-0.03999999910593032840 -0.00477892486378550530
-0.02999999932944774630 -0.00477585801854729653
-0.01999999955296516420 -0.00478040101006627083
-0.00999999977648258210 -0.00478651793673634529
0.00000000000000000000 -0.00478920619934797287
0.00999999977648258210 -0.00478403503075242043
0.01999999955296516420 -0.00478090811520814896
0.02999999932944774630 -0.00477401912212371826
0.03999999910593032840 -0.00476325210183858872
0.05000000074505805970 -0.00475327018648386002
0.05999999865889549260 -0.00475250277668237686
0.07000000029802322390 -0.00475379312410950661
0.07999999821186065670 -0.00476004602387547493
0.09000000357627868650 -0.00475680502131581307
0.10000000149011611900 -0.00475774006918072701
0.10999999940395355200 -0.00476255593821406365
0.11999999731779098500 -0.00474100979045033455
0.12999999523162841800 -0.00473955413326621056
0.14000000059604644800 -0.00473353685811161995
0.15000000596046447800 -0.00470717716962099075
0.15999999642372131300 -0.00470877112820744515
0.17000000178813934300 -0.00471559399738907814
0.18000000715255737300 -0.00470805587247014046
0.18999999761581420900 -0.00470676785334944725
0.20000000298023223900 -0.00472040520980954170
0.20999999344348907500 -0.00470485677942633629
0.21999999880790710400 -0.00468705920502543450
0.23000000417232513400 -0.00468552811071276665
0.23999999463558197000 -0.00466033304110169411
0.25000000000000000000 -0.00463894894346594811
0.25999999046325683600 -0.00463177403435111046
0.27000001072883606000 -0.00461639696732163429
0.28000000119209289500 -0.00460362900048494339
0.28999999165534973100 -0.00459162378683686257
0.30000001192092895500 -0.00456954818218946457
0.31000000238418579100 -0.00453852303326129913
0.31999999284744262700 -0.00449952296912670136
0.33000001311302185100 -0.00446124700829386711
0.34000000357627868600 -0.00441739195957779884
0.34999999403953552200 -0.00436291983351111412
0.36000001430511474600 -0.00431657396256923676
0.37000000476837158200 -0.00426460383459925652
0.37999999523162841800 -0.00420868210494518280
0.38999998569488525400 -0.00413423683494329453
0.40000000596046447700 -0.00407385407015681267
0.40999999642372131300 -0.00398300401866436005
0.41999998688697814900 -0.00387579901143908501
0.43000000715255737300 -0.00377931096591055393
0.43999999761581420900 -0.00366229703649878502
0.44999998807907104500 -0.00353176705539226532
0.46000000834465026800 -0.00341306696645915508
0.46999999880790710400 -0.00328307296149432659
0.47999998927116394000 -0.00313727697357535362
0.49000000953674316400 -0.00299498601816594601
0.50000000000000000000 -0.00283947889693081379
0.50999999046325683600 -0.00267123896628618240
0.51999998092651367200 -0.00249959388747811318
0.52999997138977050800 -0.00232486799359321594
0.54000002145767211900 -0.00213749404065310955
0.55000001192092895500 -0.00195396388880908489
0.56000000238418579100 -0.00176789099350571632
0.56999999284744262700 -0.00157594704069197178
0.57999998331069946300 -0.00138654804322868586
0.58999997377395629900 -0.00119010498747229576
0.60000002384185791000 -0.00100186397321522236
0.61000001430511474600 -0.00079722749069333076
0.62000000476837158200 -0.00059454387519508600
0.62999999523162841800 -0.00039217539597302675
0.63999998569488525400 -0.00018998490122612566
0.64999997615814209000 0.00000505542902828893
0.66000002622604370100 0.00020671720267273486
0.67000001668930053700 0.00041463869274593890
0.68000000715255737300 0.00062041601631790400
0.68999999761581420900 0.00082749960711225867
0.69999998807907104500 0.00103546702302992344
0.70999997854232788100 0.00123754295054823160
0.72000002861022949200 0.00145068601705133915
0.73000001907348632800 0.00166404095944017172
0.74000000953674316400 0.00187897298019379377
0.75000000000000000000 0.00209732609800994396
0.75999999046325683600 0.00231780996546149254
0.76999998092651367200 0.00254149199463427067
0.77999997138977050800 0.00276972493156790733
0.79000002145767211900 0.00300004798918962479
0.80000001192092895500 0.00323622906580567360
0.81000000238418579100 0.00347760389558970928
0.81999999284744262700 0.00372431008145213127
0.82999998331069946300 0.00397760281339287758
0.83999997377395629900 0.00423579383641481400
0.85000002384185791000 0.00449945079162716866
0.86000001430511474600 0.00476829102262854576
0.87000000476837158200 0.00504030007869005203
0.87999999523162841800 0.00532077020034193993
0.88999998569488525400 0.00560511881485581398
0.89999997615814209000 0.00589627493172883988
0.91000002622604370100 0.00619489606469869614
0.92000001668930053700 0.00650406396016478539
0.93000000715255737300 0.00681637506932020188
0.93999999761581420900 0.00713470205664634705
0.94999998807907104500 0.00746387289837002754
0.95999997854232788100 0.00779029401019215584
0.97000002861022949200 0.00812416430562734604
0.98000001907348632800 0.00846901070326566696
0.99000000953674316400 0.00881312042474746704
1.00000000000000000000 0.00916640274226665497
