-1.00000000000000000000 -0.00465457793325185776
-0.99000000953674316400 -0.00465811602771282196
-0.98000001907348632800 -0.00466799782589077950
-0.97000002861022949200 -0.00468096602708101273
-0.95999997854232788100 -0.00466929096728563309
-0.94999998807907104500 -0.00466583482921123505
-0.93999999761581420900 -0.00466689700260758400
-0.93000000715255737300 -0.00464649498462677002
-0.92000001668930053700 -0.00464776298031210900
-0.91000002622604370100 -0.00465905619785189629
-0.89999997615814209000 -0.00466134818270802498
-0.88999998569488525400 -0.00466001499444246292
-0.87999999523162841800 -0.00467518204823136330
-0.87000000476837158200 -0.00467537390068173409
-0.86000001430511474600 -0.00466485507786273956
-0.85000002384185791000 -0.00466994196176528931
-0.83999997377395629900 -0.00465945992618799210
-0.82999998331069946300 -0.00464267004281282425
-0.81999999284744262700 -0.00464588915929198265
-0.81000000238418579100 -0.00465001910924911499
-0.80000001192092895500 -0.00465334998443722725
-0.79000002145767211900 -0.00466197310015559197
-0.77999997138977050800 -0.00466074002906680107
-0.76999998092651367200 -0.00466294819489121437
-0.75999999046325683600 -0.00465762801468372345
-0.75000000000000000000 -0.00465364009141921997
-0.74000000953674316400 -0.00464934995397925377
-0.73000001907348632800 -0.00463603623211383820
-0.72000002861022949200 -0.00463702902197837830
-0.70999997854232788100 -0.00464203814044594765
-0.69999998807907104500 -0.00465405313298106194
-0.68999999761581420900 -0.00465216394513845444
-0.68000000715255737300 -0.00465987296774983406
-0.67000001668930053700 -0.00466375984251499176
-0.66000002622604370100 -0.00464979186654090882
-0.64999997615814209000 -0.00465275906026363373
-0.63999998569488525400 -0.00464741606265306473
-0.62999999523162841800 -0.00462887808680534363
-0.62000000476837158200 -0.00463780388236045838
-0.61000001430511474600 -0.00464743003249168396
-0.60000002384185791000 -0.00464444095268845558
-0.58999997377395629900 -0.00465383892878890038
-0.57999998331069946300 -0.00466326996684074402
-0.56999999284744262700 -0.00465855421498417854
-0.56000000238418579100 -0.00465054484084248543
-0.55000001192092895500 -0.00465558515861630440
-0.54000002145767211900 -0.00464198598638176918
-0.52999997138977050800 -0.00463012000545859337
-0.51999998092651367200 -0.00463903602212667465
-0.50999999046325683600 -0.00464127585291862488
-0.50000000000000000000 -0.00465053599327802658
-0.49000000953674316400 -0.00465490808710455895
-0.47999998927116394000 -0.00465597910806536675
-0.46999999880790710400 -0.00465822499245405197
-0.46000000834465026800 -0.00464793480932712555
-0.44999998807907104500 -0.00464902305975556374
-0.43999999761581420900 -0.00464536482468247414
-0.43000000715255737300 -0.00463585415855050087
-0.41999998688697814900 -0.00463220477104187012
-0.40999999642372131300 -0.00464598601683974266
-0.40000000596046447700 -0.00464890804141759873
-0.38999998569488525400 -0.00464867614209651947
-0.37999999523162841800 -0.00465944083407521248
-0.37000000476837158200 -0.00465764710679650307
-0.36000001430511474600 -0.00464117201045155525
-0.34999999403953552200 -0.00464860815554857254
-0.34000000357627868600 -0.00464079203084111214
-0.33000001311302185100 -0.00462217209860682488
-0.31999999284744262700 -0.00463557709008455277
-0.31000000238418579100 -0.00463853077962994576
-0.30000001192092895500 -0.00463944999501109123
-0.28999999165534973100 -0.00464726611971855164
-0.28000000119209289500 -0.00465432880446314812
-0.27000001072883606000 -0.00464716088026762009
-0.25999999046325683600 -0.00463934009894728661
-0.25000000000000000000 -0.00464152591302990914
-0.23999999463558197000 -0.00462944619357585907
-0.23000000417232513400 -0.00461597181856632233
-0.21999999880790710400 -0.00461500603705644608
-0.20999999344348907500 -0.00461986381560564041
-0.20000000298023223900 -0.00462871510535478592
-0.18999999761581420900 -0.00463000917807221413
-0.18000000715255737300 -0.00462977821007370949
-0.17000000178813934300 -0.00462937681004405022
-0.15999999642372131300 -0.00461129192262887955
-0.15000000596046447800 -0.00460941810160875321
-0.14000000059604644800 -0.00460838293656706810
-0.12999999523162841800 -0.00459445919841527939
-0.11999999731779098500 -0.00459734303876757622
-0.10999999940395355200 -0.00461072381585836411
-0.10000000149011611900 -0.00461181718856096268
-0.09000000357627868650 -0.00460804905742406845
-0.07999999821186065670 -0.00461526680737733841
-0.07000000029802322390 -0.00460513401776552200
-0.05999999865889549260 -0.00459259189665317536
-0.05000000074505805970 -0.00459929322823882103
-0.03999999910593032840 -0.00458562793210148812
-0.02999999932944774630 -0.00457023503258824349
-0.01999999955296516420 -0.00458008190616965294
-0.00999999977648258210 -0.00457781599834561348
0.00000000000000000000 -0.00457437196746468544
0.00999999977648258210 -0.00458006281405687332
0.01999999955296516420 -0.00458846520632505417
0.02999999932944774630 -0.00458223419263958931
0.03999999910593032840 -0.00457511190325021744
0.05000000074505805970 -0.00457834778353571892
0.05999999865889549260 -0.00456102518364787102
0.07000000029802322390 -0.00455560721457004547
0.07999999821186065670 -0.00455815903842449188
0.09000000357627868650 -0.00455799279734492302
0.10000000149011611900 -0.00456553185358643532
0.10999999940395355200 -0.00456627691164612770
0.11999999731779098500 -0.00456682918593287468
0.12999999523162841800 -0.00456299399957060814
0.14000000059604644800 -0.00454752007499337196
0.15000000596046447800 -0.00454410118982195854
0.15999999642372131300 -0.00453724479302763939
0.17000000178813934300 -0.00452109985053539276
0.18000000715255737300 -0.00451650982722640038
0.18999999761581420900 -0.00452190684154629707
0.20000000298023223900 -0.00451608421280980110
0.20999999344348907500 -0.00451428303495049477
0.21999999880790710400 -0.00452871713787317276
0.23000000417232513400 -0.00451016100123524666
0.23999999463558197000 -0.00448376778513193131
0.25000000000000000000 -0.00448342598974704743
0.25999999046325683600 -0.00445764791220426560
0.27000001072883606000 -0.00442975806072354317
0.28000000119209289500 -0.00443035690113902092
0.28999999165534973100 -0.00441773422062397003
0.30000001192092895500 -0.00439643813297152519
0.31000000238418579100 -0.00438338005915284157
0.31999999284744262700 -0.00436261203140020371
0.33000001311302185100 -0.00432004686444997788
0.34000000357627868600 -0.00428412202745676041
0.34999999403953552200 -0.00424212403595447540
0.36000001430511474600 -0.00418391916900873184
0.37000000476837158200 -0.00413632299751043320
0.37999999523162841800 -0.00408443901687860489
0.38999998569488525400 -0.00402757711708545685
0.40000000596046447700 -0.00396854197606444359
0.40999999642372131300 -0.00389844109304249287
0.41999998688697814900 -0.00381831405684351921
0.43000000715255737300 -0.00373340002261102200
0.43999999761581420900 -0.00363061600364744663
0.44999998807907104500 -0.00352788111194968224
0.46000000834465026800 -0.00341709703207015991
0.46999999880790710400 -0.00329434499144554138
0.47999998927116394000 -0.00317729101516306400
0.49000000953674316400 -0.00305475899949669838
0.50000000000000000000 -0.00291891605593264103
0.50999999046325683600 -0.00277588702738285065
0.51999998092651367200 -0.00263894489035010338
0.52999997138977050800 -0.00247736508026719093
0.54000002145767211900 -0.00231791497208178043
0.55000001192092895500 -0.00215882994234561920
0.56000000238418579100 -0.00198444188572466374
0.56999999284744262700 -0.00181516294833272696
0.57999998331069946300 -0.00164992199279367924
0.58999997377395629900 -0.00147593300789594650
0.60000002384185791000 -0.00130102504044771194
0.61000001430511474600 -0.00112721405457705259
0.62000000476837158200 -0.00096172682242467999
0.62999999523162841800 -0.00077392737148329616
0.63999998569488525400 -0.00059279141714796424
0.64999997615814209000 -0.00040944240754470229
0.66000002622604370100 -0.00022522819926962256
0.67000001668930053700 -0.00004705250830738805
0.68000000715255737300 0.00012949539814144373
0.68999999761581420900 0.00032232538796961308
0.69999998807907104500 0.00051414582412689924
0.70999997854232788100 0.00070768792647868395
0.72000002861022949200 0.00090318388538435102
0.73000001907348632800 0.00109590799547731876
0.74000000953674316400 0.00129978102631866932
0.75000000000000000000 0.00150540797039866448
0.75999999046325683600 0.00171570398379117250
0.76999998092651367200 0.00192948698531836271
0.77999997138977050800 0.00214609806425869465
0.79000002145767211900 0.00237186090089380741
0.80000001192092895500 0.00260384404100477696
0.81000000238418579100 0.00284105190075933933
0.81999999284744262700 0.00308576109819114208
0.82999998331069946300 0.00333925499580800533
0.83999997377395629900 0.00359670398756861687
0.85000002384185791000 0.00385893299244344235
0.86000001430511474600 0.00413372088223695755
0.87000000476837158200 0.00441116979345679283
0.87999999523162841800 0.00469157099723815918
0.88999998569488525400 0.00499215815216302872
0.89999997615814209000 0.00529619818553328514
0.91000002622604370100 0.00560918590053915978
0.92000001668930053700 0.00593303004279732704
0.93000000715255737300 0.00626044720411300659
0.93999999761581420900 0.00659723812714219094
0.94999998807907104500 0.00693279085680842400
0.95999997854232788100 0.00728229107335209847
0.97000002861022949200 0.00763590494170784950
0.98000001907348632800 0.00799235515296459198
0.99000000953674316400 0.00836436264216899872
1.00000000000000000000 0.00874805636703968048
