-1.00000000000000000000 -0.00473657622933387756
-0.99000000953674316400 -0.00474445521831512451
-0.98000001907348632800 -0.00474907085299491882
-0.97000002861022949200 -0.00475323013961315155
-0.95999997854232788100 -0.00476153800264000893
-0.94999998807907104500 -0.00476405210793018341
-0.93999999761581420900 -0.00476080691441893578
-0.93000000715255737300 -0.00475464016199111939
-0.92000001668930053700 -0.00476206000894308090
-0.91000002622604370100 -0.00475660385563969612
-0.89999997615814209000 -0.00474932091310620308
-0.88999998569488525400 -0.00475569209083914757
-0.87999999523162841800 -0.00476266304031014443
-0.87000000476837158200 -0.00477035809308290482
-0.86000001430511474600 -0.00476991292089223862
-0.85000002384185791000 -0.00478372722864151001
-0.83999997377395629900 -0.00477926619350910187
-0.82999998331069946300 -0.00476672407239675522
-0.81999999284744262700 -0.00477225985378026962
-0.81000000238418579100 -0.00475739501416683197
-0.80000001192092895500 -0.00475260289385914803
-0.79000002145767211900 -0.00475781783461570740
-0.77999997138977050800 -0.00476484186947345734
-0.76999998092651367200 -0.00475413678213953972
-0.75999999046325683600 -0.00475368183106184006
-0.75000000000000000000 -0.00475391978397965431
-0.74000000953674316400 -0.00474165100604295731
-0.73000001907348632800 -0.00474317185580730438
-0.72000002861022949200 -0.00473810220137238503
-0.70999997854232788100 -0.00471983198076486588
-0.69999998807907104500 -0.00472885603085160256
-0.68999999761581420900 -0.00473454082384705544
-0.68000000715255737300 -0.00473396899178624153
-0.67000001668930053700 -0.00474809994921088219
-0.66000002622604370100 -0.00474920496344566345
-0.64999997615814209000 -0.00475128181278705597
-0.63999998569488525400 -0.00474521191790699959
-0.62999999523162841800 -0.00474299397319555283
-0.62000000476837158200 -0.00472316704690456391
-0.61000001430511474600 -0.00471128895878791809
-0.60000002384185791000 -0.00471786502748727799
-0.58999997377395629900 -0.00471597816795110703
-0.57999998331069946300 -0.00472759595140814781
-0.56999999284744262700 -0.00472655985504388809
-0.56000000238418579100 -0.00473224697634577751
-0.55000001192092895500 -0.00473434105515480042
-0.54000002145767211900 -0.00472328579053282738
-0.52999997138977050800 -0.00472138682380318642
-0.51999998092651367200 -0.00472253095358610153
-0.50999999046325683600 -0.00470642512664198876
-0.50000000000000000000 -0.00470342906191945076
-0.49000000953674316400 -0.00471692997962236405
-0.47999998927116394000 -0.00471963500604033470
-0.46999999880790710400 -0.00472890492528676987
-0.46000000834465026800 -0.00474797794595360756
-0.44999998807907104500 -0.00474729016423225403
-0.43999999761581420900 -0.00472810911014676094
-0.43000000715255737300 -0.00473963981494307518
-0.41999998688697814900 -0.00472789583727717400
-0.40999999642372131300 -0.00471691600978374481
-0.40000000596046447700 -0.00473004812374711037
-0.38999998569488525400 -0.00473262695595622063
-0.37999999523162841800 -0.00473325420171022415
-0.37000000476837158200 -0.00474214088171720505
-0.36000001430511474600 -0.00474896002560853958
-0.34999999403953552200 -0.00473884819075465202
-0.34000000357627868600 -0.00473889522254467011
-0.33000001311302185100 -0.00473552616313099861
-0.31999999284744262700 -0.00471645081415772438
-0.31000000238418579100 -0.00472093420103192330
-0.30000001192092895500 -0.00472288392484188080
-0.28999999165534973100 -0.00472650676965713501
-0.28000000119209289500 -0.00473989918828010559
-0.27000001072883606000 -0.00473906518891453743
-0.25999999046325683600 -0.00473937997594475746
-0.25000000000000000000 -0.00473923608660697937
-0.23999999463558197000 -0.00473158806562423706
-0.23000000417232513400 -0.00472230417653918266
-0.21999999880790710400 -0.00471401214599609375
-0.20999999344348907500 -0.00470994319766759873
-0.20000000298023223900 -0.00471450388431549072
-0.18999999761581420900 -0.00472248019650578499
-0.18000000715255737300 -0.00472718710079789162
-0.17000000178813934300 -0.00473126210272312164
-0.15999999642372131300 -0.00475268904119729996
-0.15000000596046447800 -0.00474211899563670159
-0.14000000059604644800 -0.00473701581358909607
-0.12999999523162841800 -0.00473895622417330742
-0.11999999731779098500 -0.00471390504390001297
-0.10999999940395355200 -0.00471830181777477265
-0.10000000149011611900 -0.00472903996706008911
-0.09000000357627868650 -0.00472899293527007103
-0.07999999821186065670 -0.00472588883712887764
-0.07000000029802322390 -0.00474024517461657524
-0.05999999865889549260 -0.00472919316962361336
-0.05000000074505805970 -0.00471254484727978706
-0.03999999910593032840 -0.00472130300477147102
-0.02999999932944774630 -0.00470761721953749657
-0.01999999955296516420 -0.00469158496707677841
-0.00999999977648258210 -0.00470330007374286652
0.00000000000000000000 -0.00470583001151680946
0.00999999977648258210 -0.00470076501369476318
0.01999999955296516420 -0.00471301702782511711
0.02999999932944774630 -0.00471437396481633186
0.03999999910593032840 -0.00470412522554397583
0.05000000074505805970 -0.00469916593283414841
0.05999999865889549260 -0.00469662807881832123
0.07000000029802322390 -0.00468149408698081970
0.07999999821186065670 -0.00467255897819995880
0.09000000357627868650 -0.00467525981366634369
0.10000000149011611900 -0.00467327516525983811
0.10999999940395355200 -0.00468194391578435898
0.11999999731779098500 -0.00467700604349374771
0.12999999523162841800 -0.00468023400753736496
0.14000000059604644800 -0.00468021119013428688
0.15000000596046447800 -0.00465983618050813675
0.15999999642372131300 -0.00465254019945859909
0.17000000178813934300 -0.00464311195537447930
0.18000000715255737300 -0.00463403202593326569
0.18999999761581420900 -0.00462510203942656517
0.20000000298023223900 -0.00463411211967468262
0.20999999344348907500 -0.00462856004014611244
0.21999999880790710400 -0.00461996998637914658
0.23000000417232513400 -0.00462314719334244728
0.23999999463558197000 -0.00460352096706628800
0.25000000000000000000 -0.00458406703546643257
0.25999999046325683600 -0.00457336194813251496
0.27000001072883606000 -0.00454057287424802780
0.28000000119209289500 -0.00452008796855807305
0.28999999165534973100 -0.00451382016763091088
0.30000001192092895500 -0.00449077598750591278
0.31000000238418579100 -0.00446556694805622101
0.31999999284744262700 -0.00444270111620426178
0.33000001311302185100 -0.00440960377454757691
0.34000000357627868600 -0.00435750978067517281
0.34999999403953552200 -0.00431826896965503693
0.36000001430511474600 -0.00425861589610576630
0.37000000476837158200 -0.00418647984042763710
0.37999999523162841800 -0.00412964215502142906
0.38999998569488525400 -0.00406060088425874710
0.40000000596046447700 -0.00398492719978094101
0.40999999642372131300 -0.00390372890979051590
0.41999998688697814900 -0.00381240388378500939
0.43000000715255737300 -0.00370405497960746288
0.43999999761581420900 -0.00358898891136050224
0.44999998807907104500 -0.00346868508495390415
0.46000000834465026800 -0.00333635089918971062
0.46999999880790710400 -0.00320023507811129093
0.47999998927116394000 -0.00305669801309704781
0.49000000953674316400 -0.00291027198545634747
0.50000000000000000000 -0.00275916489772498608
0.50999999046325683600 -0.00259856111370027065
0.51999998092651367200 -0.00243340898305177689
0.52999997138977050800 -0.00226151710376143456
0.54000002145767211900 -0.00207862700335681439
0.55000001192092895500 -0.00189727998804301024
0.56000000238418579100 -0.00171166402287781239
0.56999999284744262700 -0.00152024195995181799
0.57999998331069946300 -0.00133309199009090662
0.58999997377395629900 -0.00114279997069388628
0.60000002384185791000 -0.00095830071950331330
0.61000001430511474600 -0.00075744831701740623
0.62000000476837158200 -0.00056146999122574925
0.62999999523162841800 -0.00036415000795386732
0.63999998569488525400 -0.00016558400238864124
0.64999997615814209000 0.00002540985951782204
0.66000002622604370100 0.00021959250443615019
0.67000001668930053700 0.00042281500645913184
0.68000000715255737300 0.00062432728009298444
0.68999999761581420900 0.00082647567614912987
0.69999998807907104500 0.00102963903918862343
0.70999997854232788100 0.00122721097432076931
0.72000002861022949200 0.00143500999547541142
0.73000001907348632800 0.00164254801347851753
0.74000000953674316400 0.00185136299114674330
0.75000000000000000000 0.00206258799880743027
0.75999999046325683600 0.00227645598351955414
0.76999998092651367200 0.00249191396869719029
0.77999997138977050800 0.00271166698075830937
0.79000002145767211900 0.00293577206321060658
0.80000001192092895500 0.00316403689794242382
0.81000000238418579100 0.00339690991677343845
0.81999999284744262700 0.00363337597809731960
0.82999998331069946300 0.00387580692768096924
0.83999997377395629900 0.00412063999101519585
0.85000002384185791000 0.00437021208927035332
0.86000001430511474600 0.00462593184784054756
0.87000000476837158200 0.00488365488126873970
0.87999999523162841800 0.00514873396605253220
0.88999998569488525400 0.00542377121746540070
0.89999997615814209000 0.00570142408832907677
0.91000002622604370100 0.00598528888076543808
0.92000001668930053700 0.00627619493752717972
0.93000000715255737300 0.00657087797299027443
0.93999999761581420900 0.00686707580462098122
0.94999998807907104500 0.00717468187212944031
0.95999997854232788100 0.00748123414814472199
0.97000002861022949200 0.00779158482328057289
0.98000001907348632800 0.00811737403273582459
0.99000000953674316400 0.00844655185937881470
1.00000000000000000000 0.00878211297094821930
