-1.00000000000000000000 -0.00470786681398749352
-0.99000000953674316400 -0.00470243999734520912
-0.98000001907348632800 -0.00470206420868635178
-0.97000002861022949200 -0.00469155889004468918
-0.95999997854232788100 -0.00468642590567469597
-0.94999998807907104500 -0.00469118310138583183
-0.93999999761581420900 -0.00469638500362634659
-0.93000000715255737300 -0.00470572197809815407
-0.92000001668930053700 -0.00470710592344403267
-0.91000002622604370100 -0.00471378117799758911
-0.89999997615814209000 -0.00471092993393540383
-0.88999998569488525400 -0.00470149191096425057
-0.87999999523162841800 -0.00469983508810400963
-0.87000000476837158200 -0.00468973489478230477
-0.86000001430511474600 -0.00468133110553026200
-0.85000002384185791000 -0.00468879099935293198
-0.83999997377395629900 -0.00469955801963806152
-0.82999998331069946300 -0.00469992822036147118
-0.81999999284744262700 -0.00470249587669968605
-0.81000000238418579100 -0.00471102213487029076
-0.80000001192092895500 -0.00469997990876436234
-0.79000002145767211900 -0.00469452608376741409
-0.77999997138977050800 -0.00469705602154135704
-0.76999998092651367200 -0.00468002306297421456
-0.75999999046325683600 -0.00467646587640047074
-0.75000000000000000000 -0.00468843802809715271
-0.74000000953674316400 -0.00468800310045480728
-0.73000001907348632800 -0.00469717709347605705
-0.72000002861022949200 -0.00470175314694643021
-0.70999997854232788100 -0.00470317108556628227
-0.69999998807907104500 -0.00469911796972155571
-0.68999999761581420900 -0.00469802878797054291
-0.68000000715255737300 -0.00468641519546508789
-0.67000001668930053700 -0.00467401510104537010
-0.66000002622604370100 -0.00467887101694941521
-0.64999997615814209000 -0.00467986706644296646
-0.63999998569488525400 -0.00469124177470803261
-0.62999999523162841800 -0.00469374284148216248
-0.62000000476837158200 -0.00469420896843075752
-0.61000001430511474600 -0.00470355805009603501
-0.60000002384185791000 -0.00469306902959942818
-0.58999997377395629900 -0.00468988995999097824
-0.57999998331069946300 -0.00468996306881308556
-0.56999999284744262700 -0.00467133615165948868
-0.56000000238418579100 -0.00466897711157798767
-0.55000001192092895500 -0.00468657491728663445
-0.54000002145767211900 -0.00468483287841081619
-0.52999997138977050800 -0.00468771206215023995
-0.51999998092651367200 -0.00470158597454428673
-0.50999999046325683600 -0.00469743413850665093
-0.50000000000000000000 -0.00467869918793439865
-0.49000000953674316400 -0.00469137309119105339
-0.47999998927116394000 -0.00468183821067214012
-0.46999999880790710400 -0.00466379104182124138
-0.46000000834465026800 -0.00468168687075376511
-0.44999998807907104500 -0.00468022515997290611
-0.43999999761581420900 -0.00468237511813640595
-0.43000000715255737300 -0.00469376379624009133
-0.41999998688697814900 -0.00470211822539567948
-0.40999999642372131300 -0.00468894606456160546
-0.40000000596046447700 -0.00468845479190349579
-0.38999998569488525400 -0.00468449015170335770
-0.37999999523162841800 -0.00466779712587594986
-0.37000000476837158200 -0.00466730399057269097
-0.36000001430511474600 -0.00467343581840395928
-0.34999999403953552200 -0.00467453710734844208
-0.34000000357627868600 -0.00468341400846838951
-0.33000001311302185100 -0.00468725105747580528
-0.31999999284744262700 -0.00468963105231523514
-0.31000000238418579100 -0.00468641193583607674
-0.30000001192092895500 -0.00467700418084859848
-0.28999999165534973100 -0.00467405701056122780
-0.28000000119209289500 -0.00465633487328886986
-0.27000001072883606000 -0.00464600697159767151
-0.25999999046325683600 -0.00465307012200355530
-0.25000000000000000000 -0.00465334812179207802
-0.23999999463558197000 -0.00465345894917845726
-0.23000000417232513400 -0.00465460307896137238
-0.21999999880790710400 -0.00466415705159306526
-0.20999999344348907500 -0.00464920978993177414
-0.20000000298023223900 -0.00464434409514069557
-0.18999999761581420900 -0.00464386399835348129
-0.18000000715255737300 -0.00462386012077331543
-0.17000000178813934300 -0.00463088182732462883
-0.15999999642372131300 -0.00463427603244781494
-0.15000000596046447800 -0.00463493820279836655
-0.14000000059604644800 -0.00463381595909595490
-0.12999999523162841800 -0.00463674403727054596
-0.11999999731779098500 -0.00463492283597588539
-0.10999999940395355200 -0.00462406314909458161
-0.10000000149011611900 -0.00462024891749024391
-0.09000000357627868650 -0.00460508000105619431
-0.07999999821186065670 -0.00458762608468532562
-0.07000000029802322390 -0.00458884099498391152
-0.05999999865889549260 -0.00459259003400802612
-0.05000000074505805970 -0.00459342682734131813
-0.03999999910593032840 -0.00460032420232892037
-0.02999999932944774630 -0.00459759915247559548
-0.01999999955296516420 -0.00460174679756164551
-0.00999999977648258210 -0.00459705991670489311
0.00000000000000000000 -0.00459081307053565979
0.00999999977648258210 -0.00458356691524386406
0.01999999955296516420 -0.00457827700302004814
0.02999999932944774630 -0.00457879900932312012
0.03999999910593032840 -0.00457819318398833275
0.05000000074505805970 -0.00458738300949335098
0.05999999865889549260 -0.00458394177258014679
0.07000000029802322390 -0.00458502303808927536
0.07999999821186065670 -0.00459317117929458618
0.09000000357627868650 -0.00457997992634773255
0.10000000149011611900 -0.00457426719367504120
0.10999999940395355200 -0.00457105180248618126
0.11999999731779098500 -0.00454854778945446015
0.12999999523162841800 -0.00454586511477828026
0.14000000059604644800 -0.00455511687323451042
0.15000000596046447800 -0.00455155409872531891
0.15999999642372131300 -0.00454921321943402290
0.17000000178813934300 -0.00456008408218622208
0.18000000715255737300 -0.00455941911786794663
0.18999999761581420900 -0.00454237312078475952
0.20000000298023223900 -0.00454147811979055405
0.20999999344348907500 -0.00452541606500744820
0.21999999880790710400 -0.00449564820155501366
0.23000000417232513400 -0.00449551083147525788
0.23999999463558197000 -0.00448840577155351639
0.25000000000000000000 -0.00447924621403217316
0.25999999046325683600 -0.00447265617549419403
0.27000001072883606000 -0.00445909798145294190
0.28000000119209289500 -0.00444227317348122597
0.28999999165534973100 -0.00441722199320793152
0.30000001192092895500 -0.00439722510054707527
0.31000000238418579100 -0.00436040293425321579
0.31999999284744262700 -0.00432567484676837921
0.33000001311302185100 -0.00429517915472388268
0.34000000357627868600 -0.00426304014399647713
0.34999999403953552200 -0.00422592181712388992
0.36000001430511474600 -0.00417745998129248619
0.37000000476837158200 -0.00412597320973873139
0.37999999523162841800 -0.00406668800860643387
0.38999998569488525400 -0.00398372579365968704
0.40000000596046447700 -0.00391073198989033699
0.40999999642372131300 -0.00382212991826236248
0.41999998688697814900 -0.00371786905452609062
0.43000000715255737300 -0.00362250790931284428
0.43999999761581420900 -0.00351879489608108997
0.44999998807907104500 -0.00340390508063137531
0.46000000834465026800 -0.00328378495760262013
0.46999999880790710400 -0.00315861497074365616
0.47999998927116394000 -0.00301672192290425301
0.49000000953674316400 -0.00286847096867859364
0.50000000000000000000 -0.00271939905360341072
0.50999999046325683600 -0.00255737593397498131
0.51999998092651367200 -0.00239120610058307648
0.52999997138977050800 -0.00222542393021285534
0.54000002145767211900 -0.00205504707992076874
0.55000001192092895500 -0.00188206695020198822
0.56000000238418579100 -0.00170321401674300432
0.56999999284744262700 -0.00151974696200340986
0.57999998331069946300 -0.00133316998835653067
0.58999997377395629900 -0.00114007201045751572
0.60000002384185791000 -0.00096129102166742086
0.61000001430511474600 -0.00076233741128817201
0.62000000476837158200 -0.00056465691886842251
0.62999999523162841800 -0.00036615470889955759
0.63999998569488525400 -0.00016707219765521586
0.64999997615814209000 0.00002698155003599823
0.66000002622604370100 0.00022306210303213447
0.67000001668930053700 0.00042799380025826395
0.68000000715255737300 0.00063250388484448195
0.68999999761581420900 0.00083864521002396941
0.69999998807907104500 0.00104404101148247719
0.70999997854232788100 0.00124618702102452517
0.72000002861022949200 0.00145735405385494232
0.73000001907348632800 0.00166831398382782936
0.74000000953674316400 0.00188058405183255673
0.75000000000000000000 0.00209599197842180729
0.75999999046325683600 0.00231348304077982903
0.76999998092651367200 0.00253383000381290913
0.77999997138977050800 0.00275740609504282475
0.79000002145767211900 0.00298305391333997250
0.80000001192092895500 0.00321171409450471401
0.81000000238418579100 0.00344430399127304554
0.81999999284744262700 0.00368041195906698704
0.82999998331069946300 0.00392066594213247299
0.83999997377395629900 0.00416631996631622315
0.85000002384185791000 0.00441758288070559502
0.86000001430511474600 0.00467418786138296127
0.87000000476837158200 0.00493299402296543122
0.87999999523162841800 0.00520093180239200592
0.88999998569488525400 0.00546606210991740227
0.89999997615814209000 0.00573376985266804695
0.91000002622604370100 0.00601306278258562088
0.92000001668930053700 0.00629168888553977013
0.93000000715255737300 0.00657236808910965920
0.93999999761581420900 0.00686850585043430329
0.94999998807907104500 0.00716401590034365654
0.95999997854232788100 0.00746519304811954498
0.97000002861022949200 0.00777467293664813042
0.98000001907348632800 0.00808726344257593155
0.99000000953674316400 0.00839790422469377518
1.00000000000000000000 0.00871789921075105667
