-1.00000000000000000000 -0.00467919185757637024
-0.99000000953674316400 -0.00467816693708300591
-0.98000001907348632800 -0.00466663390398025513
-0.97000002861022949200 -0.00467606121674180031
-0.95999997854232788100 -0.00466531515121459961
-0.94999998807907104500 -0.00464237388223409653
-0.93999999761581420900 -0.00465657189488410950
-0.93000000715255737300 -0.00465902220457792282
-0.92000001668930053700 -0.00466016121208667755
-0.91000002622604370100 -0.00467031216248869896
-0.89999997615814209000 -0.00467357877641916275
-0.88999998569488525400 -0.00467128492891788483
-0.87999999523162841800 -0.00467092590406537056
-0.87000000476837158200 -0.00466446112841367722
-0.86000001430511474600 -0.00464682094752788544
-0.85000002384185791000 -0.00463730096817016602
-0.83999997377395629900 -0.00463550304993987084
-0.82999998331069946300 -0.00464069610461592674
-0.81999999284744262700 -0.00465202005580067635
-0.81000000238418579100 -0.00465522799640893936
-0.80000001192092895500 -0.00465922802686691284
-0.79000002145767211900 -0.00466310186311602593
-0.77999997138977050800 -0.00464930105954408646
-0.76999998092651367200 -0.00464989710599184036
-0.75999999046325683600 -0.00464582489803433418
-0.75000000000000000000 -0.00462985318154096604
-0.74000000953674316400 -0.00463511608541011810
-0.73000001907348632800 -0.00464753899723291397
-0.72000002861022949200 -0.00465068779885768891
-0.70999997854232788100 -0.00465560797601938248
-0.69999998807907104500 -0.00467503117397427559
-0.68999999761581420900 -0.00466457707807421684
-0.68000000715255737300 -0.00465342821553349495
-0.67000001668930053700 -0.00466442387551069260
-0.66000002622604370100 -0.00464869476854801178
-0.64999997615814209000 -0.00464519392699003220
-0.63999998569488525400 -0.00466221477836370468
-0.62999999523162841800 -0.00466628978028893471
-0.62000000476837158200 -0.00466948701068758965
-0.61000001430511474600 -0.00467961002141237259
-0.60000002384185791000 -0.00468435185030102730
-0.58999997377395629900 -0.00467805517837405205
-0.57999998331069946300 -0.00467400392517447472
-0.56999999284744262700 -0.00467194803059101105
-0.56000000238418579100 -0.00466672703623771668
-0.55000001192092895500 -0.00466806581243872643
-0.54000002145767211900 -0.00466967513784766197
-0.52999997138977050800 -0.00467492407187819481
-0.51999998092651367200 -0.00468657910823822022
-0.50999999046325683600 -0.00468411622568964958
-0.50000000000000000000 -0.00468895304948091507
-0.49000000953674316400 -0.00468747504055500031
-0.47999998927116394000 -0.00467948196455836296
-0.46999999880790710400 -0.00467789592221379280
-0.46000000834465026800 -0.00466809608042240143
-0.44999998807907104500 -0.00466282106935977936
-0.43999999761581420900 -0.00466613285243511200
-0.43000000715255737300 -0.00467592291533946991
-0.41999998688697814900 -0.00467425677925348282
-0.40999999642372131300 -0.00467702280730009079
-0.40000000596046447700 -0.00467643188312649727
-0.38999998569488525400 -0.00466260593384504318
-0.37999999523162841800 -0.00466664601117372513
-0.37000000476837158200 -0.00465836608782410622
-0.36000001430511474600 -0.00463898805901408196
-0.34999999403953552200 -0.00465371599420905113
-0.34000000357627868600 -0.00465476419776678085
-0.33000001311302185100 -0.00465252296999096871
-0.31999999284744262700 -0.00466629117727279663
-0.31000000238418579100 -0.00466859480366110802
-0.30000001192092895500 -0.00466837687417864800
-0.28999999165534973100 -0.00466538500040769577
-0.28000000119209289500 -0.00466240616515278816
-0.27000001072883606000 -0.00465337699279189110
-0.25999999046325683600 -0.00464209821075201035
-0.25000000000000000000 -0.00464247493073344231
-0.23999999463558197000 -0.00464356504380702973
-0.23000000417232513400 -0.00465756002813577652
-0.21999999880790710400 -0.00465822918340563774
-0.20999999344348907500 -0.00465769087895751000
-0.20000000298023223900 -0.00466472003608942032
-0.18999999761581420900 -0.00465195393189787865
-0.18000000715255737300 -0.00464967079460620880
-0.17000000178813934300 -0.00465054484084248543
-0.15999999642372131300 -0.00462751183658838272
-0.15000000596046447800 -0.00463206693530082703
-0.14000000059604644800 -0.00464665982872247696
-0.12999999523162841800 -0.00464471615850925446
-0.11999999731779098500 -0.00464630778878927231
-0.10999999940395355200 -0.00465521216392517090
-0.10000000149011611900 -0.00464284000918269158
-0.09000000357627868650 -0.00462807901203632355
-0.07999999821186065670 -0.00464023277163505554
-0.07000000029802322390 -0.00462705502286553383
-0.05999999865889549260 -0.00461254920810461044
-0.05000000074505805970 -0.00462234718725085259
-0.03999999910593032840 -0.00462633790448307991
-0.02999999932944774630 -0.00462616281583905220
-0.01999999955296516420 -0.00463848793879151344
-0.00999999977648258210 -0.00464297179132699967
0.00000000000000000000 -0.00463271513581275940
0.00999999977648258210 -0.00463111279532313347
0.01999999955296516420 -0.00463131722062826157
0.02999999932944774630 -0.00461774412542581558
0.03999999910593032840 -0.00460701389238238335
0.05000000074505805970 -0.00460877595469355583
0.05999999865889549260 -0.00460916990414261818
0.07000000029802322390 -0.00461533805355429650
0.07999999821186065670 -0.00461584888398647308
0.09000000357627868650 -0.00461487099528312683
0.10000000149011611900 -0.00461921002715826035
0.10999999940395355200 -0.00460306415334343910
0.11999999731779098500 -0.00459975982084870339
0.12999999523162841800 -0.00459875306114554405
0.14000000059604644800 -0.00457708677276968956
0.15000000596046447800 -0.00457634590566158295
0.15999999642372131300 -0.00458437297493219376
0.17000000178813934300 -0.00458282278850674629
0.18000000715255737300 -0.00457701692357659340
0.18999999761581420900 -0.00459375977516174317
0.20000000298023223900 -0.00458565587177872658
0.20999999344348907500 -0.00456751789897680283
0.21999999880790710400 -0.00457294285297393799
0.23000000417232513400 -0.00455405702814459801
0.23999999463558197000 -0.00453237909823656082
0.25000000000000000000 -0.00453742407262325287
0.25999999046325683600 -0.00453152181580662728
0.27000001072883606000 -0.00451824394986033440
0.28000000119209289500 -0.00451937923207879067
0.28999999165534973100 -0.00451064202934503555
0.30000001192092895500 -0.00448904791846871376
0.31000000238418579100 -0.00446530198678374291
0.31999999284744262700 -0.00444616610184311867
0.33000001311302185100 -0.00440933089703321457
0.34000000357627868600 -0.00438291393220424652
0.34999999403953552200 -0.00435940083116292954
0.36000001430511474600 -0.00432546110823750496
0.37000000476837158200 -0.00429961318150162697
0.37999999523162841800 -0.00425413902848958969
0.38999998569488525400 -0.00420812377706170082
0.40000000596046447700 -0.00415119808167219162
0.40999999642372131300 -0.00407675607129931450
0.41999998688697814900 -0.00400662701576948166
0.43000000715255737300 -0.00392581522464752197
0.43999999761581420900 -0.00383269507437944412
0.44999998807907104500 -0.00373952300287783146
0.46000000834465026800 -0.00364799890667200089
0.46999999880790710400 -0.00353639409877359867
0.47999998927116394000 -0.00341736199334263802
0.49000000953674316400 -0.00329704000614583492
0.50000000000000000000 -0.00315532810054719448
0.50999999046325683600 -0.00300617888569831848
0.51999998092651367200 -0.00285866507329046726
0.52999997138977050800 -0.00269039208069443703
0.54000002145767211900 -0.00252420990727841854
0.55000001192092895500 -0.00236108992248773575
0.56000000238418579100 -0.00218914891593158245
0.56999999284744262700 -0.00201045698486268520
0.57999998331069946300 -0.00183125399053096771
0.58999997377395629900 -0.00164584896992892027
0.60000002384185791000 -0.00145370303653180599
0.61000001430511474600 -0.00126448704395443201
0.62000000476837158200 -0.00106996705289930105
0.62999999523162841800 -0.00089845637558028102
0.63999998569488525400 -0.00069450668524950743
0.64999997615814209000 -0.00049720978131517768
0.66000002622604370100 -0.00030057691037654877
0.67000001668930053700 -0.00010474179725861177
0.68000000715255737300 0.00007566346175735816
0.68999999761581420900 0.00026303229969926178
0.69999998807907104500 0.00046448840294033289
0.70999997854232788100 0.00066339637851342559
0.72000002861022949200 0.00086260988609865308
0.73000001907348632800 0.00105376401916146278
0.74000000953674316400 0.00126003194600343704
0.75000000000000000000 0.00146707997191697359
0.75999999046325683600 0.00167825794778764248
0.76999998092651367200 0.00189257098827511072
0.77999997138977050800 0.00211173901334404945
0.79000002145767211900 0.00233728904277086258
0.80000001192092895500 0.00256806588731706142
0.81000000238418579100 0.00280332705006003380
0.81999999284744262700 0.00304635497741401196
0.82999998331069946300 0.00329599203541874886
0.83999997377395629900 0.00354961189441382885
0.85000002384185791000 0.00381407001987099648
0.86000001430511474600 0.00408805301412940025
0.87000000476837158200 0.00436835503205657005
0.87999999523162841800 0.00466064084321260452
0.88999998569488525400 0.00495811598375439644
0.89999997615814209000 0.00526737095788121224
0.91000002622604370100 0.00558067206293344498
0.92000001668930053700 0.00589932780712842942
0.93000000715255737300 0.00623020203784108162
0.93999999761581420900 0.00656800810247659683
0.94999998807907104500 0.00691174482926726341
0.95999997854232788100 0.00727167818695306778
0.97000002861022949200 0.00764488521963357926
0.98000001907348632800 0.00801876001060009003
0.99000000953674316400 0.00840368121862411499
1.00000000000000000000 0.00880646519362926483
