-1.00000000000000000000 -0.00492036901414394379
-0.99000000953674316400 -0.00492647290229797363
-0.98000001907348632800 -0.00493665877729654312
-0.97000002861022949200 -0.00493668811395764351
-0.95999997854232788100 -0.00494140805676579476
-0.94999998807907104500 -0.00494384020566940308
-0.93999999761581420900 -0.00493296515196561814
-0.93000000715255737300 -0.00493281008675694466
-0.92000001668930053700 -0.00492185819894075394
-0.91000002622604370100 -0.00491617992520332337
-0.89999997615814209000 -0.00492491014301776886
-0.88999998569488525400 -0.00494402321055531502
-0.87999999523162841800 -0.00494471704587340355
-0.87000000476837158200 -0.00494879903271794319
-0.86000001430511474600 -0.00496239308267831803
-0.85000002384185791000 -0.00494782486930489540
-0.83999997377395629900 -0.00494413916021585465
-0.82999998331069946300 -0.00494694383814930916
-0.81999999284744262700 -0.00492548290640115738
-0.81000000238418579100 -0.00492446497082710266
-0.80000001192092895500 -0.00494043109938502312
-0.79000002145767211900 -0.00493894889950752258
-0.77999997138977050800 -0.00494332797825336456
-0.76999998092651367200 -0.00495630409568548203
-0.75999999046325683600 -0.00495062582194805145
-0.75000000000000000000 -0.00495088892057538033
-0.74000000953674316400 -0.00494825188070535660
-0.73000001907348632800 -0.00493946298956871033
-0.72000002861022949200 -0.00492651388049125672
-0.70999997854232788100 -0.00492812599986791611
-0.69999998807907104500 -0.00493188109248876572
-0.68999999761581420900 -0.00493819219991564751
-0.68000000715255737300 -0.00494798319414258003
-0.67000001668930053700 -0.00494499690830707550
-0.66000002622604370100 -0.00495604192838072777
-0.64999997615814209000 -0.00495166005566716194
-0.63999998569488525400 -0.00493966881185770035
-0.62999999523162841800 -0.00494208885356783867
-0.62000000476837158200 -0.00492047611624002457
-0.61000001430511474600 -0.00490996707230806351
-0.60000002384185791000 -0.00491979299113154411
-0.58999997377395629900 -0.00491748889908194542
-0.57999998331069946300 -0.00491188000887632370
-0.56999999284744262700 -0.00492341583594679833
-0.56000000238418579100 -0.00492828013375401497
-0.55000001192092895500 -0.00491545489057898522
-0.54000002145767211900 -0.00491380505263805390
-0.52999997138977050800 -0.00491404999047517777
-0.51999998092651367200 -0.00489190500229597092
-0.50999999046325683600 -0.00489723216742277146
-0.50000000000000000000 -0.00490735704079270363
-0.49000000953674316400 -0.00490333698689937592
-0.47999998927116394000 -0.00491803698241710663
-0.46999999880790710400 -0.00491203693673014641
-0.46000000834465026800 -0.00491403415799140930
-0.44999998807907104500 -0.00491462787613272667
-0.43999999761581420900 -0.00489490991458296776
-0.43000000715255737300 -0.00488510495051741600
-0.41999998688697814900 -0.00487970607355237007
-0.40999999642372131300 -0.00487754121422767639
-0.40000000596046447700 -0.00487773586064577103
-0.38999998569488525400 -0.00489291921257972717
-0.37999999523162841800 -0.00489248288795351982
-0.37000000476837158200 -0.00489249220117926598
-0.36000001430511474600 -0.00490695098415017128
-0.34999999403953552200 -0.00489563401788473129
-0.34000000357627868600 -0.00488471984863281250
-0.33000001311302185100 -0.00489397207275032997
-0.31999999284744262700 -0.00487741921097040177
-0.31000000238418579100 -0.00487508205696940422
-0.30000001192092895500 -0.00488932803273200989
-0.28999999165534973100 -0.00489850202575325966
-0.28000000119209289500 -0.00489708222448825836
-0.27000001072883606000 -0.00491114193573594093
-0.25999999046325683600 -0.00491244113072752953
-0.25000000000000000000 -0.00489787198603153229
-0.23999999463558197000 -0.00490590883418917656
-0.23000000417232513400 -0.00489557813853025437
-0.21999999880790710400 -0.00487381685525178909
-0.20999999344348907500 -0.00488017080351710320
-0.20000000298023223900 -0.00488345883786678314
-0.18999999761581420900 -0.00488366186618804932
-0.18000000715255737300 -0.00489672180265188217
-0.17000000178813934300 -0.00489710783585906029
-0.15999999642372131300 -0.00489616813138127327
-0.15000000596046447800 -0.00489982916042208672
-0.14000000059604644800 -0.00489808805286884308
-0.12999999523162841800 -0.00489263422787189484
-0.11999999731779098500 -0.00488843116909265518
-0.10999999940395355200 -0.00487806182354688645
-0.10000000149011611900 -0.00488333078101277352
-0.09000000357627868650 -0.00489834789186716080
-0.07999999821186065670 -0.00489856209605932236
-0.07000000029802322390 -0.00489468406885862351
-0.05999999865889549260 -0.00490917591378092766
-0.05000000074505805970 -0.00489604286849498749
-0.03999999910593032840 -0.00488808704540133476
-0.02999999932944774630 -0.00489203119650483132
-0.01999999955296516420 -0.00487140798941254616
-0.00999999977648258210 -0.00486676488071680069
0.00000000000000000000 -0.00488234916701912880
0.00999999977648258210 -0.00488803116604685784
0.01999999955296516420 -0.00488593196496367455
0.02999999932944774630 -0.00490035302937030792
0.03999999910593032840 -0.00489967316389083862
0.05000000074505805970 -0.00488655082881450653
0.05999999865889549260 -0.00489147100597620011
0.07000000029802322390 -0.00487986020743846893
0.07999999821186065670 -0.00485914200544357300
0.09000000357627868650 -0.00486481515690684319
0.10000000149011611900 -0.00486283097416162491
0.10999999940395355200 -0.00486004212871193886
0.11999999731779098500 -0.00487519707530736923
0.12999999523162841800 -0.00486973812803626061
0.14000000059604644800 -0.00486818095669150353
0.15000000596046447800 -0.00486481701955199242
0.15999999642372131300 -0.00485182693228125572
0.17000000178813934300 -0.00483812578022480011
0.18000000715255737300 -0.00482814293354749680
0.18999999761581420900 -0.00481601199135184288
0.20000000298023223900 -0.00481161195784807205
0.20999999344348907500 -0.00481795612722635269
0.21999999880790710400 -0.00480660982429981232
0.23000000417232513400 -0.00480135902762413025
0.23999999463558197000 -0.00480154203251004219
0.25000000000000000000 -0.00477872090414166451
0.25999999046325683600 -0.00475823320448398590
0.27000001072883606000 -0.00474444590508937836
0.28000000119209289500 -0.00471358699724078179
0.28999999165534973100 -0.00468548992648720741
0.30000001192092895500 -0.00467972690239548683
0.31000000238418579100 -0.00465066218748688698
0.31999999284744262700 -0.00462655303999781609
0.33000001311302185100 -0.00460305390879511833
0.34000000357627868600 -0.00456501916050910950
0.34999999403953552200 -0.00451444601640105248
0.36000001430511474600 -0.00446744076907634735
0.37000000476837158200 -0.00440446520224213600
0.37999999523162841800 -0.00432989094406366348
0.38999998569488525400 -0.00426566600799560547
0.40000000596046447700 -0.00418933387845754624
0.40999999642372131300 -0.00411031022667884827
0.41999998688697814900 -0.00402544019743800163
0.43000000715255737300 -0.00392697378993034363
0.43999999761581420900 -0.00381946703419089317
0.44999998807907104500 -0.00370425195433199406
0.46000000834465026800 -0.00357181206345558167
0.46999999880790710400 -0.00343729602172970772
0.47999998927116394000 -0.00329169700853526592
0.49000000953674316400 -0.00313743297010660172
0.50000000000000000000 -0.00298654311336576939
0.50999999046325683600 -0.00282992399297654629
0.51999998092651367200 -0.00266160210594534874
0.52999997138977050800 -0.00248820893466472626
0.54000002145767211900 -0.00231498200446367264
0.55000001192092895500 -0.00212544295936822891
0.56000000238418579100 -0.00193588400725275278
0.56999999284744262700 -0.00174751505255699158
0.57999998331069946300 -0.00154852902051061392
0.58999997377395629900 -0.00135386595502495766
0.60000002384185791000 -0.00115974305663257837
0.61000001430511474600 -0.00097864563576877117
0.62000000476837158200 -0.00076622061897069216
0.62999999523162841800 -0.00056476402096450329
0.63999998569488525400 -0.00036171061219647527
0.64999997615814209000 -0.00015913900278974324
0.66000002622604370100 0.00003295653004897758
0.67000001668930053700 0.00023194559616968036
0.68000000715255737300 0.00043916469439864159
0.68999999761581420900 0.00064641452627256513
0.69999998807907104500 0.00085368560394272208
0.70999997854232788100 0.00105329800862818956
0.72000002861022949200 0.00126563594676554203
0.73000001907348632800 0.00147803302388638258
0.74000000953674316400 0.00169120100326836109
0.75000000000000000000 0.00190875504631549120
0.75999999046325683600 0.00212805299088358879
0.76999998092651367200 0.00234898901544511318
0.77999997138977050800 0.00257684290409088135
0.79000002145767211900 0.00280636991374194622
0.80000001192092895500 0.00303807994350790978
0.81000000238418579100 0.00328106409870088101
0.81999999284744262700 0.00352624501101672650
0.82999998331069946300 0.00377666903659701347
0.83999997377395629900 0.00403574621304869652
0.85000002384185791000 0.00429823715239763260
0.86000001430511474600 0.00456550810486078262
0.87000000476837158200 0.00483951810747385025
0.87999999523162841800 0.00511904899030923844
0.88999998569488525400 0.00540297385305166245
0.89999997615814209000 0.00569425802677869797
0.91000002622604370100 0.00599476788192987442
0.92000001668930053700 0.00630093691870570183
0.93000000715255737300 0.00661767506971955300
0.93999999761581420900 0.00693760812282562256
0.94999998807907104500 0.00726407114416360855
0.95999997854232788100 0.00760063994675874710
0.97000002861022949200 0.00793253537267446518
0.98000001907348632800 0.00827929563820362091
0.99000000953674316400 0.00863210298120975495
1.00000000000000000000 0.00897950120270252228
