-1.00000000000000000000 -0.00486535904929041863
-0.99000000953674316400 -0.00486290408298373222
-0.98000001907348632800 -0.00485188420861959458
-0.97000002861022949200 -0.00484675122424960137
-0.95999997854232788100 -0.00484836893156170845
-0.94999998807907104500 -0.00484928721562027931
-0.93999999761581420900 -0.00486453808844089508
-0.93000000715255737300 -0.00486482819542288780
-0.92000001668930053700 -0.00487844087183475495
-0.91000002622604370100 -0.00487515982240438461
-0.89999997615814209000 -0.00485903909429907799
-0.88999998569488525400 -0.00486168917268514633
-0.87999999523162841800 -0.00485105579718947411
-0.87000000476837158200 -0.00484123779460787773
-0.86000001430511474600 -0.00485566677525639534
-0.85000002384185791000 -0.00486298697069287300
-0.83999997377395629900 -0.00485842209309339523
-0.82999998331069946300 -0.00487217679619789124
-0.81999999284744262700 -0.00487544201314449310
-0.81000000238418579100 -0.00486336881294846535
-0.80000001192092895500 -0.00486562587320804596
-0.79000002145767211900 -0.00486062420532107353
-0.77999997138977050800 -0.00483875814825296402
-0.76999998092651367200 -0.00484901899471879006
-0.75999999046325683600 -0.00485385116189718247
-0.75000000000000000000 -0.00485194195061922074
-0.74000000953674316400 -0.00486736418679356575
-0.73000001907348632800 -0.00486869597807526589
-0.72000002861022949200 -0.00486636301502585411
-0.70999997854232788100 -0.00486445287242531777
-0.69999998807907104500 -0.00486283283680677414
-0.68999999761581420900 -0.00484734307974576950
-0.68000000715255737300 -0.00484167411923408508
-0.67000001668930053700 -0.00484251696616411209
-0.66000002622604370100 -0.00484428415074944496
-0.64999997615814209000 -0.00485867680981755257
-0.63999998569488525400 -0.00485560577362775803
-0.62999999523162841800 -0.00486051896587014198
-0.62000000476837158200 -0.00486604822799563408
-0.61000001430511474600 -0.00485135288909077644
-0.60000002384185791000 -0.00486085610464215279
-0.58999997377395629900 -0.00486099021509289742
-0.57999998331069946300 -0.00484416401013731957
-0.56999999284744262700 -0.00484436284750699997
-0.56000000238418579100 -0.00486224796622991562
-0.55000001192092895500 -0.00485999416559934616
-0.54000002145767211900 -0.00486005097627639771
-0.52999997138977050800 -0.00487608695402741432
-0.51999998092651367200 -0.00486739911139011383
-0.50999999046325683600 -0.00484990701079368591
-0.50000000000000000000 -0.00486106798052787781
-0.49000000953674316400 -0.00484756100922822952
-0.47999998927116394000 -0.00483365217223763466
-0.46999999880790710400 -0.00485328398644924164
-0.46000000834465026800 -0.00485263578593730927
-0.44999998807907104500 -0.00485249282792210579
-0.43999999761581420900 -0.00486846780404448509
-0.43000000715255737300 -0.00487263407558202744
-0.41999998688697814900 -0.00485997693613171578
-0.40999999642372131300 -0.00486317090690135956
-0.40000000596046447700 -0.00485501391813158989
-0.38999998569488525400 -0.00483421515673398972
-0.37999999523162841800 -0.00484440801665186882
-0.37000000476837158200 -0.00484902504831552506
-0.36000001430511474600 -0.00485110888257622719
-0.34999999403953552200 -0.00485979020595550537
-0.34000000357627868600 -0.00486022001132369042
-0.33000001311302185100 -0.00486434111371636391
-0.31999999284744262700 -0.00486841378733515740
-0.31000000238418579100 -0.00486273504793643952
-0.30000001192092895500 -0.00485329423099756241
-0.28999999165534973100 -0.00483937282115221024
-0.28000000119209289500 -0.00483931880444288254
-0.27000001072883606000 -0.00484452396631240845
-0.25999999046325683600 -0.00485427118837833405
-0.25000000000000000000 -0.00485464418306946755
-0.23999999463558197000 -0.00485650682821869850
-0.23000000417232513400 -0.00486375018954277039
-0.21999999880790710400 -0.00484491698443889618
-0.20999999344348907500 -0.00484804902225732804
-0.20000000298023223900 -0.00484292814508080483
-0.18999999761581420900 -0.00482359295710921288
-0.18000000715255737300 -0.00482742907479405403
-0.17000000178813934300 -0.00483738211914896965
-0.15999999642372131300 -0.00483623985201120377
-0.15000000596046447800 -0.00483982684090733528
-0.14000000059604644800 -0.00485377106815576554
-0.12999999523162841800 -0.00483945105224847794
-0.11999999731779098500 -0.00483095180243253708
-0.10999999940395355200 -0.00483206706121563912
-0.10000000149011611900 -0.00480645196512341499
-0.09000000357627868650 -0.00480234296992421150
-0.07999999821186065670 -0.00481070298701524735
-0.07000000029802322390 -0.00481198914349079132
-0.05999999865889549260 -0.00481694191694259644
-0.05000000074505805970 -0.00482401205226778984
-0.03999999910593032840 -0.00482034916058182717
-0.02999999932944774630 -0.00481876777485013008
-0.01999999955296516420 -0.00480732880532741547
-0.00999999977648258210 -0.00480215996503829956
0.00000000000000000000 -0.00478137703612446785
0.00999999977648258210 -0.00477865012362599373
0.01999999955296516420 -0.00477674091234803200
0.02999999932944774630 -0.00477871391922235489
0.03999999910593032840 -0.00478562200441956520
0.05000000074505805970 -0.00478213699534535408
0.05999999865889549260 -0.00478942086920142174
0.07000000029802322390 -0.00478768581524491310
0.07999999821186065670 -0.00476944493129849434
0.09000000357627868650 -0.00477097695693373680
0.10000000149011611900 -0.00476005300879478455
0.10999999940395355200 -0.00474681379273533821
0.11999999731779098500 -0.00475054420530796051
0.12999999523162841800 -0.00475835287943482399
0.14000000059604644800 -0.00475277891382575035
0.15000000596046447800 -0.00475471979007124901
0.15999999642372131300 -0.00475917709991335869
0.17000000178813934300 -0.00474610785022377968
0.18000000715255737300 -0.00473506283015012741
0.18999999761581420900 -0.00473435223102569580
0.20000000298023223900 -0.00470894016325473786
0.20999999344348907500 -0.00470001297071576119
0.21999999880790710400 -0.00470488797873258591
0.23000000417232513400 -0.00469445995986461640
0.23999999463558197000 -0.00469277286902070046
0.25000000000000000000 -0.00468622706830501557
0.25999999046325683600 -0.00467543210834264755
0.27000001072883606000 -0.00465672789141535759
0.28000000119209289500 -0.00463904719799757004
0.28999999165534973100 -0.00461012497544288635
0.30000001192092895500 -0.00457495311275124550
0.31000000238418579100 -0.00455153919756412506
0.31999999284744262700 -0.00452729919925332070
0.33000001311302185100 -0.00450137397274374962
0.34000000357627868600 -0.00446743285283446312
0.34999999403953552200 -0.00442613987252116203
0.36000001430511474600 -0.00438641989603638649
0.37000000476837158200 -0.00432550208643078804
0.37999999523162841800 -0.00426167622208595276
0.38999998569488525400 -0.00419341400265693665
0.40000000596046447700 -0.00410359911620616913
0.40999999642372131300 -0.00401774607598781586
0.41999998688697814900 -0.00394067307934165001
0.43000000715255737300 -0.00384152401238679886
0.43999999761581420900 -0.00373299489729106426
0.44999998807907104500 -0.00363153801299631596
0.46000000834465026800 -0.00350543297827243805
0.46999999880790710400 -0.00336142606101930142
0.47999998927116394000 -0.00322728208266198635
0.49000000953674316400 -0.00307434611022472382
0.50000000000000000000 -0.00290867406874895096
0.50999999046325683600 -0.00275603705085813999
0.51999998092651367200 -0.00258950004354119301
0.52999997138977050800 -0.00241486402228474617
0.54000002145767211900 -0.00224185991100966930
0.55000001192092895500 -0.00206227297894656658
0.56000000238418579100 -0.00187147199176251888
0.56999999284744262700 -0.00168131897225975990
0.57999998331069946300 -0.00148900505155324936
0.58999997377395629900 -0.00129054603166878223
0.60000002384185791000 -0.00109503394924104214
0.61000001430511474600 -0.00091838731896132231
0.62000000476837158200 -0.00071028678212314844
0.62999999523162841800 -0.00051084137521684170
0.63999998569488525400 -0.00031105079688131809
0.64999997615814209000 -0.00011246240319451317
0.66000002622604370100 0.00007361028838204220
0.67000001668930053700 0.00026825448730960488
0.68000000715255737300 0.00047056860057637095
0.68999999761581420900 0.00066982302814722061
0.69999998807907104500 0.00087055162293836474
0.70999997854232788100 0.00106319901533424854
0.72000002861022949200 0.00126801000442355871
0.73000001907348632800 0.00147245300468057394
0.74000000953674316400 0.00167778495233505964
0.75000000000000000000 0.00188622402492910624
0.75999999046325683600 0.00209766207262873650
0.76999998092651367200 0.00231018196791410446
0.77999997138977050800 0.00252774101682007313
0.79000002145767211900 0.00274910288862884045
0.80000001192092895500 0.00297125894576311112
0.81000000238418579100 0.00320258690044283867
0.81999999284744262700 0.00343812210485339165
0.82999998331069946300 0.00367740890942513943
0.83999997377395629900 0.00392507808282971382
0.85000002384185791000 0.00417645601555705071
0.86000001430511474600 0.00443298602476716042
0.87000000476837158200 0.00469537219032645226
0.87999999523162841800 0.00496173277497291565
0.88999998569488525400 0.00523248314857482910
0.89999997615814209000 0.00551075814291834831
0.91000002622604370100 0.00579602085053920746
0.92000001668930053700 0.00608774786815047264
0.93000000715255737300 0.00639120396226644516
0.93999999761581420900 0.00669563421979546547
0.94999998807907104500 0.00700682215392589569
0.95999997854232788100 0.00732703320682048798
0.97000002861022949200 0.00764528708532452584
0.98000001907348632800 0.00797187536954879761
0.99000000953674316400 0.00830869656056165695
1.00000000000000000000 0.00864260271191596985
