-1.00000000000000000000 -0.00476106721907854080
-0.99000000953674316400 -0.00476006604731082916
-0.98000001907348632800 -0.00477323215454816818
-0.97000002861022949200 -0.00477939285337924957
-0.95999997854232788100 -0.00477174716070294380
-0.94999998807907104500 -0.00476659880951046944
-0.93999999761581420900 -0.00476982910186052323
-0.93000000715255737300 -0.00475302198901772499
-0.92000001668930053700 -0.00475310999900102616
-0.91000002622604370100 -0.00475254887714982033
-0.89999997615814209000 -0.00475355098024010658
-0.88999998569488525400 -0.00476746214553713799
-0.87999999523162841800 -0.00476805120706558228
-0.87000000476837158200 -0.00477228779345750809
-0.86000001430511474600 -0.00477075204253196716
-0.85000002384185791000 -0.00475985789671540260
-0.83999997377395629900 -0.00475826906040310860
-0.82999998331069946300 -0.00474954303354024887
-0.81999999284744262700 -0.00474289804697036743
-0.81000000238418579100 -0.00474404310807585716
-0.80000001192092895500 -0.00475554820150136948
-0.79000002145767211900 -0.00475517380982637406
-0.77999997138977050800 -0.00475916219875216484
-0.76999998092651367200 -0.00476854993030428887
-0.75999999046325683600 -0.00476233987137675286
-0.75000000000000000000 -0.00475061079487204552
-0.74000000953674316400 -0.00475423689931631088
-0.73000001907348632800 -0.00473528588190674782
-0.72000002861022949200 -0.00473392801359295845
-0.70999997854232788100 -0.00474873185157775879
-0.69999998807907104500 -0.00474866898730397225
-0.68999999761581420900 -0.00475122313946485520
-0.68000000715255737300 -0.00476131401956081391
-0.67000001668930053700 -0.00476723210886120796
-0.66000002622604370100 -0.00475554820150136948
-0.64999997615814209000 -0.00476336013525724411
-0.63999998569488525400 -0.00475143315270543099
-0.62999999523162841800 -0.00473161414265632630
-0.62000000476837158200 -0.00474265683442354202
-0.61000001430511474600 -0.00475056096911430359
-0.60000002384185791000 -0.00475282315164804459
-0.58999997377395629900 -0.00476125394925475121
-0.57999998331069946300 -0.00476391101256012917
-0.56999999284744262700 -0.00476169120520353317
-0.56000000238418579100 -0.00476009305566549301
-0.55000001192092895500 -0.00475578894838690758
-0.54000002145767211900 -0.00475058378651738167
-0.52999997138977050800 -0.00473835412412881851
-0.51999998092651367200 -0.00473766494542360306
-0.50999999046325683600 -0.00474473880603909493
-0.50000000000000000000 -0.00475115701556205750
-0.49000000953674316400 -0.00475332513451576233
-0.47999998927116394000 -0.00476452521979808808
-0.46999999880790710400 -0.00477316603064537048
-0.46000000834465026800 -0.00476697413250803948
-0.44999998807907104500 -0.00477006006985902786
-0.43999999761581420900 -0.00476598180830478668
-0.43000000715255737300 -0.00474798493087291718
-0.41999998688697814900 -0.00475705508142709732
-0.40999999642372131300 -0.00476327398791909218
-0.40000000596046447700 -0.00476605491712689400
-0.38999998569488525400 -0.00476703979074954987
-0.37999999523162841800 -0.00478093186393380165
-0.37000000476837158200 -0.00477211503311991692
-0.36000001430511474600 -0.00476206187158823013
-0.34999999403953552200 -0.00476906122639775276
-0.34000000357627868600 -0.00475692888721823692
-0.33000001311302185100 -0.00474384985864162445
-0.31999999284744262700 -0.00475236680358648300
-0.31000000238418579100 -0.00475621502846479416
-0.30000001192092895500 -0.00475938385352492333
-0.28999999165534973100 -0.00476597808301448822
-0.28000000119209289500 -0.00477010803297162056
-0.27000001072883606000 -0.00476228492334485054
-0.25999999046325683600 -0.00475225690752267838
-0.25000000000000000000 -0.00475062290206551552
-0.23999999463558197000 -0.00474059814587235451
-0.23000000417232513400 -0.00473415805026888848
-0.21999999880790710400 -0.00473673082888126373
-0.20999999344348907500 -0.00474387686699628830
-0.20000000298023223900 -0.00474879983812570572
-0.18999999761581420900 -0.00474675511941313744
-0.18000000715255737300 -0.00476228212937712670
-0.17000000178813934300 -0.00475358311086893082
-0.15999999642372131300 -0.00474185077473521233
-0.15000000596046447800 -0.00474420096725225449
-0.14000000059604644800 -0.00473130308091640473
-0.12999999523162841800 -0.00472133979201316834
-0.11999999731779098500 -0.00473086722195148468
-0.10999999940395355200 -0.00473719788715243340
-0.10000000149011611900 -0.00473550986498594284
-0.09000000357627868650 -0.00474207988008856774
-0.07999999821186065670 -0.00474696885794401169
-0.07000000029802322390 -0.00473358714953064919
-0.05999999865889549260 -0.00473570218309760094
-0.05000000074505805970 -0.00472881505265831947
-0.03999999910593032840 -0.00470940303057432175
-0.02999999932944774630 -0.00471431901678442955
-0.01999999955296516420 -0.00472042197361588478
-0.00999999977648258210 -0.00471744593232870102
0.00000000000000000000 -0.00472757406532764435
0.00999999977648258210 -0.00472732214257121086
0.01999999955296516420 -0.00473192799836397171
0.02999999932944774630 -0.00471933977678418160
0.03999999910593032840 -0.00471810204908251763
0.05000000074505805970 -0.00470846379175782204
0.05999999865889549260 -0.00469169905409216881
0.07000000029802322390 -0.00469217915087938309
0.07999999821186065670 -0.00469024619087576866
0.09000000357627868650 -0.00469386205077171326
0.10000000149011611900 -0.00469860294833779335
0.10999999940395355200 -0.00469535589218139649
0.11999999731779098500 -0.00469475379213690758
0.12999999523162841800 -0.00468914210796356201
0.14000000059604644800 -0.00467725982889533043
0.15000000596046447800 -0.00467052822932600975
0.15999999642372131300 -0.00465174810960888863
0.17000000178813934300 -0.00464273802936077118
0.18000000715255737300 -0.00464678322896361351
0.18999999761581420900 -0.00464715296402573586
0.20000000298023223900 -0.00464076083153486252
0.20999999344348907500 -0.00464088888838887215
0.21999999880790710400 -0.00463745510205626488
0.23000000417232513400 -0.00461179809644818306
0.23999999463558197000 -0.00460572680458426476
0.25000000000000000000 -0.00458804098889231682
0.25999999046325683600 -0.00455438019707798958
0.27000001072883606000 -0.00455213990062475205
0.28000000119209289500 -0.00453868415206670761
0.28999999165534973100 -0.00451849494129419327
0.30000001192092895500 -0.00450366921722888947
0.31000000238418579100 -0.00448629399761557579
0.31999999284744262700 -0.00444979080930352211
0.33000001311302185100 -0.00441389484331011772
0.34000000357627868600 -0.00437684496864676476
0.34999999403953552200 -0.00432239891961216927
0.36000001430511474600 -0.00426468579098582268
0.37000000476837158200 -0.00421379692852497101
0.37999999523162841800 -0.00415426399558782578
0.38999998569488525400 -0.00409319577738642693
0.40000000596046447700 -0.00401889579370617867
0.40999999642372131300 -0.00393465720117092133
0.41999998688697814900 -0.00383952492848038674
0.43000000715255737300 -0.00372760300524532795
0.43999999761581420900 -0.00361393601633608341
0.44999998807907104500 -0.00349524198099970818
0.46000000834465026800 -0.00336284702643752098
0.46999999880790710400 -0.00323403510265052319
0.47999998927116394000 -0.00309986597858369351
0.49000000953674316400 -0.00295621994882822037
0.50000000000000000000 -0.00280200410634279251
0.50999999046325683600 -0.00264819106087088585
0.51999998092651367200 -0.00247701210901141167
0.52999997138977050800 -0.00230257795192301273
0.54000002145767211900 -0.00213051610626280308
0.55000001192092895500 -0.00194423599168658257
0.56000000238418579100 -0.00175821396987885237
0.56999999284744262700 -0.00157473701983690262
0.57999998331069946300 -0.00138662604149430990
0.58999997377395629900 -0.00119375297799706459
0.60000002384185791000 -0.00100610905792564154
0.61000001430511474600 -0.00082404888235032558
0.62000000476837158200 -0.00062364619225263596
0.62999999523162841800 -0.00043149018893018365
0.63999998569488525400 -0.00023681190214119852
0.64999997615814209000 -0.00004893613004242070
0.66000002622604370100 0.00013602869876194745
0.67000001668930053700 0.00033385239657945931
0.68000000715255737300 0.00052959407912567258
0.68999999761581420900 0.00072542252019047737
0.69999998807907104500 0.00092237582430243492
0.70999997854232788100 0.00111099204514175653
0.72000002861022949200 0.00131167599465698004
0.73000001907348632800 0.00151180999819189310
0.74000000953674316400 0.00171259103808552027
0.75000000000000000000 0.00191639305558055639
0.75999999046325683600 0.00212227390147745609
0.76999998092651367200 0.00232996302656829357
0.77999997138977050800 0.00254265288822352886
0.79000002145767211900 0.00275974906980991364
0.80000001192092895500 0.00297944410704076290
0.81000000238418579100 0.00320427701808512211
0.81999999284744262700 0.00343579309992492199
0.82999998331069946300 0.00366783188655972481
0.83999997377395629900 0.00390556198544800282
0.85000002384185791000 0.00415132101625204086
0.86000001430511474600 0.00439668586477637291
0.87000000476837158200 0.00465101515874266625
0.87999999523162841800 0.00491291703656315804
0.88999998569488525400 0.00517855584621429444
0.89999997615814209000 0.00545131508260965347
0.91000002622604370100 0.00573137914761900902
0.92000001668930053700 0.00601485511288046837
0.93000000715255737300 0.00630254577845335007
0.93999999761581420900 0.00659797294065356255
0.94999998807907104500 0.00689531397074460984
0.95999997854232788100 0.00719669507816433907
0.97000002861022949200 0.00751049490645527840
0.98000001907348632800 0.00782911200076341629
0.99000000953674316400 0.00815642997622489929
1.00000000000000000000 0.00848906487226486206
