-1.00000000000000000000 -0.00694040581583976746
-0.99000000953674316400 -0.00688518304377794266
-0.98000001907348632800 -0.00682274205610156060
-0.97000002861022949200 -0.00678656296804547310
-0.95999997854232788100 -0.00674968399107456208
-0.94999998807907104500 -0.00670429086312651634
-0.93999999761581420900 -0.00667258398607373238
-0.93000000715255737300 -0.00663695391267538071
-0.92000001668930053700 -0.00659734616056084633
-0.91000002622604370100 -0.00655630510300397873
-0.89999997615814209000 -0.00652088597416877747
-0.88999998569488525400 -0.00647351983934640885
-0.87999999523162841800 -0.00643069716170430184
-0.87000000476837158200 -0.00639638490974903107
-0.86000001430511474600 -0.00636472599580883980
-0.85000002384185791000 -0.00634471420198678971
-0.83999997377395629900 -0.00631102779880166054
-0.82999998331069946300 -0.00629121484234929085
-0.81999999284744262700 -0.00627244077622890473
-0.81000000238418579100 -0.00623301789164543152
-0.80000001192092895500 -0.00619718106463551522
-0.79000002145767211900 -0.00617125118151307106
-0.77999997138977050800 -0.00612470507621765137
-0.76999998092651367200 -0.00609015719965100289
-0.75999999046325683600 -0.00608116295188665390
-0.75000000000000000000 -0.00605454901233315468
-0.74000000953674316400 -0.00602878490462899208
-0.73000001907348632800 -0.00601444905623793602
-0.72000002861022949200 -0.00599136622622609139
-0.70999997854232788100 -0.00595118291676044464
-0.69999998807907104500 -0.00593738490715622902
-0.68999999761581420900 -0.00590402400121092796
-0.68000000715255737300 -0.00585922319442033768
-0.67000001668930053700 -0.00584698701277375221
-0.66000002622604370100 -0.00582655984908342362
-0.64999997615814209000 -0.00580647913739085198
-0.63999998569488525400 -0.00579802179709076882
-0.62999999523162841800 -0.00577374314889311791
-0.62000000476837158200 -0.00575980218127369881
-0.61000001430511474600 -0.00574202183634042740
-0.60000002384185791000 -0.00571571616455912590
-0.58999997377395629900 -0.00568216014653444290
-0.57999998331069946300 -0.00565481511875987053
-0.56999999284744262700 -0.00563250295817852020
-0.56000000238418579100 -0.00561485392972826958
-0.55000001192092895500 -0.00560600217431783676
-0.54000002145767211900 -0.00558820692822337151
-0.52999997138977050800 -0.00556831108406186104
-0.51999998092651367200 -0.00556227285414934158
-0.50999999046325683600 -0.00552954198792576790
-0.50000000000000000000 -0.00550821376964449883
-0.49000000953674316400 -0.00549140013754367829
-0.47999998927116394000 -0.00545362103730440140
-0.46999999880790710400 -0.00543452706187963486
-0.46000000834465026800 -0.00543031003326177597
-0.44999998807907104500 -0.00541201513260602951
-0.43999999761581420900 -0.00539305480197072029
-0.43000000715255737300 -0.00538997398689389229
-0.41999998688697814900 -0.00537291401997208595
-0.40999999642372131300 -0.00534392520785331726
-0.40000000596046447700 -0.00533806392922997475
-0.38999998569488525400 -0.00531143089756369591
-0.37999999523162841800 -0.00527657521888613701
-0.37000000476837158200 -0.00526793301105499268
-0.36000001430511474600 -0.00525877298787236214
-0.34999999403953552200 -0.00524020614102482796
-0.34000000357627868600 -0.00524108018726110459
-0.33000001311302185100 -0.00522356713190674782
-0.31999999284744262700 -0.00521239591762423516
-0.31000000238418579100 -0.00519790779799222946
-0.30000001192092895500 -0.00517495581880211830
-0.28999999165534973100 -0.00515232188627123833
-0.28000000119209289500 -0.00513443909585475922
-0.27000001072883606000 -0.00511514209210872650
-0.25999999046325683600 -0.00510419905185699463
-0.25000000000000000000 -0.00510308798402547836
-0.23999999463558197000 -0.00509018311277031899
-0.23000000417232513400 -0.00507934717461466789
-0.21999999880790710400 -0.00508252717554569245
-0.20999999344348907500 -0.00505380099639296532
-0.20000000298023223900 -0.00503551401197910309
-0.18999999761581420900 -0.00502742594107985497
-0.18000000715255737300 -0.00499551277607679367
-0.17000000178813934300 -0.00497671589255332947
-0.15999999642372131300 -0.00498376507312059403
-0.15000000596046447800 -0.00496970489621162415
-0.14000000059604644800 -0.00496005406603217125
-0.12999999523162841800 -0.00496154790744185448
-0.11999999731779098500 -0.00495283585041761398
-0.10999999940395355200 -0.00492940796539187432
-0.10000000149011611900 -0.00492509594187140465
-0.09000000357627868650 -0.00490316096693277359
-0.07999999821186065670 -0.00487296795472502709
-0.07000000029802322390 -0.00487095396965742111
-0.05999999865889549260 -0.00486136414110660553
-0.05000000074505805970 -0.00485470378771424294
-0.03999999910593032840 -0.00485546607524156571
-0.02999999932944774630 -0.00484438519924879074
-0.01999999955296516420 -0.00482919393107295036
-0.00999999977648258210 -0.00481756823137402535
0.00000000000000000000 -0.00480134505778551102
0.00999999977648258210 -0.00478176400065422058
0.01999999955296516420 -0.00476392498239874840
0.02999999932944774630 -0.00474068522453308106
0.03999999910593032840 -0.00472935615107417107
0.05000000074505805970 -0.00473077502101659775
0.05999999865889549260 -0.00471810111775994301
0.07000000029802322390 -0.00470076501369476318
0.07999999821186065670 -0.00470155198127031326
0.09000000357627868650 -0.00467215990647673607
0.10000000149011611900 -0.00464561721310019493
0.10999999940395355200 -0.00463830400258302689
0.11999999731779098500 -0.00460497988387942314
0.12999999523162841800 -0.00457730982452630997
0.14000000059604644800 -0.00457687396556138992
0.15000000596046447800 -0.00455922819674015045
0.15999999642372131300 -0.00453944504261016846
0.17000000178813934300 -0.00453479215502738953
0.18000000715255737300 -0.00451750587671995163
0.18999999761581420900 -0.00448696082457900047
0.20000000298023223900 -0.00446715392172336578
0.20999999344348907500 -0.00443850783631205559
0.21999999880790710400 -0.00438896194100379944
0.23000000417232513400 -0.00436714617535471916
0.23999999463558197000 -0.00434242095798254013
0.25000000000000000000 -0.00431456184014678002
0.25999999046325683600 -0.00430190004408359528
0.27000001072883606000 -0.00426558312028646469
0.28000000119209289500 -0.00423135096207261086
0.28999999165534973100 -0.00419531622901558876
0.30000001192092895500 -0.00414426578208804131
0.31000000238418579100 -0.00410166801884770394
0.31999999284744262700 -0.00405382411554455757
0.33000001311302185100 -0.00399890821427106857
0.34000000357627868600 -0.00394635880365967751
0.34999999403953552200 -0.00390601903200149536
0.36000001430511474600 -0.00384360505267977715
0.37000000476837158200 -0.00377777707763016224
0.37999999523162841800 -0.00371774192899465561
0.38999998569488525400 -0.00363042298704385758
0.40000000596046447700 -0.00352871604263782501
0.40999999642372131300 -0.00344622298143804073
0.41999998688697814900 -0.00333663588389754295
0.43000000715255737300 -0.00321065704338252544
0.43999999761581420900 -0.00310836802236735821
0.44999998807907104500 -0.00297946296632289887
0.46000000834465026800 -0.00284288590773940086
0.46999999880790710400 -0.00270044896751642227
0.47999998927116394000 -0.00255344389006495476
0.49000000953674316400 -0.00237658293917775154
0.50000000000000000000 -0.00220061605796217918
0.50999999046325683600 -0.00201604003086686134
0.51999998092651367200 -0.00181587599217891693
0.52999997138977050800 -0.00161894899792969227
0.54000002145767211900 -0.00140992202796041966
0.55000001192092895500 -0.00119775999337434769
0.56000000238418579100 -0.00097897870000451803
0.56999999284744262700 -0.00074609369039535522
0.57999998331069946300 -0.00051540677668526769
0.58999997377395629900 -0.00028294799267314374
0.60000002384185791000 -0.00004482790973270312
0.61000001430511474600 0.00027626560768112540
0.62000000476837158200 0.00050751841627061367
0.62999999523162841800 0.00074095308082178235
0.63999998569488525400 0.00098093820270150900
0.64999997615814209000 0.00120263698045164347
0.66000002622604370100 0.00143988500349223614
0.67000001668930053700 0.00168080395087599754
0.68000000715255737300 0.00191391597036272287
0.68999999761581420900 0.00215022801421582699
0.69999998807907104500 0.00238802307285368443
0.70999997854232788100 0.00261755404062569141
0.72000002861022949200 0.00285494001582264900
0.73000001907348632800 0.00307520688511431217
0.74000000953674316400 0.00332336290739476681
0.75000000000000000000 0.00356852402910590172
0.75999999046325683600 0.00381630100309848786
0.76999998092651367200 0.00406436901539564133
0.77999997138977050800 0.00430781487375497818
0.79000002145767211900 0.00454941112548112869
0.80000001192092895500 0.00478615611791610718
0.81000000238418579100 0.00505186384543776512
0.81999999284744262700 0.00530350208282470703
0.82999998331069946300 0.00557964900508522988
0.83999997377395629900 0.00586015312001109123
0.85000002384185791000 0.00614605098962783814
0.86000001430511474600 0.00641252379864454270
0.87000000476837158200 0.00668941996991634369
0.87999999523162841800 0.00701024383306503296
0.88999998569488525400 0.00728725409135222435
0.89999997615814209000 0.00758026307448744774
0.91000002622604370100 0.00789770670235157013
0.92000001668930053700 0.00822039041668176651
0.93000000715255737300 0.00856161862611770630
0.93999999761581420900 0.00891595240682363510
0.94999998807907104500 0.00926260743290185929
0.95999997854232788100 0.00961759127676486969
0.97000002861022949200 0.00998018123209476471
0.98000001907348632800 0.01034109015017747880
0.99000000953674316400 0.01055847015231847760
1.00000000000000000000 0.01080180983990430830
