-1.00000000000000000000 -0.00488810706883668900
-0.99000000953674316400 -0.00487277703359723091
-0.98000001907348632800 -0.00487841013818979263
-0.97000002861022949200 -0.00488871103152632713
-0.95999997854232788100 -0.00488333590328693390
-0.94999998807907104500 -0.00489845592528581619
-0.93999999761581420900 -0.00490340217947959900
-0.93000000715255737300 -0.00489419093355536461
-0.92000001668930053700 -0.00489039579406380654
-0.91000002622604370100 -0.00489262398332357407
-0.89999997615814209000 -0.00487844320014119148
-0.88999998569488525400 -0.00487486878409981728
-0.87999999523162841800 -0.00488400598987936974
-0.87000000476837158200 -0.00488684093579649925
-0.86000001430511474600 -0.00490128714591264725
-0.85000002384185791000 -0.00490384222939610481
-0.83999997377395629900 -0.00490556610748171806
-0.82999998331069946300 -0.00490979710593819618
-0.81999999284744262700 -0.00489486102014780045
-0.81000000238418579100 -0.00489347195252776146
-0.80000001192092895500 -0.00489451782777905464
-0.79000002145767211900 -0.00487812003120779991
-0.77999997138977050800 -0.00486687384545803070
-0.76999998092651367200 -0.00488597992807626724
-0.75999999046325683600 -0.00488292612135410309
-0.75000000000000000000 -0.00488387281075119972
-0.74000000953674316400 -0.00489648384973406792
-0.73000001907348632800 -0.00489275716245174408
-0.72000002861022949200 -0.00487501407042145729
-0.70999997854232788100 -0.00488949799910187721
-0.69999998807907104500 -0.00487586297094821930
-0.68999999761581420900 -0.00485946377739310265
-0.68000000715255737300 -0.00487502384930849075
-0.67000001668930053700 -0.00487644178792834282
-0.66000002622604370100 -0.00487923389300704003
-0.64999997615814209000 -0.00489270780235528946
-0.63999998569488525400 -0.00489478092640638352
-0.62999999523162841800 -0.00489035015925765038
-0.62000000476837158200 -0.00488877808675169945
-0.61000001430511474600 -0.00488950777798891068
-0.60000002384185791000 -0.00487606599926948548
-0.58999997377395629900 -0.00487423222512006760
-0.57999998331069946300 -0.00486224889755249024
-0.56999999284744262700 -0.00486700003966689110
-0.56000000238418579100 -0.00487831188365817070
-0.55000001192092895500 -0.00487807998433709145
-0.54000002145767211900 -0.00488094100728631020
-0.52999997138977050800 -0.00488932384178042412
-0.51999998092651367200 -0.00487368414178490639
-0.50999999046325683600 -0.00487573398277163506
-0.50000000000000000000 -0.00487600592896342278
-0.49000000953674316400 -0.00485225487500429154
-0.47999998927116394000 -0.00485731614753603935
-0.46999999880790710400 -0.00486826384440064430
-0.46000000834465026800 -0.00486844684928655625
-0.44999998807907104500 -0.00486917002126574516
-0.43999999761581420900 -0.00488801300525665283
-0.43000000715255737300 -0.00488736899569630623
-0.41999998688697814900 -0.00487655820325016976
-0.40999999642372131300 -0.00488462299108505249
-0.40000000596046447700 -0.00487184990197420120
-0.38999998569488525400 -0.00485526677221059799
-0.37999999523162841800 -0.00486586382612586022
-0.37000000476837158200 -0.00486689293757081032
-0.36000001430511474600 -0.00487727392464876175
-0.34999999403953552200 -0.00488178478553891182
-0.34000000357627868600 -0.00487945508211851120
-0.33000001311302185100 -0.00488654198125004769
-0.31999999284744262700 -0.00487135490402579308
-0.31000000238418579100 -0.00487160589545965195
-0.30000001192092895500 -0.00487048504874110222
-0.28999999165534973100 -0.00485634803771972656
-0.28000000119209289500 -0.00485593592748045921
-0.27000001072883606000 -0.00486837094649672508
-0.25999999046325683600 -0.00487222289666533470
-0.25000000000000000000 -0.00486764684319496155
-0.23999999463558197000 -0.00488197989761829376
-0.23000000417232513400 -0.00487732701003551483
-0.21999999880790710400 -0.00485957786440849304
-0.20999999344348907500 -0.00487077888101339340
-0.20000000298023223900 -0.00486233877018094063
-0.18999999761581420900 -0.00484487507492303848
-0.18000000715255737300 -0.00485476804897189140
-0.17000000178813934300 -0.00485878298059105873
-0.15999999642372131300 -0.00485636014491319657
-0.15000000596046447800 -0.00487144012004137039
-0.14000000059604644800 -0.00487279798835515976
-0.12999999523162841800 -0.00487638683989644051
-0.11999999731779098500 -0.00487983413040637970
-0.10999999940395355200 -0.00487416097894310951
-0.10000000149011611900 -0.00486262887716293335
-0.09000000357627868650 -0.00485812779515981674
-0.07999999821186065670 -0.00485776783898472786
-0.07000000029802322390 -0.00485621578991413117
-0.05999999865889549260 -0.00487302010878920555
-0.05000000074505805970 -0.00486785778775811196
-0.03999999910593032840 -0.00487244920805096626
-0.02999999932944774630 -0.00489288102835416794
-0.01999999955296516420 -0.00487862480804324150
-0.00999999977648258210 -0.00487348577007651329
0.00000000000000000000 -0.00487670907750725746
0.00999999977648258210 -0.00485488912090659142
0.01999999955296516420 -0.00485327187925577164
0.02999999932944774630 -0.00486541213467717171
0.03999999910593032840 -0.00486218417063355446
0.05000000074505805970 -0.00486169615760445595
0.05999999865889549260 -0.00487053580582141876
0.07000000029802322390 -0.00487157981842756272
0.07999999821186065670 -0.00485637504607439041
0.09000000357627868650 -0.00485994387418031693
0.10000000149011611900 -0.00484934309497475624
0.10999999940395355200 -0.00482944212853908539
0.11999999731779098500 -0.00483218301087617874
0.12999999523162841800 -0.00482993479818105698
0.14000000059604644800 -0.00482960510998964310
0.15000000596046447800 -0.00483802100643515587
0.15999999642372131300 -0.00483350409194827080
0.17000000178813934300 -0.00482932478189468384
0.18000000715255737300 -0.00483030080795288086
0.18999999761581420900 -0.00481283292174339295
0.20000000298023223900 -0.00480579817667603493
0.20999999344348907500 -0.00479792105033993721
0.21999999880790710400 -0.00478179892525076866
0.23000000417232513400 -0.00477481493726372719
0.23999999463558197000 -0.00477973185479640961
0.25000000000000000000 -0.00477002887055277825
0.25999999046325683600 -0.00475640920922160149
0.27000001072883606000 -0.00477539794519543648
0.28000000119209289500 -0.00474674580618739128
0.28999999165534973100 -0.00471615605056285858
0.30000001192092895500 -0.00470894714817404747
0.31000000238418579100 -0.00467464607208967209
0.31999999284744262700 -0.00462880684062838555
0.33000001311302185100 -0.00461749779060482979
0.34000000357627868600 -0.00458657415583729744
0.34999999403953552200 -0.00455132313072681427
0.36000001430511474600 -0.00452335877344012261
0.37000000476837158200 -0.00447850394994020462
0.37999999523162841800 -0.00441926205530762673
0.38999998569488525400 -0.00435969792306423187
0.40000000596046447700 -0.00429083686321973801
0.40999999642372131300 -0.00420669699087738991
0.41999998688697814900 -0.00411604903638362885
0.43000000715255737300 -0.00402417220175266266
0.43999999761581420900 -0.00392750604078173638
0.44999998807907104500 -0.00382907898165285587
0.46000000834465026800 -0.00370943592861294747
0.46999999880790710400 -0.00357783888466656208
0.47999998927116394000 -0.00344675895757973194
0.49000000953674316400 -0.00329020502977073193
0.50000000000000000000 -0.00313766510225832462
0.50999999046325683600 -0.00297588808462023735
0.51999998092651367200 -0.00279548508115112782
0.52999997138977050800 -0.00261985999532043934
0.54000002145767211900 -0.00244754203595221043
0.55000001192092895500 -0.00225935108028352261
0.56000000238418579100 -0.00206714589148759842
0.56999999284744262700 -0.00187421904411166906
0.57999998331069946300 -0.00167497305665165186
0.58999997377395629900 -0.00147060502786189318
0.60000002384185791000 -0.00127258698921650648
0.61000001430511474600 -0.00106832303572446108
0.62000000476837158200 -0.00089079549070447683
0.62999999523162841800 -0.00067765277344733477
0.63999998569488525400 -0.00047254431410692632
0.64999997615814209000 -0.00026791679556481540
0.66000002622604370100 -0.00008418170909862965
0.67000001668930053700 0.00010537239722907543
0.68000000715255737300 0.00031106758979149163
0.68999999761581420900 0.00051352742593735456
0.69999998807907104500 0.00071457138983532786
0.70999997854232788100 0.00091410829918459058
0.72000002861022949200 0.00110351201146841049
0.73000001907348632800 0.00131134502589702606
0.74000000953674316400 0.00151751399971544743
0.75000000000000000000 0.00172788300551474094
0.75999999046325683600 0.00194147904403507710
0.76999998092651367200 0.00215858500450849533
0.77999997138977050800 0.00238256901502609253
0.79000002145767211900 0.00261142407543957234
0.80000001192092895500 0.00284423888660967350
0.81000000238418579100 0.00308474502526223660
0.81999999284744262700 0.00333184096962213516
0.82999998331069946300 0.00358170107938349247
0.83999997377395629900 0.00384264392778277397
0.85000002384185791000 0.00411055888980627060
0.86000001430511474600 0.00438738195225596428
0.87000000476837158200 0.00467479089275002480
0.87999999523162841800 0.00496665202081203461
0.88999998569488525400 0.00526759820058941841
0.89999997615814209000 0.00557900499552488327
0.91000002622604370100 0.00589229119941592217
0.92000001668930053700 0.00621639704331755638
0.93000000715255737300 0.00655140914022922516
0.93999999761581420900 0.00688594393432140351
0.94999998807907104500 0.00723483879119157791
0.95999997854232788100 0.00760109722614288330
0.97000002861022949200 0.00796806160360574723
0.98000001907348632800 0.00834429170936346054
0.99000000953674316400 0.00873666070401668549
1.00000000000000000000 0.00913022831082344055
