-1.00000000000000000000 -0.00497286114841699600
-0.99000000953674316400 -0.00496420823037624359
-0.98000001907348632800 -0.00497546512633562088
-0.97000002861022949200 -0.00498304096981883049
-0.95999997854232788100 -0.00498155085369944573
-0.94999998807907104500 -0.00498957186937332153
-0.93999999761581420900 -0.00500280503183603287
-0.93000000715255737300 -0.00498738186433911324
-0.92000001668930053700 -0.00498570781201124191
-0.91000002622604370100 -0.00499950908124446869
-0.89999997615814209000 -0.00498260604217648506
-0.88999998569488525400 -0.00498300977051258087
-0.87999999523162841800 -0.00498764915391802788
-0.87000000476837158200 -0.00499068899080157280
-0.86000001430511474600 -0.00500079477205872536
-0.85000002384185791000 -0.00500827003270387650
-0.83999997377395629900 -0.00500747095793485642
-0.82999998331069946300 -0.00500880414620041847
-0.81999999284744262700 -0.00499759521335363388
-0.81000000238418579100 -0.00499475887045264244
-0.80000001192092895500 -0.00499249389395117760
-0.79000002145767211900 -0.00498287286609411240
-0.77999997138977050800 -0.00498554902151226998
-0.76999998092651367200 -0.00499507691711187363
-0.75999999046325683600 -0.00500023784115910530
-0.75000000000000000000 -0.00499930791556835175
-0.74000000953674316400 -0.00501759396865963936
-0.73000001907348632800 -0.00500595197081565857
-0.72000002861022949200 -0.00498957978561520577
-0.70999997854232788100 -0.00500016100704669953
-0.69999998807907104500 -0.00498739304021000862
-0.68999999761581420900 -0.00497238198295235634
-0.68000000715255737300 -0.00498769292607903481
-0.67000001668930053700 -0.00499013997614383698
-0.66000002622604370100 -0.00498647615313529968
-0.64999997615814209000 -0.00500096287578344345
-0.63999998569488525400 -0.00500379409641027451
-0.62999999523162841800 -0.00499544292688369751
-0.62000000476837158200 -0.00499344198033213616
-0.61000001430511474600 -0.00499340519309043884
-0.60000002384185791000 -0.00497740879654884339
-0.58999997377395629900 -0.00497253006324172020
-0.57999998331069946300 -0.00497624510899186134
-0.56999999284744262700 -0.00497622601687908173
-0.56000000238418579100 -0.00499246688559651375
-0.55000001192092895500 -0.00499195512384176254
-0.54000002145767211900 -0.00499638915061950684
-0.52999997138977050800 -0.00500072119757533074
-0.51999998092651367200 -0.00498322676867246628
-0.50999999046325683600 -0.00498257111757993698
-0.50000000000000000000 -0.00498574692755937576
-0.49000000953674316400 -0.00496762199327349663
-0.47999998927116394000 -0.00496596610173583031
-0.46999999880790710400 -0.00498467776924371720
-0.46000000834465026800 -0.00498425913974642754
-0.44999998807907104500 -0.00498210918158292771
-0.43999999761581420900 -0.00499855494126677513
-0.43000000715255737300 -0.00499375816434621811
-0.41999998688697814900 -0.00497333984822034836
-0.40999999642372131300 -0.00498847290873527527
-0.40000000596046447700 -0.00497753405943512917
-0.38999998569488525400 -0.00495661189779639244
-0.37999999523162841800 -0.00497277313843369484
-0.37000000476837158200 -0.00497454684227705002
-0.36000001430511474600 -0.00497571798041462898
-0.34999999403953552200 -0.00499030482023954392
-0.34000000357627868600 -0.00499713188037276268
-0.33000001311302185100 -0.00498679187148809433
-0.31999999284744262700 -0.00499010179191827774
-0.31000000238418579100 -0.00496797496452927590
-0.30000001192092895500 -0.00495496112853288651
-0.28999999165534973100 -0.00494965491816401482
-0.28000000119209289500 -0.00494448700919747353
-0.27000001072883606000 -0.00494723906740546227
-0.25999999046325683600 -0.00496249180287122727
-0.25000000000000000000 -0.00495989387854933739
-0.23999999463558197000 -0.00496120192110538483
-0.23000000417232513400 -0.00497350515797734261
-0.21999999880790710400 -0.00495707895606756210
-0.20999999344348907500 -0.00495406007394194603
-0.20000000298023223900 -0.00495781004428863526
-0.18999999761581420900 -0.00492990622296929360
-0.18000000715255737300 -0.00493368785828351975
-0.17000000178813934300 -0.00494826491922140122
-0.15999999642372131300 -0.00495700817555189133
-0.15000000596046447800 -0.00495560606941580773
-0.14000000059604644800 -0.00497028278186917305
-0.12999999523162841800 -0.00496830511838197708
-0.11999999731779098500 -0.00495346821844577789
-0.10999999940395355200 -0.00496341800317168236
-0.10000000149011611900 -0.00495084980502724648
-0.09000000357627868650 -0.00492691388353705406
-0.07999999821186065670 -0.00494424114003777504
-0.07000000029802322390 -0.00494250189512968064
-0.05999999865889549260 -0.00494079012423753739
-0.05000000074505805970 -0.00495724100619554520
-0.03999999910593032840 -0.00494991801679134369
-0.02999999932944774630 -0.00495085585862398148
-0.01999999955296516420 -0.00495085911825299263
-0.00999999977648258210 -0.00494323810562491417
0.00000000000000000000 -0.00493095582351088524
0.00999999977648258210 -0.00492826383560895920
0.01999999955296516420 -0.00491920299828052521
0.02999999932944774630 -0.00492138788104057312
0.03999999910593032840 -0.00493150576949119568
0.05000000074505805970 -0.00493257911875844002
0.05999999865889549260 -0.00492914579808712006
0.07000000029802322390 -0.00494304113090038300
0.07999999821186065670 -0.00493270484730601311
0.09000000357627868650 -0.00491637177765369415
0.10000000149011611900 -0.00492492411285638809
0.10999999940395355200 -0.00490448577329516411
0.11999999731779098500 -0.00488810986280441284
0.12999999523162841800 -0.00490515911951661110
0.14000000059604644800 -0.00490020681172609329
0.15000000596046447800 -0.00489713996648788452
0.15999999642372131300 -0.00490808207541704178
0.17000000178813934300 -0.00490794703364372254
0.18000000715255737300 -0.00489237299188971520
0.18999999761581420900 -0.00489083211869001389
0.20000000298023223900 -0.00488407304510474205
0.20999999344348907500 -0.00486141489818692208
0.21999999880790710400 -0.00485680298879742623
0.23000000417232513400 -0.00484730117022991181
0.23999999463558197000 -0.00484374584630131722
0.25000000000000000000 -0.00484462780877947807
0.25999999046325683600 -0.00483687408268451691
0.27000001072883606000 -0.00482524884864687920
0.28000000119209289500 -0.00481431512162089348
0.28999999165534973100 -0.00479040294885635376
0.30000001192092895500 -0.00477368617430329323
0.31000000238418579100 -0.00475264992564916611
0.31999999284744262700 -0.00470911106094717980
0.33000001311302185100 -0.00468572182580828667
0.34000000357627868600 -0.00466534309089183808
0.34999999403953552200 -0.00462699122726917267
0.36000001430511474600 -0.00458274316042661667
0.37000000476837158200 -0.00455131009221076965
0.37999999523162841800 -0.00448646722361445427
0.38999998569488525400 -0.00441032089293003082
0.40000000596046447700 -0.00435129087418317795
0.40999999642372131300 -0.00426213210448622704
0.41999998688697814900 -0.00416535185649991036
0.43000000715255737300 -0.00408229511231184006
0.43999999761581420900 -0.00397920608520507813
0.44999998807907104500 -0.00386447389610111714
0.46000000834465026800 -0.00375520996749401093
0.46999999880790710400 -0.00362427695654332638
0.47999998927116394000 -0.00347808399237692356
0.49000000953674316400 -0.00332897691987454891
0.50000000000000000000 -0.00316963810473680496
0.50999999046325683600 -0.00299736694432795048
0.51999998092651367200 -0.00282237399369478226
0.52999997138977050800 -0.00264483294449746609
0.54000002145767211900 -0.00246000802144408226
0.55000001192092895500 -0.00227574491873383522
0.56000000238418579100 -0.00207740301266312599
0.56999999284744262700 -0.00187976204324513674
0.57999998331069946300 -0.00167795200832188129
0.58999997377395629900 -0.00146655098069459200
0.60000002384185791000 -0.00125956803094595671
0.61000001430511474600 -0.00105029996484518051
0.62000000476837158200 -0.00085925281746312976
0.62999999523162841800 -0.00063678051810711622
0.63999998569488525400 -0.00042332831071689725
0.64999997615814209000 -0.00020664870680775493
0.66000002622604370100 -0.00002148774001398124
0.67000001668930053700 0.00018958900182042271
0.68000000715255737300 0.00041052189772017300
0.68999999761581420900 0.00062666018493473530
0.69999998807907104500 0.00084253720706328750
0.70999997854232788100 0.00104776397347450256
0.72000002861022949200 0.00126930302940309048
0.73000001907348632800 0.00148976803757250309
0.74000000953674316400 0.00171091197989881039
0.75000000000000000000 0.00193581602070480585
0.75999999046325683600 0.00216316198930144310
0.76999998092651367200 0.00239366898313164711
0.77999997138977050800 0.00263108010403811932
0.79000002145767211900 0.00287061091512441635
0.80000001192092895500 0.00311347190290689468
0.81000000238418579100 0.00336676510050892830
0.81999999284744262700 0.00362180895172059536
0.82999998331069946300 0.00388155994005501270
0.83999997377395629900 0.00415362417697906494
0.85000002384185791000 0.00443000998347997666
0.86000001430511474600 0.00471223378553986550
0.87000000476837158200 0.00500671891495585442
0.87999999523162841800 0.00530414702370762825
0.88999998569488525400 0.00560559006407856941
0.89999997615814209000 0.00591733818873763085
0.91000002622604370100 0.00623632688075304032
0.92000001668930053700 0.00655771698802709580
0.93000000715255737300 0.00689202081412076950
0.93999999761581420900 0.00723353493958711624
0.94999998807907104500 0.00758232502266764641
0.95999997854232788100 0.00794428121298551560
0.97000002861022949200 0.00830875895917415619
0.98000001907348632800 0.00868250522762537003
0.99000000953674316400 0.00906565599143505097
1.00000000000000000000 0.00944598577916622162
