-1.00000000000000000000 -0.00479800719767808914
-0.99000000953674316400 -0.00481281615793704987
-0.98000001907348632800 -0.00481333211064338684
-0.97000002861022949200 -0.00481195189058780670
-0.95999997854232788100 -0.00482745422050356865
-0.94999998807907104500 -0.00482375919818878174
-0.93999999761581420900 -0.00480763800442218781
-0.93000000715255737300 -0.00482125813141465187
-0.92000001668930053700 -0.00480836210772395134
-0.91000002622604370100 -0.00478980783373117447
-0.89999997615814209000 -0.00480731809511780739
-0.88999998569488525400 -0.00480843801051378250
-0.87999999523162841800 -0.00480473088100552559
-0.87000000476837158200 -0.00482171215116977692
-0.86000001430511474600 -0.00482481019571423531
-0.85000002384185791000 -0.00481711002066731453
-0.83999997377395629900 -0.00480592483654618263
-0.82999998331069946300 -0.00480710295960307121
-0.81999999284744262700 -0.00479146093130111694
-0.81000000238418579100 -0.00478998012840747833
-0.80000001192092895500 -0.00479356478899717331
-0.79000002145767211900 -0.00479274801909923554
-0.77999997138977050800 -0.00480922590941190720
-0.76999998092651367200 -0.00480707501992583275
-0.75999999046325683600 -0.00481316586956381798
-0.75000000000000000000 -0.00481697916984558106
-0.74000000953674316400 -0.00481231883168220520
-0.73000001907348632800 -0.00481038400903344154
-0.72000002861022949200 -0.00480788480490446091
-0.70999997854232788100 -0.00479793222621083260
-0.69999998807907104500 -0.00479953596368432045
-0.68999999761581420900 -0.00482516176998615265
-0.68000000715255737300 -0.00482278922572731972
-0.67000001668930053700 -0.00482489401474595070
-0.66000002622604370100 -0.00483968807384371758
-0.64999997615814209000 -0.00482952222228050232
-0.63999998569488525400 -0.00481795798987150192
-0.62999999523162841800 -0.00482411915436387062
-0.62000000476837158200 -0.00480268895626068115
-0.61000001430511474600 -0.00480285193771123886
-0.60000002384185791000 -0.00481651909649372101
-0.58999997377395629900 -0.00481734983623027802
-0.57999998331069946300 -0.00481623504310846329
-0.56999999284744262700 -0.00482658017426729202
-0.56000000238418579100 -0.00483167218044400215
-0.55000001192092895500 -0.00481837894767522812
-0.54000002145767211900 -0.00482612382620573044
-0.52999997138977050800 -0.00481584016233682633
-0.51999998092651367200 -0.00479297479614615441
-0.50999999046325683600 -0.00480259582400321961
-0.50000000000000000000 -0.00480782799422740936
-0.49000000953674316400 -0.00480975909158587456
-0.47999998927116394000 -0.00482067419216036797
-0.46999999880790710400 -0.00482227699831128121
-0.46000000834465026800 -0.00482151098549365997
-0.44999998807907104500 -0.00481916079297661781
-0.43999999761581420900 -0.00482598599046468735
-0.43000000715255737300 -0.00481416983529925347
-0.41999998688697814900 -0.00480701588094234467
-0.40999999642372131300 -0.00480599887669086456
-0.40000000596046447700 -0.00481168506667017937
-0.38999998569488525400 -0.00483147799968719483
-0.37999999523162841800 -0.00483459699898958206
-0.37000000476837158200 -0.00483777606859803200
-0.36000001430511474600 -0.00484391581267118454
-0.34999999403953552200 -0.00482583604753017426
-0.34000000357627868600 -0.00482758693397045136
-0.33000001311302185100 -0.00482572196051478386
-0.31999999284744262700 -0.00480672903358936310
-0.31000000238418579100 -0.00481436681002378464
-0.30000001192092895500 -0.00482552219182252884
-0.28999999165534973100 -0.00482950406149029732
-0.28000000119209289500 -0.00482816016301512718
-0.27000001072883606000 -0.00484620779752731323
-0.25999999046325683600 -0.00483281118795275688
-0.25000000000000000000 -0.00482065696269273758
-0.23999999463558197000 -0.00483256019651889801
-0.23000000417232513400 -0.00481780292466282845
-0.21999999880790710400 -0.00480468897148966789
-0.20999999344348907500 -0.00481722690165042877
-0.20000000298023223900 -0.00482182018458843231
-0.18999999761581420900 -0.00482219411060214043
-0.18000000715255737300 -0.00483509013429284096
-0.17000000178813934300 -0.00484089320525527001
-0.15999999642372131300 -0.00482753617689013481
-0.15000000596046447800 -0.00482517713680863381
-0.14000000059604644800 -0.00481887999922037125
-0.12999999523162841800 -0.00480298418551683426
-0.11999999731779098500 -0.00480515602976083756
-0.10999999940395355200 -0.00480440817773342133
-0.10000000149011611900 -0.00480704288929700852
-0.09000000357627868650 -0.00482719112187623978
-0.07999999821186065670 -0.00482556596398353577
-0.07000000029802322390 -0.00483057321980595589
-0.05999999865889549260 -0.00482650380581617356
-0.05000000074505805970 -0.00481958314776420593
-0.03999999910593032840 -0.00481220614165067673
-0.02999999932944774630 -0.00479685189202427864
-0.01999999955296516420 -0.00479426002129912377
-0.00999999977648258210 -0.00479697203263640404
0.00000000000000000000 -0.00480948016047477722
0.00999999977648258210 -0.00481457402929663658
0.01999999955296516420 -0.00481607718393206597
0.02999999932944774630 -0.00482614710927009583
0.03999999910593032840 -0.00481460010632872582
0.05000000074505805970 -0.00480640400201082230
0.05999999865889549260 -0.00480584800243377686
0.07000000029802322390 -0.00478279404342174530
0.07999999821186065670 -0.00478238007053732872
0.09000000357627868650 -0.00479140598326921463
0.10000000149011611900 -0.00478845089673995972
0.10999999940395355200 -0.00479018921032547951
0.11999999731779098500 -0.00479536689817905426
0.12999999523162841800 -0.00479480996727943421
0.14000000059604644800 -0.00477834092453122139
0.15000000596046447800 -0.00478207878768444061
0.15999999642372131300 -0.00476748496294021607
0.17000000178813934300 -0.00473947683349251747
0.18000000715255737300 -0.00474776979535818100
0.18999999761581420900 -0.00474111596122384072
0.20000000298023223900 -0.00474213995039463043
0.20999999344348907500 -0.00474590109661221504
0.21999999880790710400 -0.00473907683044672012
0.23000000417232513400 -0.00472911819815635681
0.23999999463558197000 -0.00471641682088375092
0.25000000000000000000 -0.00470215687528252602
0.25999999046325683600 -0.00468249805271625519
0.27000001072883606000 -0.00465950416401028633
0.28000000119209289500 -0.00464460905641317368
0.28999999165534973100 -0.00463813403621315956
0.30000001192092895500 -0.00462231505662202835
0.31000000238418579100 -0.00459843780845403671
0.31999999284744262700 -0.00458354502916336060
0.33000001311302185100 -0.00454780599102377892
0.34000000357627868600 -0.00449616182595491409
0.34999999403953552200 -0.00446298206225037575
0.36000001430511474600 -0.00440831016749143601
0.37000000476837158200 -0.00434342119842767716
0.37999999523162841800 -0.00429053092375397682
0.38999998569488525400 -0.00422921776771545410
0.40000000596046447700 -0.00415326701477169991
0.40999999642372131300 -0.00407771719619631767
0.41999998688697814900 -0.00399144506081938744
0.43000000715255737300 -0.00388157903216779232
0.43999999761581420900 -0.00377435307018458843
0.44999998807907104500 -0.00365571398288011551
0.46000000834465026800 -0.00351463491097092629
0.46999999880790710400 -0.00338836293667554855
0.47999998927116394000 -0.00324751809239387512
0.49000000953674316400 -0.00309942103922367096
0.50000000000000000000 -0.00294751906767487526
0.50999999046325683600 -0.00278825405985116959
0.51999998092651367200 -0.00261810189113020897
0.52999997138977050800 -0.00244266493245959282
0.54000002145767211900 -0.00226130196824669838
0.55000001192092895500 -0.00207258597947657108
0.56000000238418579100 -0.00188229500781744719
0.56999999284744262700 -0.00169143197126686573
0.57999998331069946300 -0.00149999395944178104
0.58999997377395629900 -0.00130858202464878559
0.60000002384185791000 -0.00111437297891825438
0.61000001430511474600 -0.00093209027545526624
0.62000000476837158200 -0.00073028460610657930
0.62999999523162841800 -0.00053363241022452712
0.63999998569488525400 -0.00033628460369072855
0.64999997615814209000 -0.00014389760326594114
0.66000002622604370100 0.00004271130092092790
0.67000001668930053700 0.00022854030248709023
0.68000000715255737300 0.00042578249122016132
0.68999999761581420900 0.00062125379918143153
0.69999998807907104500 0.00081682798918336630
0.70999997854232788100 0.00101050897501409054
0.72000002861022949200 0.00119772297330200672
0.73000001907348632800 0.00139769294764846563
0.74000000953674316400 0.00159691297449171543
0.75000000000000000000 0.00179897004272788763
0.75999999046325683600 0.00200280593708157539
0.76999998092651367200 0.00220865290611982346
0.77999997138977050800 0.00241997698321938515
0.79000002145767211900 0.00263530691154301167
0.80000001192092895500 0.00285517005249857903
0.81000000238418579100 0.00308052799664437771
0.81999999284744262700 0.00331098795868456364
0.82999998331069946300 0.00354602211154997349
0.83999997377395629900 0.00378463696688413620
0.85000002384185791000 0.00403032917529344559
0.86000001430511474600 0.00428157020360231400
0.87000000476837158200 0.00453522382304072380
0.87999999523162841800 0.00479806121438741684
0.88999998569488525400 0.00506956689059734345
0.89999997615814209000 0.00534534687176346779
0.91000002622604370100 0.00562739605084061623
0.92000001668930053700 0.00592002505436539650
0.93000000715255737300 0.00621148012578487396
0.93999999761581420900 0.00650758994743227959
0.94999998807907104500 0.00681652082130312920
0.95999997854232788100 0.00712438486516475678
0.97000002861022949200 0.00743896886706352234
0.98000001907348632800 0.00776973599568009377
0.99000000953674316400 0.00810253620147705078
1.00000000000000000000 0.00844037346541881562
