-1.00000000000000000000 -0.00465430598706007004
-0.99000000953674316400 -0.00465602986514568329
-0.98000001907348632800 -0.00466859620064496994
-0.97000002861022949200 -0.00466798990964889527
-0.95999997854232788100 -0.00466729700565338135
-0.94999998807907104500 -0.00466756196692585945
-0.93999999761581420900 -0.00465608621016144753
-0.93000000715255737300 -0.00464763399213552475
-0.92000001668930053700 -0.00463634496554732323
-0.91000002622604370100 -0.00464043207466602326
-0.89999997615814209000 -0.00464659603312611580
-0.88999998569488525400 -0.00465770298615098000
-0.87999999523162841800 -0.00466074980795383454
-0.87000000476837158200 -0.00466203596442937851
-0.86000001430511474600 -0.00467031821608543396
-0.85000002384185791000 -0.00465720798820257187
-0.83999997377395629900 -0.00465779006481170654
-0.82999998331069946300 -0.00465796515345573425
-0.81999999284744262700 -0.00464081391692161560
-0.81000000238418579100 -0.00464404793456196785
-0.80000001192092895500 -0.00465518701821565628
-0.79000002145767211900 -0.00466556707397103310
-0.77999997138977050800 -0.00466987397521734238
-0.76999998092651367200 -0.00468097720295190811
-0.75999999046325683600 -0.00467117922380566597
-0.75000000000000000000 -0.00466102082282304764
-0.74000000953674316400 -0.00466846814379096031
-0.73000001907348632800 -0.00465137278661131859
-0.72000002861022949200 -0.00464954879134893418
-0.70999997854232788100 -0.00465435301885008812
-0.69999998807907104500 -0.00465768715366721153
-0.68999999761581420900 -0.00466179614886641503
-0.68000000715255737300 -0.00466813612729310990
-0.67000001668930053700 -0.00466838106513023377
-0.66000002622604370100 -0.00466576777398586273
-0.64999997615814209000 -0.00466195680201053620
-0.63999998569488525400 -0.00465888995677232742
-0.62999999523162841800 -0.00465674977749586106
-0.62000000476837158200 -0.00465159397572278977
-0.61000001430511474600 -0.00465538399294018746
-0.60000002384185791000 -0.00466603785753250122
-0.58999997377395629900 -0.00466907722875475884
-0.57999998331069946300 -0.00466744182631373406
-0.56999999284744262700 -0.00468027684837579727
-0.56000000238418579100 -0.00466852309182286263
-0.55000001192092895500 -0.00466622505336999893
-0.54000002145767211900 -0.00466628093272447586
-0.52999997138977050800 -0.00464577786624431610
-0.51999998092651367200 -0.00464824307709932327
-0.50999999046325683600 -0.00466033723205327988
-0.50000000000000000000 -0.00466361222788691521
-0.49000000953674316400 -0.00466073304414749146
-0.47999998927116394000 -0.00467930408194661141
-0.46999999880790710400 -0.00467048119753599167
-0.46000000834465026800 -0.00465141283348202706
-0.44999998807907104500 -0.00466391677036881447
-0.43999999761581420900 -0.00465018302202224732
-0.43000000715255737300 -0.00463970890268683434
-0.41999998688697814900 -0.00465045822784304619
-0.40999999642372131300 -0.00465474417433142662
-0.40000000596046447700 -0.00465390691533684731
-0.38999998569488525400 -0.00466714520007371903
-0.37999999523162841800 -0.00467132776975631714
-0.37000000476837158200 -0.00466013699769973755
-0.36000001430511474600 -0.00466004898771643639
-0.34999999403953552200 -0.00465883594006299973
-0.34000000357627868600 -0.00464073102921247482
-0.33000001311302185100 -0.00464711105450987816
-0.31999999284744262700 -0.00464862585067749024
-0.31000000238418579100 -0.00464937789365649223
-0.30000001192092895500 -0.00466073304414749146
-0.28999999165534973100 -0.00465891696512699127
-0.28000000119209289500 -0.00466322014108300209
-0.27000001072883606000 -0.00466440897434949875
-0.25999999046325683600 -0.00465470599010586739
-0.25000000000000000000 -0.00464206608012318611
-0.23999999463558197000 -0.00462799100205302239
-0.23000000417232513400 -0.00462944805622100830
-0.21999999880790710400 -0.00462932698428630829
-0.20999999344348907500 -0.00464132521301507950
-0.20000000298023223900 -0.00464047817513346672
-0.18999999761581420900 -0.00463397195562720299
-0.18000000715255737300 -0.00464048795402050018
-0.17000000178813934300 -0.00462927622720599175
-0.15999999642372131300 -0.00462452415376901627
-0.15000000596046447800 -0.00462306989356875420
-0.14000000059604644800 -0.00460173003375530243
-0.12999999523162841800 -0.00460276100784540177
-0.11999999731779098500 -0.00461461907252669335
-0.10999999940395355200 -0.00461249798536300659
-0.10000000149011611900 -0.00461575295776128769
-0.09000000357627868650 -0.00462376698851585388
-0.07999999821186065670 -0.00462307408452033997
-0.07000000029802322390 -0.00461210077628493309
-0.05999999865889549260 -0.00462023308500647545
-0.05000000074505805970 -0.00460762716829776764
-0.03999999910593032840 -0.00458269286900758743
-0.02999999932944774630 -0.00458469381555914879
-0.01999999955296516420 -0.00458532199263572693
-0.00999999977648258210 -0.00459104310721158981
0.00000000000000000000 -0.00459463102743029595
0.00999999977648258210 -0.00459644710645079613
0.01999999955296516420 -0.00459328200668096542
0.02999999932944774630 -0.00459114694967865944
0.03999999910593032840 -0.00458643678575754166
0.05000000074505805970 -0.00457354309037327767
0.05999999865889549260 -0.00456701498478651047
0.07000000029802322390 -0.00456173205748200417
0.07999999821186065670 -0.00456407712772488594
0.09000000357627868650 -0.00457041896879673004
0.10000000149011611900 -0.00457088788971304894
0.10999999940395355200 -0.00457111792638897896
0.11999999731779098500 -0.00458371080458164215
0.12999999523162841800 -0.00456675514578819275
0.14000000059604644800 -0.00456238677725195885
0.15000000596046447800 -0.00455638114362955094
0.15999999642372131300 -0.00452903704717755318
0.17000000178813934300 -0.00452573876827955246
0.18000000715255737300 -0.00453115720301866532
0.18999999761581420900 -0.00452402513474225998
0.20000000298023223900 -0.00452587520703673363
0.20999999344348907500 -0.00452765682712197304
0.21999999880790710400 -0.00451107602566480637
0.23000000417232513400 -0.00448967283591628075
0.23999999463558197000 -0.00448426185175776482
0.25000000000000000000 -0.00446167681366205216
0.25999999046325683600 -0.00442533707246184349
0.27000001072883606000 -0.00441899523138999939
0.28000000119209289500 -0.00439840508624911308
0.28999999165534973100 -0.00437462516129016876
0.30000001192092895500 -0.00435619195923209190
0.31000000238418579100 -0.00432789884507656098
0.31999999284744262700 -0.00428754696622490883
0.33000001311302185100 -0.00424106093123555184
0.34000000357627868600 -0.00419803708791732788
0.34999999403953552200 -0.00414177915081381798
0.36000001430511474600 -0.00408462202176451683
0.37000000476837158200 -0.00402603112161159516
0.37999999523162841800 -0.00396669283509254456
0.38999998569488525400 -0.00390120199881494045
0.40000000596046447700 -0.00382468290627002716
0.40999999642372131300 -0.00374708091840147972
0.41999998688697814900 -0.00365294399671256542
0.43000000715255737300 -0.00354639091528952122
0.43999999761581420900 -0.00344396708533167839
0.44999998807907104500 -0.00332333799451589584
0.46000000834465026800 -0.00319727300666272640
0.46999999880790710400 -0.00307827303186058998
0.47999998927116394000 -0.00295074703171849251
0.49000000953674316400 -0.00281110894866287708
0.50000000000000000000 -0.00267063104547560215
0.50999999046325683600 -0.00252193002961575985
0.51999998092651367200 -0.00235990411601960659
0.52999997138977050800 -0.00220075692050158978
0.54000002145767211900 -0.00203528697602450848
0.55000001192092895500 -0.00185878702905029059
0.56000000238418579100 -0.00169351999647915363
0.56999999284744262700 -0.00152428599540144205
0.57999998331069946300 -0.00134833296760916710
0.58999997377395629900 -0.00117494200821965933
0.60000002384185791000 -0.00101400294806808233
0.61000001430511474600 -0.00082494231173768640
0.62000000476837158200 -0.00064536952413618565
0.62999999523162841800 -0.00046569219557568431
0.63999998569488525400 -0.00028651670436374843
0.64999997615814209000 -0.00010530209692660719
0.66000002622604370100 0.00006763431883882731
0.67000001668930053700 0.00023997909738682210
0.68000000715255737300 0.00042544180178083479
0.68999999761581420900 0.00061197567265480757
0.69999998807907104500 0.00079915660899132490
0.70999997854232788100 0.00098732253536581993
0.72000002861022949200 0.00117187795694917440
0.73000001907348632800 0.00137009401805698872
0.74000000953674316400 0.00156900903675705195
0.75000000000000000000 0.00177424005232751370
0.75999999046325683600 0.00198278110474348068
0.76999998092651367200 0.00219627399928867817
0.77999997138977050800 0.00241875601932406426
0.79000002145767211900 0.00264686206355690956
0.80000001192092895500 0.00288150296546518803
0.81000000238418579100 0.00312614510767161846
0.81999999284744262700 0.00337674398906528950
0.82999998331069946300 0.00363155594095587731
0.83999997377395629900 0.00389888207428157330
0.85000002384185791000 0.00417006900534033775
0.86000001430511474600 0.00444532418623566628
0.87000000476837158200 0.00473644491285085678
0.87999999523162841800 0.00503751914948225022
0.88999998569488525400 0.00534506095573306084
0.89999997615814209000 0.00566505221650004387
0.91000002622604370100 0.00598845211789011955
0.92000001668930053700 0.00632474897429347038
0.93000000715255737300 0.00666157901287078858
0.93999999761581420900 0.00701152300462126732
0.94999998807907104500 0.00736629683524370194
0.95999997854232788100 0.00772230699658393860
0.97000002861022949200 0.00809864513576030731
0.98000001907348632800 0.00848553515970706940
0.99000000953674316400 0.00887748505920171738
1.00000000000000000000 0.00927541032433509827
