-1.00000000000000000000 -0.00472659291699528694
-0.99000000953674316400 -0.00470922095701098442
-0.98000001907348632800 -0.00470494804903864861
-0.97000002861022949200 -0.00471660308539867401
-0.95999997854232788100 -0.00471953721717000008
-0.94999998807907104500 -0.00471674604341387749
-0.93999999761581420900 -0.00472981622442603111
-0.93000000715255737300 -0.00472992518916726113
-0.92000001668930053700 -0.00471825618296861649
-0.91000002622604370100 -0.00472729094326496124
-0.89999997615814209000 -0.00471982499584555626
-0.88999998569488525400 -0.00469689490273594856
-0.87999999523162841800 -0.00471140490844845772
-0.87000000476837158200 -0.00471078511327505112
-0.86000001430511474600 -0.00471263984218239784
-0.85000002384185791000 -0.00472586601972579956
-0.83999997377395629900 -0.00472293095663189888
-0.82999998331069946300 -0.00472513213753700256
-0.81999999284744262700 -0.00472541619092226029
-0.81000000238418579100 -0.00471861008554697037
-0.80000001192092895500 -0.00470169307664036751
-0.79000002145767211900 -0.00469099683687090874
-0.77999997138977050800 -0.00469193002209067345
-0.76999998092651367200 -0.00469117099419236183
-0.75999999046325683600 -0.00470620300620794296
-0.75000000000000000000 -0.00470525491982698441
-0.74000000953674316400 -0.00470644515007734299
-0.73000001907348632800 -0.00471907481551170349
-0.72000002861022949200 -0.00470734015107154846
-0.70999997854232788100 -0.00470415409654378891
-0.69999998807907104500 -0.00470738392323255539
-0.68999999761581420900 -0.00468368502333760262
-0.68000000715255737300 -0.00468737585470080376
-0.67000001668930053700 -0.00470358598977327347
-0.66000002622604370100 -0.00470150820910930634
-0.64999997615814209000 -0.00470545003190636635
-0.63999998569488525400 -0.00471781706437468529
-0.62999999523162841800 -0.00471416581422090531
-0.62000000476837158200 -0.00470317108556628227
-0.61000001430511474600 -0.00471360608935356140
-0.60000002384185791000 -0.00470234313979744911
-0.58999997377395629900 -0.00468396488577127457
-0.57999998331069946300 -0.00468701403588056564
-0.56999999284744262700 -0.00468819215893745422
-0.56000000238418579100 -0.00468928785994648934
-0.55000001192092895500 -0.00470392312854528427
-0.54000002145767211900 -0.00470504397526383400
-0.52999997138977050800 -0.00470020202919840813
-0.51999998092651367200 -0.00469784997403621674
-0.50999999046325683600 -0.00469303410500288010
-0.50000000000000000000 -0.00469212699681520462
-0.49000000953674316400 -0.00468590296804904938
-0.47999998927116394000 -0.00469007715582847595
-0.46999999880790710400 -0.00469190999865531922
-0.46000000834465026800 -0.00470139412209391594
-0.44999998807907104500 -0.00470195291563868523
-0.43999999761581420900 -0.00470627285540103912
-0.43000000715255737300 -0.00472129182890057564
-0.41999998688697814900 -0.00470534199848771095
-0.40999999642372131300 -0.00470766518265008927
-0.40000000596046447700 -0.00470321998000144959
-0.38999998569488525400 -0.00469032721593976021
-0.37999999523162841800 -0.00469466904178261757
-0.37000000476837158200 -0.00470524700358510018
-0.36000001430511474600 -0.00470732292160391808
-0.34999999403953552200 -0.00471475301310420036
-0.34000000357627868600 -0.00473323184996843338
-0.33000001311302185100 -0.00471940310671925545
-0.31999999284744262700 -0.00470975087955594063
-0.31000000238418579100 -0.00471793906763195992
-0.30000001192092895500 -0.00470263184979557991
-0.28999999165534973100 -0.00469244411215186119
-0.28000000119209289500 -0.00471373880282044411
-0.27000001072883606000 -0.00471525220200419426
-0.25999999046325683600 -0.00472014676779508591
-0.25000000000000000000 -0.00472848303616046906
-0.23999999463558197000 -0.00473135896027088165
-0.23000000417232513400 -0.00472635310143232346
-0.21999999880790710400 -0.00472080288454890251
-0.20999999344348907500 -0.00471792696043848992
-0.20000000298023223900 -0.00471365684643387795
-0.18999999761581420900 -0.00471753021702170372
-0.18000000715255737300 -0.00471830600872635842
-0.17000000178813934300 -0.00472517684102058411
-0.15999999642372131300 -0.00473745213821530342
-0.15000000596046447800 -0.00473292684182524681
-0.14000000059604644800 -0.00474340980872511864
-0.12999999523162841800 -0.00473985914140939713
-0.11999999731779098500 -0.00472731282934546471
-0.10999999940395355200 -0.00473038200289011002
-0.10000000149011611900 -0.00471838004887104035
-0.09000000357627868650 -0.00470853177830576897
-0.07999999821186065670 -0.00471893278881907463
-0.07000000029802322390 -0.00472665997222065926
-0.05999999865889549260 -0.00472116703167557717
-0.05000000074505805970 -0.00472897803410887718
-0.03999999910593032840 -0.00473661813884973526
-0.02999999932944774630 -0.00472581479698419571
-0.01999999955296516420 -0.00471834000200033188
-0.00999999977648258210 -0.00472010299563407898
0.00000000000000000000 -0.00469983089715242386
0.00999999977648258210 -0.00469269277527928352
0.01999999955296516420 -0.00469584576785564423
0.02999999932944774630 -0.00469462107867002487
0.03999999910593032840 -0.00469957990571856499
0.05000000074505805970 -0.00470224302262067795
0.05999999865889549260 -0.00470770010724663735
0.07000000029802322390 -0.00470248097553849220
0.07999999821186065670 -0.00469099404290318489
0.09000000357627868650 -0.00468499213457107544
0.10000000149011611900 -0.00466340919956564903
0.10999999940395355200 -0.00466034421697258949
0.11999999731779098500 -0.00465359492227435112
0.12999999523162841800 -0.00466111395508050919
0.14000000059604644800 -0.00466153491288423538
0.15000000596046447800 -0.00465895002707839012
0.15999999642372131300 -0.00466595217585563660
0.17000000178813934300 -0.00465711485594511032
0.18000000715255737300 -0.00464328099042177200
0.18999999761581420900 -0.00464384909719228745
0.20000000298023223900 -0.00462205009534955025
0.20999999344348907500 -0.00460552377626299858
0.21999999880790710400 -0.00461920909583568573
0.23000000417232513400 -0.00460912007838487625
0.23999999463558197000 -0.00460215890780091286
0.25000000000000000000 -0.00460301386192440987
0.25999999046325683600 -0.00459623895585536957
0.27000001072883606000 -0.00456855213269591332
0.28000000119209289500 -0.00456260610371828079
0.28999999165534973100 -0.00453959219157695770
0.30000001192092895500 -0.00450168503448367119
0.31000000238418579100 -0.00448794523254036904
0.31999999284744262700 -0.00447015278041362763
0.33000001311302185100 -0.00444309599697589874
0.34000000357627868600 -0.00442260690033435822
0.34999999403953552200 -0.00438972981646656990
0.36000001430511474600 -0.00434788316488265991
0.37000000476837158200 -0.00430538505315780640
0.37999999523162841800 -0.00424901908263564110
0.38999998569488525400 -0.00418532080948352814
0.40000000596046447700 -0.00411354377865791321
0.40999999642372131300 -0.00404251506552100182
0.41999998688697814900 -0.00396556779742240906
0.43000000715255737300 -0.00388664193451404572
0.43999999761581420900 -0.00379285705275833607
0.44999998807907104500 -0.00368708698078989983
0.46000000834465026800 -0.00358182610943913460
0.46999999880790710400 -0.00345878093503415585
0.47999998927116394000 -0.00332446093671023846
0.49000000953674316400 -0.00318515999242663384
0.50000000000000000000 -0.00302586401812732220
0.50999999046325683600 -0.00287008401937782765
0.51999998092651367200 -0.00271613802760839462
0.52999997138977050800 -0.00254900404252111912
0.54000002145767211900 -0.00237349909730255604
0.55000001192092895500 -0.00220299605280160904
0.56000000238418579100 -0.00201881607063114643
0.56999999284744262700 -0.00182822800707072020
0.57999998331069946300 -0.00164089002646505833
0.58999997377395629900 -0.00144615501631051302
0.60000002384185791000 -0.00124721403699368238
0.61000001430511474600 -0.00105921505019068718
0.62000000476837158200 -0.00089068262604996562
0.62999999523162841800 -0.00068615749478340149
0.63999998569488525400 -0.00049187889089807868
0.64999997615814209000 -0.00030240160413086414
0.66000002622604370100 -0.00011547400208655745
0.67000001668930053700 0.00005780121864518151
0.68000000715255737300 0.00023671810049563646
0.68999999761581420900 0.00042614218546077609
0.69999998807907104500 0.00061176298186182976
0.70999997854232788100 0.00079753121826797724
0.72000002861022949200 0.00098495406564325094
0.73000001907348632800 0.00116479303687810898
0.74000000953674316400 0.00135939894244074822
0.75000000000000000000 0.00155589205678552389
0.75999999046325683600 0.00175668403971940279
0.76999998092651367200 0.00196120492182672024
0.77999997138977050800 0.00217096693813800812
0.79000002145767211900 0.00238751200959086418
0.80000001192092895500 0.00260935700498521328
0.81000000238418579100 0.00283616990782320500
0.81999999284744262700 0.00307379593141376972
0.82999998331069946300 0.00331857311539351940
0.83999997377395629900 0.00357131008058786392
0.85000002384185791000 0.00383440288715064526
0.86000001430511474600 0.00410340493544936180
0.87000000476837158200 0.00438179587945342064
0.87999999523162841800 0.00466782506555318833
0.88999998569488525400 0.00495965499430894852
0.89999997615814209000 0.00526113901287317276
0.91000002622604370100 0.00557341100648045540
0.92000001668930053700 0.00589323416352272034
0.93000000715255737300 0.00622637802734971047
0.93999999761581420900 0.00657138600945472718
0.94999998807907104500 0.00692107900977134705
0.95999997854232788100 0.00728027522563934326
0.97000002861022949200 0.00765516702085733414
0.98000001907348632800 0.00802785996347665787
0.99000000953674316400 0.00841191690415143967
1.00000000000000000000 0.00880955532193183899
