-1.00000000000000000000 -0.00493250694125890732
-0.99000000953674316400 -0.00494513008743524552
-0.98000001907348632800 -0.00495135178789496422
-0.97000002861022949200 -0.00493918498978018761
-0.95999997854232788100 -0.00494054518640041351
-0.94999998807907104500 -0.00493827881291508675
-0.93999999761581420900 -0.00492160115391016007
-0.93000000715255737300 -0.00492249894887208939
-0.92000001668930053700 -0.00492388289421796799
-0.91000002622604370100 -0.00492733204737305641
-0.89999997615814209000 -0.00493845995515584946
-0.88999998569488525400 -0.00493983319029211998
-0.87999999523162841800 -0.00494184484705328942
-0.87000000476837158200 -0.00494794407859444618
-0.86000001430511474600 -0.00492979213595390320
-0.85000002384185791000 -0.00493129622191190720
-0.83999997377395629900 -0.00493078213185071945
-0.82999998331069946300 -0.00491389119997620583
-0.81999999284744262700 -0.00491559598594903946
-0.81000000238418579100 -0.00493143405765295029
-0.80000001192092895500 -0.00492993323132395744
-0.79000002145767211900 -0.00493469508364796639
-0.77999997138977050800 -0.00495882192626595497
-0.76999998092651367200 -0.00494748912751674652
-0.75999999046325683600 -0.00492989085614681244
-0.75000000000000000000 -0.00494554499164223671
-0.74000000953674316400 -0.00493187177926301956
-0.73000001907348632800 -0.00491800811141729355
-0.72000002861022949200 -0.00492967991158366203
-0.70999997854232788100 -0.00493380194529891014
-0.69999998807907104500 -0.00493177678436040878
-0.68999999761581420900 -0.00494945701211690903
-0.68000000715255737300 -0.00494986493140459061
-0.67000001668930053700 -0.00494505697861313820
-0.66000002622604370100 -0.00494293821975588799
-0.64999997615814209000 -0.00494065880775451660
-0.63999998569488525400 -0.00493130693212151528
-0.62999999523162841800 -0.00492310710251331330
-0.62000000476837158200 -0.00492456788197159767
-0.61000001430511474600 -0.00492456322535872460
-0.60000002384185791000 -0.00494031282141804695
-0.58999997377395629900 -0.00493639102205634117
-0.57999998331069946300 -0.00493891397491097450
-0.56999999284744262700 -0.00495040789246559143
-0.56000000238418579100 -0.00493708997964859009
-0.55000001192092895500 -0.00493142288178205490
-0.54000002145767211900 -0.00493915379047393799
-0.52999997138977050800 -0.00491337291896343231
-0.51999998092651367200 -0.00491274613887071610
-0.50999999046325683600 -0.00493548717349767685
-0.50000000000000000000 -0.00493028014898300171
-0.49000000953674316400 -0.00493177585303783417
-0.47999998927116394000 -0.00494754919782280922
-0.46999999880790710400 -0.00494552496820688248
-0.46000000834465026800 -0.00493490789085626602
-0.44999998807907104500 -0.00494606886059045792
-0.43999999761581420900 -0.00493398681282997132
-0.43000000715255737300 -0.00491137104108929634
-0.41999998688697814900 -0.00492803612723946572
-0.40999999642372131300 -0.00492588710039854050
-0.40000000596046447700 -0.00492533016949892044
-0.38999998569488525400 -0.00493818381801247597
-0.37999999523162841800 -0.00494058383628726006
-0.37000000476837158200 -0.00493733910843729973
-0.36000001430511474600 -0.00494032911956310272
-0.34999999403953552200 -0.00492937304079532623
-0.34000000357627868600 -0.00492428801953792572
-0.33000001311302185100 -0.00492204120382666588
-0.31999999284744262700 -0.00491210585460066796
-0.31000000238418579100 -0.00491479504853487015
-0.30000001192092895500 -0.00492899399250745773
-0.28999999165534973100 -0.00492946011945605278
-0.28000000119209289500 -0.00492894276976585388
-0.27000001072883606000 -0.00494478782638907433
-0.25999999046325683600 -0.00493201194331049919
-0.25000000000000000000 -0.00491596711799502373
-0.23999999463558197000 -0.00492722680792212486
-0.23000000417232513400 -0.00491592986509203911
-0.21999999880790710400 -0.00489903520792722702
-0.20999999344348907500 -0.00491474708542227745
-0.20000000298023223900 -0.00491833779960870743
-0.18999999761581420900 -0.00491663813591003418
-0.18000000715255737300 -0.00493197795003652573
-0.17000000178813934300 -0.00493444222956895828
-0.15999999642372131300 -0.00492287380620837212
-0.15000000596046447800 -0.00492088310420513153
-0.14000000059604644800 -0.00492026610299944878
-0.12999999523162841800 -0.00490408390760421753
-0.11999999731779098500 -0.00490266177803277970
-0.10999999940395355200 -0.00490394793450832367
-0.10000000149011611900 -0.00490571884438395500
-0.09000000357627868650 -0.00491732498630881310
-0.07999999821186065670 -0.00491266092285513878
-0.07000000029802322390 -0.00491925701498985291
-0.05999999865889549260 -0.00492310477420687676
-0.05000000074505805970 -0.00490634189918637276
-0.03999999910593032840 -0.00491007091477513313
-0.02999999932944774630 -0.00490610115230083466
-0.01999999955296516420 -0.00488979602232575417
-0.00999999977648258210 -0.00488985422998666763
0.00000000000000000000 -0.00490266410633921623
0.00999999977648258210 -0.00489876186475157738
0.01999999955296516420 -0.00489674601703882218
0.02999999932944774630 -0.00490965787321329117
0.03999999910593032840 -0.00490900222212076187
0.05000000074505805970 -0.00489395810291171074
0.05999999865889549260 -0.00490358797833323479
0.07000000029802322390 -0.00489290989935398102
0.07999999821186065670 -0.00486964220181107521
0.09000000357627868650 -0.00487983785569667816
0.10000000149011611900 -0.00487979315221309662
0.10999999940395355200 -0.00487708812579512596
0.11999999731779098500 -0.00488770799711346626
0.12999999523162841800 -0.00488543696701526642
0.14000000059604644800 -0.00488081015646457672
0.15000000596046447800 -0.00487679615616798401
0.15999999642372131300 -0.00486770179122686386
0.17000000178813934300 -0.00485411379486322403
0.18000000715255737300 -0.00484107993543148041
0.18999999761581420900 -0.00483648711815476418
0.20000000298023223900 -0.00483606616035103798
0.20999999344348907500 -0.00483978213742375374
0.21999999880790710400 -0.00483305286616086960
0.23000000417232513400 -0.00482908915728330612
0.23999999463558197000 -0.00483197206631302834
0.25000000000000000000 -0.00480929715558886528
0.25999999046325683600 -0.00479519180953502655
0.27000001072883606000 -0.00478389300405979157
0.28000000119209289500 -0.00475336890667676926
0.28999999165534973100 -0.00473609101027250290
0.30000001192092895500 -0.00472861714661121369
0.31000000238418579100 -0.00470907520502805710
0.31999999284744262700 -0.00468853209167718887
0.33000001311302185100 -0.00467497622594237328
0.34000000357627868600 -0.00464039808139204979
0.34999999403953552200 -0.00459799310192465782
0.36000001430511474600 -0.00455813016742467880
0.37000000476837158200 -0.00450911698862910271
0.37999999523162841800 -0.00443937489762902260
0.38999998569488525400 -0.00438620802015066147
0.40000000596046447700 -0.00432096980512142182
0.40999999642372131300 -0.00424722209572792053
0.41999998688697814900 -0.00416890019550919533
0.43000000715255737300 -0.00407683290541172028
0.43999999761581420900 -0.00398463802412152290
0.44999998807907104500 -0.00387418293394148350
0.46000000834465026800 -0.00374157493934035301
0.46999999880790710400 -0.00361259491182863712
0.47999998927116394000 -0.00347059406340122223
0.49000000953674316400 -0.00332029093988239765
0.50000000000000000000 -0.00316902389749884606
0.50999999046325683600 -0.00301603903062641621
0.51999998092651367200 -0.00284728803671896458
0.52999997138977050800 -0.00267555797472596169
0.54000002145767211900 -0.00249899597838521004
0.55000001192092895500 -0.00230500404722988606
0.56000000238418579100 -0.00210877601057291031
0.56999999284744262700 -0.00191578303929418325
0.57999998331069946300 -0.00171211501583456993
0.58999997377395629900 -0.00151227496098726988
0.60000002384185791000 -0.00131670502014458180
0.61000001430511474600 -0.00111702200956642628
0.62000000476837158200 -0.00093956250930204988
0.62999999523162841800 -0.00073308480205014348
0.63999998569488525400 -0.00053286482580006123
0.64999997615814209000 -0.00033877199166454375
0.66000002622604370100 -0.00014615739928558469
0.67000001668930053700 0.00003134660073556006
0.68000000715255737300 0.00021161530457902700
0.68999999761581420900 0.00040607069968245924
0.69999998807907104500 0.00059773458633571863
0.70999997854232788100 0.00078574707731604576
0.72000002861022949200 0.00097553717205300927
0.73000001907348632800 0.00115540204569697380
0.74000000953674316400 0.00135193904861807823
0.75000000000000000000 0.00154967699199914932
0.75999999046325683600 0.00175121799111366272
0.76999998092651367200 0.00195495691150426865
0.77999997138977050800 0.00216511497274041176
0.79000002145767211900 0.00238030892796814442
0.80000001192092895500 0.00259931292384862900
0.81000000238418579100 0.00282701593823730946
0.81999999284744262700 0.00306201493367552757
0.82999998331069946300 0.00330279697664082050
0.83999997377395629900 0.00355443195439875126
0.85000002384185791000 0.00381112191826105118
0.86000001430511474600 0.00407510716468095780
0.87000000476837158200 0.00434876512736082077
0.87999999523162841800 0.00462556816637516022
0.88999998569488525400 0.00491303484886884690
0.89999997615814209000 0.00520904408767819405
0.91000002622604370100 0.00550974020734429360
0.92000001668930053700 0.00582399219274520874
0.93000000715255737300 0.00615094602108001709
0.93999999761581420900 0.00648195482790470124
0.94999998807907104500 0.00682174693793058396
0.95999997854232788100 0.00717556988820433617
0.97000002861022949200 0.00752892205491662026
0.98000001907348632800 0.00788813829421997071
0.99000000953674316400 0.00826926808804273606
1.00000000000000000000 0.00864731241017580033
