-1.00000000000000000000 -0.00498515088111162186
-0.99000000953674316400 -0.00497401785105466843
-0.98000001907348632800 -0.00497250584885478020
-0.97000002861022949200 -0.00497623300179839134
-0.95999997854232788100 -0.00496793212369084358
-0.94999998807907104500 -0.00495933322235941887
-0.93999999761581420900 -0.00494871707633137703
-0.93000000715255737300 -0.00494825001806020737
-0.92000001668930053700 -0.00495102396234869957
-0.91000002622604370100 -0.00496406713500618935
-0.89999997615814209000 -0.00496554980054497719
-0.88999998569488525400 -0.00496511580422520638
-0.87999999523162841800 -0.00498209381476044655
-0.87000000476837158200 -0.00496704410761594772
-0.86000001430511474600 -0.00495241489261388779
-0.85000002384185791000 -0.00495350686833262444
-0.83999997377395629900 -0.00492431502789258957
-0.82999998331069946300 -0.00492185121402144432
-0.81999999284744262700 -0.00493171205744147301
-0.81000000238418579100 -0.00493620708584785462
-0.80000001192092895500 -0.00493546109646558762
-0.79000002145767211900 -0.00495057087391614914
-0.77999997138977050800 -0.00495294714346528053
-0.76999998092651367200 -0.00494182296097278595
-0.75999999046325683600 -0.00494505790993571282
-0.75000000000000000000 -0.00493619684129953385
-0.74000000953674316400 -0.00491933990269899368
-0.73000001907348632800 -0.00492317415773868561
-0.72000002861022949200 -0.00492711178958415985
-0.70999997854232788100 -0.00493785412982106209
-0.69999998807907104500 -0.00495166191831231117
-0.68999999761581420900 -0.00495921121910214424
-0.68000000715255737300 -0.00496849603950977326
-0.67000001668930053700 -0.00496872700750827789
-0.66000002622604370100 -0.00496065802872180939
-0.64999997615814209000 -0.00495935091748833656
-0.63999998569488525400 -0.00495228078216314316
-0.62999999523162841800 -0.00494234310463070870
-0.62000000476837158200 -0.00494788680225610733
-0.61000001430511474600 -0.00496167084202170372
-0.60000002384185791000 -0.00495960377156734467
-0.58999997377395629900 -0.00496379891410470009
-0.57999998331069946300 -0.00497348420321941376
-0.56999999284744262700 -0.00496278190985321999
-0.56000000238418579100 -0.00495927222073078156
-0.55000001192092895500 -0.00496276887133717537
-0.54000002145767211900 -0.00493951514363288880
-0.52999997138977050800 -0.00494177080690860748
-0.51999998092651367200 -0.00495406612753868103
-0.50999999046325683600 -0.00495024304836988449
-0.50000000000000000000 -0.00496076000854372978
-0.49000000953674316400 -0.00496547482907772064
-0.47999998927116394000 -0.00496673304587602616
-0.46999999880790710400 -0.00496132392436265946
-0.46000000834465026800 -0.00496061285957694054
-0.44999998807907104500 -0.00494795199483633042
-0.43999999761581420900 -0.00493617122992873192
-0.43000000715255737300 -0.00494243716821074486
-0.41999998688697814900 -0.00493558309972286225
-0.40999999642372131300 -0.00495624402537941933
-0.40000000596046447700 -0.00496112601831555367
-0.38999998569488525400 -0.00496126012876629830
-0.37999999523162841800 -0.00497349817305803299
-0.37000000476837158200 -0.00496782502159476280
-0.36000001430511474600 -0.00495846988633275032
-0.34999999403953552200 -0.00496179098263382912
-0.34000000357627868600 -0.00494323996827006340
-0.33000001311302185100 -0.00493778381496667862
-0.31999999284744262700 -0.00495111988857388497
-0.31000000238418579100 -0.00495501002296805382
-0.30000001192092895500 -0.00495300721377134323
-0.28999999165534973100 -0.00496139610186219216
-0.28000000119209289500 -0.00496982084587216377
-0.27000001072883606000 -0.00495183002203702927
-0.25999999046325683600 -0.00495883077383041382
-0.25000000000000000000 -0.00495361210778355599
-0.23999999463558197000 -0.00494175776839256287
-0.23000000417232513400 -0.00495253782719373703
-0.21999999880790710400 -0.00495579512789845467
-0.20999999344348907500 -0.00495559489354491234
-0.20000000298023223900 -0.00496580498293042183
-0.18999999761581420900 -0.00497137103229761124
-0.18000000715255737300 -0.00496922619640827179
-0.17000000178813934300 -0.00497367000207304955
-0.15999999642372131300 -0.00496148085221648216
-0.15000000596046447800 -0.00495441490784287453
-0.14000000059604644800 -0.00495209405198693276
-0.12999999523162841800 -0.00494364509359002114
-0.11999999731779098500 -0.00494561018422245979
-0.10999999940395355200 -0.00494964094832539559
-0.10000000149011611900 -0.00494870822876691818
-0.09000000357627868650 -0.00493510998785495758
-0.07999999821186065670 -0.00495373597368597984
-0.07000000029802322390 -0.00493861082941293717
-0.05999999865889549260 -0.00492687011137604714
-0.05000000074505805970 -0.00493560079485177994
-0.03999999910593032840 -0.00491425488144159317
-0.02999999932944774630 -0.00490786181762814522
-0.01999999955296516420 -0.00492026191204786301
-0.00999999977648258210 -0.00492180185392498970
0.00000000000000000000 -0.00491769192740321160
0.00999999977648258210 -0.00492959422990679741
0.01999999955296516420 -0.00493052415549755097
0.02999999932944774630 -0.00491970498114824295
0.03999999910593032840 -0.00491007184609770775
0.05000000074505805970 -0.00490371510386466980
0.05999999865889549260 -0.00488587003201246262
0.07000000029802322390 -0.00488386303186416626
0.07999999821186065670 -0.00488406186923384667
0.09000000357627868650 -0.00488053215667605400
0.10000000149011611900 -0.00489414995536208153
0.10999999940395355200 -0.00489015597850084305
0.11999999731779098500 -0.00489013409242033959
0.12999999523162841800 -0.00488968798890709877
0.14000000059604644800 -0.00487147504463791847
0.15000000596046447800 -0.00486467778682708740
0.15999999642372131300 -0.00486038113012909889
0.17000000178813934300 -0.00484734401106834412
0.18000000715255737300 -0.00484140822663903237
0.18999999761581420900 -0.00485251890495419502
0.20000000298023223900 -0.00484430091455578804
0.20999999344348907500 -0.00483712786808609963
0.21999999880790710400 -0.00484681921079754830
0.23000000417232513400 -0.00482910405844449997
0.23999999463558197000 -0.00480510806664824486
0.25000000000000000000 -0.00480702519416809082
0.25999999046325683600 -0.00477779097855091095
0.27000001072883606000 -0.00475207809358835220
0.28000000119209289500 -0.00475632213056087494
0.28999999165534973100 -0.00473455199971795082
0.30000001192092895500 -0.00471590785309672356
0.31000000238418579100 -0.00470795808359980583
0.31999999284744262700 -0.00468262983486056328
0.33000001311302185100 -0.00464123301208019257
0.34000000357627868600 -0.00461770081892609596
0.34999999403953552200 -0.00457611493766307831
0.36000001430511474600 -0.00451894290745258331
0.37000000476837158200 -0.00447152089327573776
0.37999999523162841800 -0.00441654911264777184
0.38999998569488525400 -0.00435588322579860687
0.40000000596046447700 -0.00429523689672350884
0.40999999642372131300 -0.00421653408557176590
0.41999998688697814900 -0.00413404079154133797
0.43000000715255737300 -0.00404118699952960014
0.43999999761581420900 -0.00392460497096180916
0.44999998807907104500 -0.00381132494658231735
0.46000000834465026800 -0.00368821504525840283
0.46999999880790710400 -0.00354767101816833019
0.47999998927116394000 -0.00341053796000778675
0.49000000953674316400 -0.00326766492798924446
0.50000000000000000000 -0.00311123509891331196
0.50999999046325683600 -0.00294222403317689896
0.51999998092651367200 -0.00278288288973271847
0.52999997138977050800 -0.00260107405483722687
0.54000002145767211900 -0.00241359998472034931
0.55000001192092895500 -0.00223231199197471142
0.56000000238418579100 -0.00203624297864735127
0.56999999284744262700 -0.00184045196510851383
0.57999998331069946300 -0.00164962001144886017
0.58999997377395629900 -0.00145325204357504845
0.60000002384185791000 -0.00125591398682445288
0.61000001430511474600 -0.00105977104976773262
0.62000000476837158200 -0.00087744381744414568
0.62999999523162841800 -0.00066922750556841493
0.63999998569488525400 -0.00047176450607366860
0.64999997615814209000 -0.00027290798607282341
0.66000002622604370100 -0.00008896066719898954
0.67000001668930053700 0.00009275991760659963
0.68000000715255737300 0.00029407491092570126
0.68999999761581420900 0.00049003731692209840
0.69999998807907104500 0.00068477290915325284
0.70999997854232788100 0.00087953091133385897
0.72000002861022949200 0.00106361904181540012
0.73000001907348632800 0.00126362196169793606
0.74000000953674316400 0.00146287295501679182
0.75000000000000000000 0.00166424899362027645
0.75999999046325683600 0.00186902598943561316
0.76999998092651367200 0.00207579904235899448
0.77999997138977050800 0.00228619808331131935
0.79000002145767211900 0.00250331801362335682
0.80000001192092895500 0.00272406800650060177
0.81000000238418579100 0.00295058009214699268
0.81999999284744262700 0.00318538793362677097
0.82999998331069946300 0.00342339696362614632
0.83999997377395629900 0.00366977998055517674
0.85000002384185791000 0.00392192881554365158
0.86000001430511474600 0.00417952891439199448
0.87000000476837158200 0.00444230297580361366
0.87999999523162841800 0.00471367686986923218
0.88999998569488525400 0.00498877279460430145
0.89999997615814209000 0.00527492910623550415
0.91000002622604370100 0.00557160004973411560
0.92000001668930053700 0.00587028404697775841
0.93000000715255737300 0.00617730477824807167
0.93999999761581420900 0.00649626506492495537
0.94999998807907104500 0.00681253615766763687
0.95999997854232788100 0.00713826017454266548
0.97000002861022949200 0.00747708417475223542
0.98000001907348632800 0.00780993606895208359
0.99000000953674316400 0.00815845187753438950
1.00000000000000000000 0.00852478295564651490
