-1.00000000000000000000 -0.00462565198540687561
-0.99000000953674316400 -0.00463406508788466454
-0.98000001907348632800 -0.00462433882057666779
-0.97000002861022949200 -0.00460663205012679100
-0.95999997854232788100 -0.00461852177977561951
-0.94999998807907104500 -0.00462712114676833153
-0.93999999761581420900 -0.00462937681004405022
-0.93000000715255737300 -0.00464363209903240204
-0.92000001668930053700 -0.00464378716424107552
-0.91000002622604370100 -0.00464435992762446404
-0.89999997615814209000 -0.00465039582923054695
-0.88999998569488525400 -0.00463991705328226090
-0.87999999523162841800 -0.00463124178349971771
-0.87000000476837158200 -0.00462248595431447029
-0.86000001430511474600 -0.00462127197533845902
-0.85000002384185791000 -0.00462274998426437378
-0.83999997377395629900 -0.00463808793574571610
-0.82999998331069946300 -0.00463743787258863449
-0.81999999284744262700 -0.00464197387918829918
-0.81000000238418579100 -0.00465132901445031166
-0.80000001192092895500 -0.00464451080188155174
-0.79000002145767211900 -0.00464306306093931198
-0.77999997138977050800 -0.00464501697570085526
-0.76999998092651367200 -0.00462581589818000794
-0.75999999046325683600 -0.00462543917819857598
-0.75000000000000000000 -0.00463980901986360550
-0.74000000953674316400 -0.00464017083868384361
-0.73000001907348632800 -0.00464297598227858544
-0.72000002861022949200 -0.00465559493750333786
-0.70999997854232788100 -0.00464847497642040253
-0.69999998807907104500 -0.00463457405567169190
-0.68999999761581420900 -0.00464812200516462326
-0.68000000715255737300 -0.00463664717972278595
-0.67000001668930053700 -0.00461746612563729286
-0.66000002622604370100 -0.00463374610990285874
-0.64999997615814209000 -0.00463476497679948807
-0.63999998569488525400 -0.00463329907506704331
-0.62999999523162841800 -0.00464345421642065048
-0.62000000476837158200 -0.00464703608304262161
-0.61000001430511474600 -0.00464070308953523636
-0.60000002384185791000 -0.00463449303060770035
-0.58999997377395629900 -0.00463550817221403122
-0.57999998331069946300 -0.00462215719744563103
-0.56999999284744262700 -0.00461970083415508270
-0.56000000238418579100 -0.00462097581475973129
-0.55000001192092895500 -0.00462748110294342041
-0.54000002145767211900 -0.00463519897311925888
-0.52999997138977050800 -0.00463630910962820053
-0.51999998092651367200 -0.00464039621874690056
-0.50999999046325683600 -0.00464107422158122063
-0.50000000000000000000 -0.00463094096630811691
-0.49000000953674316400 -0.00463338010013103485
-0.47999998927116394000 -0.00462220516055822373
-0.46999999880790710400 -0.00461484305560588837
-0.46000000834465026800 -0.00462138792499899864
-0.44999998807907104500 -0.00463113700971007347
-0.43999999761581420900 -0.00463500106707215309
-0.43000000715255737300 -0.00463780807331204415
-0.41999998688697814900 -0.00465338677167892456
-0.40999999642372131300 -0.00464639579877257347
-0.40000000596046447700 -0.00464109284803271294
-0.38999998569488525400 -0.00464418018236756325
-0.37999999523162841800 -0.00462806876748800278
-0.37000000476837158200 -0.00462350901216268540
-0.36000001430511474600 -0.00463640922680497170
-0.34999999403953552200 -0.00463856197893619538
-0.34000000357627868600 -0.00464117620140314102
-0.33000001311302185100 -0.00465257419273257256
-0.31999999284744262700 -0.00465124007314443588
-0.31000000238418579100 -0.00464387889951467514
-0.30000001192092895500 -0.00464525399729609490
-0.28999999165534973100 -0.00463631795719265938
-0.28000000119209289500 -0.00462092785164713860
-0.27000001072883606000 -0.00462325615808367729
-0.25999999046325683600 -0.00462659308686852455
-0.25000000000000000000 -0.00463046785444021225
-0.23999999463558197000 -0.00463828118517994881
-0.23000000417232513400 -0.00463561806827783585
-0.21999999880790710400 -0.00464056199416518212
-0.20999999344348907500 -0.00463641714304685593
-0.20000000298023223900 -0.00463260011747479439
-0.18999999761581420900 -0.00462722918018698692
-0.18000000715255737300 -0.00461186002939939499
-0.17000000178813934300 -0.00460877595469355583
-0.15999999642372131300 -0.00461829407140612602
-0.15000000596046447800 -0.00462671089917421341
-0.14000000059604644800 -0.00462377583608031273
-0.12999999523162841800 -0.00462868483737111092
-0.11999999731779098500 -0.00463400594890117645
-0.10999999940395355200 -0.00462107500061392784
-0.10000000149011611900 -0.00462294416502118111
-0.09000000357627868650 -0.00461828615516424179
-0.07999999821186065670 -0.00459639495238661766
-0.07000000029802322390 -0.00460201501846313477
-0.05999999865889549260 -0.00461146188899874687
-0.05000000074505805970 -0.00459941197186708450
-0.03999999910593032840 -0.00460507906973361969
-0.02999999932944774630 -0.00461114617064595223
-0.01999999955296516420 -0.00460398709401488304
-0.00999999977648258210 -0.00459790090098977089
0.00000000000000000000 -0.00459892582148313522
0.00999999977648258210 -0.00459111202508211136
0.01999999955296516420 -0.00456837005913257599
0.02999999932944774630 -0.00457601901143789292
0.03999999910593032840 -0.00456838402897119522
0.05000000074505805970 -0.00457036821171641350
0.05999999865889549260 -0.00457863276824355126
0.07000000029802322390 -0.00457726698368787766
0.07999999821186065670 -0.00457049394026398659
0.09000000357627868650 -0.00456247106194496155
0.10000000149011611900 -0.00455637881532311440
0.10999999940395355200 -0.00454851519316434860
0.11999999731779098500 -0.00452978909015655518
0.12999999523162841800 -0.00453042611479759216
0.14000000059604644800 -0.00453021004796028137
0.15000000596046447800 -0.00452976115047931671
0.15999999642372131300 -0.00452529918402433396
0.17000000178813934300 -0.00452527496963739395
0.18000000715255737300 -0.00451930891722440720
0.18999999761581420900 -0.00449386797845363617
0.20000000298023223900 -0.00448847282677888870
0.20999999344348907500 -0.00447246106341481209
0.21999999880790710400 -0.00444303313270211220
0.23000000417232513400 -0.00443438114598393440
0.23999999463558197000 -0.00442742882296442986
0.25000000000000000000 -0.00441992888227105141
0.25999999046325683600 -0.00440503284335136414
0.27000001072883606000 -0.00439430912956595421
0.28000000119209289500 -0.00435811094939708710
0.28999999165534973100 -0.00432329205796122551
0.30000001192092895500 -0.00429843412712216377
0.31000000238418579100 -0.00425165193155407906
0.31999999284744262700 -0.00420718686655163765
0.33000001311302185100 -0.00417387811467051506
0.34000000357627868600 -0.00413131201639771462
0.34999999403953552200 -0.00408321898430585861
0.36000001430511474600 -0.00403141789138317108
0.37000000476837158200 -0.00396788399666547775
0.37999999523162841800 -0.00389278004877269268
0.38999998569488525400 -0.00381017103791236878
0.40000000596046447700 -0.00372313708066940308
0.40999999642372131300 -0.00362521503120660782
0.41999998688697814900 -0.00352449109777808190
0.43000000715255737300 -0.00342543702572584152
0.43999999761581420900 -0.00331745692528784275
0.44999998807907104500 -0.00320139992982149124
0.46000000834465026800 -0.00307484599761664868
0.46999999880790710400 -0.00295164808630943298
0.47999998927116394000 -0.00280886492691934109
0.49000000953674316400 -0.00266146007925271988
0.50000000000000000000 -0.00251453602686524391
0.50999999046325683600 -0.00235097808763384819
0.51999998092651367200 -0.00219425396062433720
0.52999997138977050800 -0.00203770003281533718
0.54000002145767211900 -0.00187407201156020165
0.55000001192092895500 -0.00170635594986379147
0.56000000238418579100 -0.00154246494639664888
0.56999999284744262700 -0.00137294200249016285
0.57999998331069946300 -0.00119841005653142929
0.58999997377395629900 -0.00102936697658151388
0.60000002384185791000 -0.00088271312415599823
0.61000001430511474600 -0.00070072768721729517
0.62000000476837158200 -0.00052770017646253109
0.62999999523162841800 -0.00036004438879899681
0.63999998569488525400 -0.00019097300537396222
0.64999997615814209000 -0.00003818514960585162
0.66000002622604370100 0.00011850499868160114
0.67000001668930053700 0.00028941698838025332
0.68000000715255737300 0.00045613088877871633
0.68999999761581420900 0.00062312989030033350
0.69999998807907104500 0.00079042732249945402
0.70999997854232788100 0.00095957767916843295
0.72000002861022949200 0.00112289900425821543
0.73000001907348632800 0.00130219594575464726
0.74000000953674316400 0.00148325203917920590
0.75000000000000000000 0.00167028699070215225
0.75999999046325683600 0.00186143198516219854
0.76999998092651367200 0.00205823499709367752
0.77999997138977050800 0.00226289895363152027
0.79000002145767211900 0.00247048609890043736
0.80000001192092895500 0.00268525211140513420
0.81000000238418579100 0.00290905102156102657
0.81999999284744262700 0.00313557195477187634
0.82999998331069946300 0.00337389810010790825
0.83999997377395629900 0.00362275005318224430
0.85000002384185791000 0.00387698109261691570
0.86000001430511474600 0.00414017308503389359
0.87000000476837158200 0.00441304594278335571
0.87999999523162841800 0.00469116820022463799
0.88999998569488525400 0.00497394194826483727
0.89999997615814209000 0.00527107901871204376
0.91000002622604370100 0.00556921213865280152
0.92000001668930053700 0.00587056297808885574
0.93000000715255737300 0.00619474286213517189
0.93999999761581420900 0.00652352115139365196
0.94999998807907104500 0.00685935420915484429
0.95999997854232788100 0.00720615498721599579
0.97000002861022949200 0.00755811622366309166
0.98000001907348632800 0.00791685469448566437
0.99000000953674316400 0.00827899761497974396
1.00000000000000000000 0.00865310244262218476
