-1.00000000000000000000 -0.00479927612468600273
-0.99000000953674316400 -0.00481553608551621437
-0.98000001907348632800 -0.00481367902830243111
-0.97000002861022949200 -0.00481559894979000092
-0.95999997854232788100 -0.00481342896819114685
-0.94999998807907104500 -0.00480928318575024605
-0.93999999761581420900 -0.00479875877499580383
-0.93000000715255737300 -0.00479431077837944031
-0.92000001668930053700 -0.00478898221626877785
-0.91000002622604370100 -0.00479475222527980805
-0.89999997615814209000 -0.00481083616614341736
-0.88999998569488525400 -0.00480769202113151550
-0.87999999523162841800 -0.00481004407629370690
-0.87000000476837158200 -0.00482717994600534439
-0.86000001430511474600 -0.00481398077681660652
-0.85000002384185791000 -0.00481006596237421036
-0.83999997377395629900 -0.00481211720034480095
-0.82999998331069946300 -0.00479140179231762886
-0.81999999284744262700 -0.00478876195847988129
-0.81000000238418579100 -0.00479710008949041367
-0.80000001192092895500 -0.00479502603411674500
-0.79000002145767211900 -0.00479616178199648857
-0.77999997138977050800 -0.00480727804824709892
-0.76999998092651367200 -0.00481037097051739693
-0.75999999046325683600 -0.00479711405932903290
-0.75000000000000000000 -0.00480731902644038201
-0.74000000953674316400 -0.00479776784777641297
-0.73000001907348632800 -0.00477543612942099571
-0.72000002861022949200 -0.00478463293984532356
-0.70999997854232788100 -0.00479101482778787613
-0.69999998807907104500 -0.00479048397392034531
-0.68999999761581420900 -0.00480072386562824249
-0.68000000715255737300 -0.00480353506281971932
-0.67000001668930053700 -0.00480224005877971649
-0.66000002622604370100 -0.00480125192552804947
-0.64999997615814209000 -0.00479687796905636788
-0.63999998569488525400 -0.00478808488696813584
-0.62999999523162841800 -0.00477663101628422737
-0.62000000476837158200 -0.00477641494944691658
-0.61000001430511474600 -0.00478288019075989723
-0.60000002384185791000 -0.00479360716417431832
-0.58999997377395629900 -0.00479336595162749291
-0.57999998331069946300 -0.00479509681463241577
-0.56999999284744262700 -0.00480983592569828034
-0.56000000238418579100 -0.00479565188288688660
-0.55000001192092895500 -0.00479108793660998345
-0.54000002145767211900 -0.00479107722640037537
-0.52999997138977050800 -0.00476968195289373398
-0.51999998092651367200 -0.00477180210873484612
-0.50999999046325683600 -0.00479390379041433334
-0.50000000000000000000 -0.00479509681463241577
-0.49000000953674316400 -0.00479594292119145394
-0.47999998927116394000 -0.00481168786063790322
-0.46999999880790710400 -0.00481507787480950356
-0.46000000834465026800 -0.00480238301679491997
-0.44999998807907104500 -0.00480510899797081947
-0.43999999761581420900 -0.00479919416829943657
-0.43000000715255737300 -0.00478571420535445213
-0.41999998688697814900 -0.00478534307330846787
-0.40999999642372131300 -0.00478908699005842209
-0.40000000596046447700 -0.00479276012629270554
-0.38999998569488525400 -0.00480570690706372261
-0.37999999523162841800 -0.00480234902352094650
-0.37000000476837158200 -0.00480892322957515717
-0.36000001430511474600 -0.00480953883379697800
-0.34999999403953552200 -0.00480154901742935181
-0.34000000357627868600 -0.00479937484487891197
-0.33000001311302185100 -0.00478937802836298943
-0.31999999284744262700 -0.00478085922077298165
-0.31000000238418579100 -0.00478607602417469025
-0.30000001192092895500 -0.00480011478066444397
-0.28999999165534973100 -0.00479715177789330483
-0.28000000119209289500 -0.00480036297813057900
-0.27000001072883606000 -0.00481111276894807816
-0.25999999046325683600 -0.00479885516688227654
-0.25000000000000000000 -0.00479173986241221428
-0.23999999463558197000 -0.00479893200099468231
-0.23000000417232513400 -0.00477930717170238495
-0.21999999880790710400 -0.00477449176833033562
-0.20999999344348907500 -0.00479566119611263275
-0.20000000298023223900 -0.00479619996622204781
-0.18999999761581420900 -0.00480230897665023804
-0.18000000715255737300 -0.00480867596343159676
-0.17000000178813934300 -0.00481241801753640175
-0.15999999642372131300 -0.00480228522792458534
-0.15000000596046447800 -0.00480932090431451798
-0.14000000059604644800 -0.00480510899797081947
-0.12999999523162841800 -0.00479236477985978127
-0.11999999731779098500 -0.00479177199304103851
-0.10999999940395355200 -0.00479151820763945580
-0.10000000149011611900 -0.00479737808927893639
-0.09000000357627868650 -0.00480376416817307472
-0.07999999821186065670 -0.00480340095236897469
-0.07000000029802322390 -0.00480965711176395416
-0.05999999865889549260 -0.00480853999033570290
-0.05000000074505805970 -0.00479450821876525879
-0.03999999910593032840 -0.00479768682271242142
-0.02999999932944774630 -0.00478417007252573967
-0.01999999955296516420 -0.00477228313684463501
-0.00999999977648258210 -0.00478749303147196770
0.00000000000000000000 -0.00478979479521512985
0.00999999977648258210 -0.00478996010497212410
0.01999999955296516420 -0.00479164207354187966
0.02999999932944774630 -0.00480341305956244469
0.03999999910593032840 -0.00479116709902882576
0.05000000074505805970 -0.00477707292884588242
0.05999999865889549260 -0.00478837313130497933
0.07000000029802322390 -0.00477267522364854813
0.07999999821186065670 -0.00476115616038441658
0.09000000357627868650 -0.00476588821038603783
0.10000000149011611900 -0.00476705608889460564
0.10999999940395355200 -0.00476814899593591690
0.11999999731779098500 -0.00477625103667378426
0.12999999523162841800 -0.00477612484246492386
0.14000000059604644800 -0.00476874317973852158
0.15000000596046447800 -0.00475989002734422684
0.15999999642372131300 -0.00475482409819960594
0.17000000178813934300 -0.00474229687824845314
0.18000000715255737300 -0.00473407981917262077
0.18999999761581420900 -0.00472979899495840073
0.20000000298023223900 -0.00472880713641643524
0.20999999344348907500 -0.00473434105515480042
0.21999999880790710400 -0.00472316704690456391
0.23000000417232513400 -0.00472598383203148842
0.23999999463558197000 -0.00472164386883378029
0.25000000000000000000 -0.00469412608072161675
0.25999999046325683600 -0.00468673789873719216
0.27000001072883606000 -0.00466981716454029083
0.28000000119209289500 -0.00463717291131615639
0.28999999165534973100 -0.00462037278339266777
0.30000001192092895500 -0.00461530406028032303
0.31000000238418579100 -0.00459184916689991951
0.31999999284744262700 -0.00457216892391443253
0.33000001311302185100 -0.00455278996378183365
0.34000000357627868600 -0.00451479712501168251
0.34999999403953552200 -0.00446746777743101120
0.36000001430511474600 -0.00443165376782417298
0.37000000476837158200 -0.00437208218500018120
0.37999999523162841800 -0.00430248817428946495
0.38999998569488525400 -0.00424565887078642845
0.40000000596046447700 -0.00417578918859362602
0.40999999642372131300 -0.00410596607252955437
0.41999998688697814900 -0.00402464484795928002
0.43000000715255737300 -0.00393323320895433426
0.43999999761581420900 -0.00383241893723607063
0.44999998807907104500 -0.00370934093371033669
0.46000000834465026800 -0.00359066692180931568
0.46999999880790710400 -0.00346059910953044891
0.47999998927116394000 -0.00331657705828547478
0.49000000953674316400 -0.00317246699705719948
0.50000000000000000000 -0.00302693992853164673
0.50999999046325683600 -0.00287099997512996197
0.51999998092651367200 -0.00270580290816724300
0.52999997138977050800 -0.00253830896690487862
0.54000002145767211900 -0.00236418307758867741
0.55000001192092895500 -0.00217710598371922970
0.56000000238418579100 -0.00199509691447019577
0.56999999284744262700 -0.00180837803054600954
0.57999998331069946300 -0.00161541998386383057
0.58999997377395629900 -0.00143128202762454748
0.60000002384185791000 -0.00124737003352493048
0.61000001430511474600 -0.00106268795207142830
0.62000000476837158200 -0.00090205541346222162
0.62999999523162841800 -0.00071190117159858346
0.63999998569488525400 -0.00053179281530901790
0.64999997615814209000 -0.00035701869637705386
0.66000002622604370100 -0.00018760940292850137
0.67000001668930053700 -0.00003289711094112135
0.68000000715255737300 0.00012128199887229130
0.68999999761581420900 0.00029076190548948944
0.69999998807907104500 0.00045487299212254584
0.70999997854232788100 0.00061672402080148458
0.72000002861022949200 0.00077927141683176160
0.73000001907348632800 0.00094298971816897392
0.74000000953674316400 0.00109712698031216860
0.75000000000000000000 0.00127030594740062952
0.75999999046325683600 0.00144451402593404055
0.76999998092651367200 0.00162162096239626408
0.77999997138977050800 0.00180591095704585314
0.79000002145767211900 0.00199419609270989895
0.80000001192092895500 0.00218713097274303436
0.81000000238418579100 0.00239049200899899006
0.81999999284744262700 0.00259949290193617344
0.82999998331069946300 0.00281480094417929649
0.83999997377395629900 0.00304018403403460980
0.85000002384185791000 0.00327166100032627583
0.86000001430511474600 0.00350836408324539662
0.87000000476837158200 0.00375463790260255337
0.87999999523162841800 0.00400952016934752464
0.88999998569488525400 0.00426925299689173699
0.89999997615814209000 0.00453833304345607758
0.91000002622604370100 0.00481900898739695549
0.92000001668930053700 0.00510701816529035568
0.93000000715255737300 0.00540734687820076943
0.93999999761581420900 0.00571392802521586418
0.94999998807907104500 0.00602903915569186211
0.95999997854232788100 0.00635372288525104523
0.97000002861022949200 0.00668059522286057472
0.98000001907348632800 0.00702147791162133217
0.99000000953674316400 0.00737038208171725273
1.00000000000000000000 0.00771987996995449066
