-1.00000000000000000000 -0.00492170313373208046
-0.99000000953674316400 -0.00492004211992025376
-0.98000001907348632800 -0.00492325006052851677
-0.97000002861022949200 -0.00493707507848739624
-0.95999997854232788100 -0.00492730690166354180
-0.94999998807907104500 -0.00491719786077737808
-0.93999999761581420900 -0.00492051104083657265
-0.93000000715255737300 -0.00490303011611104012
-0.92000001668930053700 -0.00489132013171911240
-0.91000002622604370100 -0.00490319682285189629
-0.89999997615814209000 -0.00490114698186516762
-0.88999998569488525400 -0.00490172207355499268
-0.87999999523162841800 -0.00490725319832563400
-0.87000000476837158200 -0.00490893097594380379
-0.86000001430511474600 -0.00490448111668229103
-0.85000002384185791000 -0.00489646894857287407
-0.83999997377395629900 -0.00489572109654545784
-0.82999998331069946300 -0.00489208009093999863
-0.81999999284744262700 -0.00488248514011502266
-0.81000000238418579100 -0.00488076405599713326
-0.80000001192092895500 -0.00489399302750825882
-0.79000002145767211900 -0.00488798180595040322
-0.77999997138977050800 -0.00488637108355760574
-0.76999998092651367200 -0.00489928713068366051
-0.75999999046325683600 -0.00489433296024799347
-0.75000000000000000000 -0.00487786810845136643
-0.74000000953674316400 -0.00488692987710237503
-0.73000001907348632800 -0.00487557100132107735
-0.72000002861022949200 -0.00485755689442157746
-0.70999997854232788100 -0.00487059913575649262
-0.69999998807907104500 -0.00487362081184983254
-0.68999999761581420900 -0.00487306015565991402
-0.68000000715255737300 -0.00488568982109427452
-0.67000001668930053700 -0.00489458302035927773
-0.66000002622604370100 -0.00488359620794653893
-0.64999997615814209000 -0.00488269003108143807
-0.63999998569488525400 -0.00489128800109028816
-0.62999999523162841800 -0.00487932888790965080
-0.62000000476837158200 -0.00487392116338014603
-0.61000001430511474600 -0.00487690512090921402
-0.60000002384185791000 -0.00488004414364695549
-0.58999997377395629900 -0.00490252021700143814
-0.57999998331069946300 -0.00490356003865599632
-0.56999999284744262700 -0.00490357819944620133
-0.56000000238418579100 -0.00491084391251206398
-0.55000001192092895500 -0.00489561585709452629
-0.54000002145767211900 -0.00489589199423789978
-0.52999997138977050800 -0.00489802099764347077
-0.51999998092651367200 -0.00487756496295332909
-0.50999999046325683600 -0.00488001387566328049
-0.50000000000000000000 -0.00489508314058184624
-0.49000000953674316400 -0.00489619001746177674
-0.47999998927116394000 -0.00489189010113477707
-0.46999999880790710400 -0.00491456780582666397
-0.46000000834465026800 -0.00490319821983575821
-0.44999998807907104500 -0.00488731591030955315
-0.43999999761581420900 -0.00490004522725939751
-0.43000000715255737300 -0.00489002279937267304
-0.41999998688697814900 -0.00487060286104679108
-0.40999999642372131300 -0.00488642184063792229
-0.40000000596046447700 -0.00489279488101601601
-0.38999998569488525400 -0.00489072408527135849
-0.37999999523162841800 -0.00490460684522986412
-0.37000000476837158200 -0.00490754097700119019
-0.36000001430511474600 -0.00490304222330451012
-0.34999999403953552200 -0.00489723403006792069
-0.34000000357627868600 -0.00489083211869001389
-0.33000001311302185100 -0.00487458612769842148
-0.31999999284744262700 -0.00486997282132506371
-0.31000000238418579100 -0.00486980704590678215
-0.30000001192092895500 -0.00487681105732917786
-0.28999999165534973100 -0.00487796403467655182
-0.28000000119209289500 -0.00487319286912679672
-0.27000001072883606000 -0.00488606095314025879
-0.25999999046325683600 -0.00488197105005383492
-0.25000000000000000000 -0.00486523890867829323
-0.23999999463558197000 -0.00487015116959810257
-0.23000000417232513400 -0.00486158020794391632
-0.21999999880790710400 -0.00484601221978664398
-0.20999999344348907500 -0.00485465815290808678
-0.20000000298023223900 -0.00486278114840388298
-0.18999999761581420900 -0.00485833082348108292
-0.18000000715255737300 -0.00487159704789519310
-0.17000000178813934300 -0.00487671094015240669
-0.15999999642372131300 -0.00486582377925515175
-0.15000000596046447800 -0.00486746896058320999
-0.14000000059604644800 -0.00486024422571063042
-0.12999999523162841800 -0.00483676418662071228
-0.11999999731779098500 -0.00483123585581779480
-0.10999999940395355200 -0.00483291316777467728
-0.10000000149011611900 -0.00483542587608098984
-0.09000000357627868650 -0.00484771188348531723
-0.07999999821186065670 -0.00484483083710074425
-0.07000000029802322390 -0.00484861992299556732
-0.05999999865889549260 -0.00485163601115345955
-0.05000000074505805970 -0.00483748689293861389
-0.03999999910593032840 -0.00483625102788209915
-0.02999999932944774630 -0.00483500584959983826
-0.01999999955296516420 -0.00481700291857123375
-0.00999999977648258210 -0.00481498613953590393
0.00000000000000000000 -0.00483125122264027596
0.00999999977648258210 -0.00483029987663030625
0.01999999955296516420 -0.00482717994600534439
0.02999999932944774630 -0.00483154691755771637
0.03999999910593032840 -0.00483708316460251808
0.05000000074505805970 -0.00482140621170401573
0.05999999865889549260 -0.00482114590704441071
0.07000000029802322390 -0.00481694191694259644
0.07999999821186065670 -0.00479597691446542740
0.09000000357627868650 -0.00480230804532766342
0.10000000149011611900 -0.00480580423027276993
0.10999999940395355200 -0.00479891803115606308
0.11999999731779098500 -0.00480083189904689789
0.12999999523162841800 -0.00480624102056026459
0.14000000059604644800 -0.00480162492021918297
0.15000000596046447800 -0.00479523697867989540
0.15999999642372131300 -0.00479025486856698990
0.17000000178813934300 -0.00477825989946722984
0.18000000715255737300 -0.00476199481636285782
0.18999999761581420900 -0.00475989002734422684
0.20000000298023223900 -0.00475554214790463448
0.20999999344348907500 -0.00475904997438192368
0.21999999880790710400 -0.00475795287638902664
0.23000000417232513400 -0.00474628293886780739
0.23999999463558197000 -0.00475485483184456825
0.25000000000000000000 -0.00473676109686493874
0.25999999046325683600 -0.00471389200538396835
0.27000001072883606000 -0.00470841117203235626
0.28000000119209289500 -0.00468052690848708153
0.28999999165534973100 -0.00465541519224643707
0.30000001192092895500 -0.00464862678200006485
0.31000000238418579100 -0.00463254796341061592
0.31999999284744262700 -0.00460551586002111435
0.33000001311302185100 -0.00459142215549945831
0.34000000357627868600 -0.00456477608531713486
0.34999999403953552200 -0.00451842416077852249
0.36000001430511474600 -0.00448055285960435867
0.37000000476837158200 -0.00443451898172497749
0.37999999523162841800 -0.00436686491593718529
0.38999998569488525400 -0.00430933712050318718
0.40000000596046447700 -0.00424699485301971436
0.40999999642372131300 -0.00417335703969001770
0.41999998688697814900 -0.00410444522276520729
0.43000000715255737300 -0.00401365989819169045
0.43999999761581420900 -0.00391897279769182205
0.44999998807907104500 -0.00381198595277965069
0.46000000834465026800 -0.00369196501560509205
0.46999999880790710400 -0.00356591097079217434
0.47999998927116394000 -0.00343241891823709011
0.49000000953674316400 -0.00328198191709816456
0.50000000000000000000 -0.00313195399940013886
0.50999999046325683600 -0.00298065203242003918
0.51999998092651367200 -0.00281483400613069534
0.52999997138977050800 -0.00264049298129975796
0.54000002145767211900 -0.00246821506880223751
0.55000001192092895500 -0.00228134403005242348
0.56000000238418579100 -0.00208476092666387558
0.56999999284744262700 -0.00189879396930336952
0.57999998331069946300 -0.00170097302179783583
0.58999997377395629900 -0.00149762595538049936
0.60000002384185791000 -0.00130541098769754171
0.61000001430511474600 -0.00110758794471621513
0.62000000476837158200 -0.00092979968758299947
0.62999999523162841800 -0.00072458968497812748
0.63999998569488525400 -0.00052616512402892113
0.64999997615814209000 -0.00033142248867079616
0.66000002622604370100 -0.00014064299466554075
0.67000001668930053700 0.00003811636997852474
0.68000000715255737300 0.00021779070084448904
0.68999999761581420900 0.00041208771290257573
0.69999998807907104500 0.00060357997426763177
0.70999997854232788100 0.00079283060040324926
0.72000002861022949200 0.00098283763509243727
0.73000001907348632800 0.00116408604662865400
0.74000000953674316400 0.00136064901016652584
0.75000000000000000000 0.00155799696221947670
0.75999999046325683600 0.00175913295242935419
0.76999998092651367200 0.00196237000636756420
0.77999997138977050800 0.00217129499651491642
0.79000002145767211900 0.00238603795878589153
0.80000001192092895500 0.00260281702503561974
0.81000000238418579100 0.00282808090560138226
0.81999999284744262700 0.00306143588386476040
0.82999998331069946300 0.00329934805631637573
0.83999997377395629900 0.00354685611091554165
0.85000002384185791000 0.00380133511498570442
0.86000001430511474600 0.00406184792518615723
0.87000000476837158200 0.00432974100112915039
0.87999999523162841800 0.00460335798561573029
0.88999998569488525400 0.00488616013899445534
0.89999997615814209000 0.00517665687948465347
0.91000002622604370100 0.00547276996076107025
0.92000001668930053700 0.00578200398012995720
0.93000000715255737300 0.00610307697206735611
0.93999999761581420900 0.00643070600926876068
0.94999998807907104500 0.00676235696300864220
0.95999997854232788100 0.00710956286638975144
0.97000002861022949200 0.00745875993743538857
0.98000001907348632800 0.00780882081016898155
0.99000000953674316400 0.00818177498877048493
1.00000000000000000000 0.00855414010584354401
