-1.00000000000000000000 -0.00497532589361071587
-0.99000000953674316400 -0.00495935790240764618
-0.98000001907348632800 -0.00495603587478399277
-0.97000002861022949200 -0.00496186595410108566
-0.95999997854232788100 -0.00495806615799665451
-0.94999998807907104500 -0.00497498596087098122
-0.93999999761581420900 -0.00497506884858012200
-0.93000000715255737300 -0.00497693894430994988
-0.92000001668930053700 -0.00497845001518726349
-0.91000002622604370100 -0.00496513908728957176
-0.89999997615814209000 -0.00496247690171003342
-0.88999998569488525400 -0.00496661197394132614
-0.87999999523162841800 -0.00494658900424838066
-0.87000000476837158200 -0.00494722882285714150
-0.86000001430511474600 -0.00496463710442185402
-0.85000002384185791000 -0.00496403407305479050
-0.83999997377395629900 -0.00496461801230907440
-0.82999998331069946300 -0.00497014215216040611
-0.81999999284744262700 -0.00496396282687783241
-0.81000000238418579100 -0.00494416989386081696
-0.80000001192092895500 -0.00494781183078885079
-0.79000002145767211900 -0.00493715098127722740
-0.77999997138977050800 -0.00491568818688392639
-0.76999998092651367200 -0.00493574701249599457
-0.75999999046325683600 -0.00493550812825560570
-0.75000000000000000000 -0.00493851816281676293
-0.74000000953674316400 -0.00494849588721990586
-0.73000001907348632800 -0.00495351478457450867
-0.72000002861022949200 -0.00494390679523348808
-0.70999997854232788100 -0.00494433287531137467
-0.69999998807907104500 -0.00494270818307995796
-0.68999999761581420900 -0.00492666708305478096
-0.68000000715255737300 -0.00491602718830108643
-0.67000001668930053700 -0.00491144694387912750
-0.66000002622604370100 -0.00491393590345978737
-0.64999997615814209000 -0.00491584092378616333
-0.63999998569488525400 -0.00491821998730301857
-0.62999999523162841800 -0.00491677690297365189
-0.62000000476837158200 -0.00492932321503758431
-0.61000001430511474600 -0.00491684814915060997
-0.60000002384185791000 -0.00491507397964596748
-0.58999997377395629900 -0.00491415197029709816
-0.57999998331069946300 -0.00489184400066733360
-0.56999999284744262700 -0.00489228405058383942
-0.56000000238418579100 -0.00490874191746115685
-0.55000001192092895500 -0.00490987394005060196
-0.54000002145767211900 -0.00490861013531684876
-0.52999997138977050800 -0.00492565892636775971
-0.51999998092651367200 -0.00492092082276940346
-0.50999999046325683600 -0.00490835821256041527
-0.50000000000000000000 -0.00493152020499110222
-0.49000000953674316400 -0.00492049800232052803
-0.47999998927116394000 -0.00489938398823142052
-0.46999999880790710400 -0.00491111818701028824
-0.46000000834465026800 -0.00491363694891333580
-0.44999998807907104500 -0.00491179386153817177
-0.43999999761581420900 -0.00492944708094000816
-0.43000000715255737300 -0.00492552295327186585
-0.41999998688697814900 -0.00492730597034096718
-0.40999999642372131300 -0.00492827501147985459
-0.40000000596046447700 -0.00491897901520133019
-0.38999998569488525400 -0.00491501996293663979
-0.37999999523162841800 -0.00491783395409584046
-0.37000000476837158200 -0.00491181481629610062
-0.36000001430511474600 -0.00491692591458559036
-0.34999999403953552200 -0.00493183592334389687
-0.34000000357627868600 -0.00493055582046508789
-0.33000001311302185100 -0.00493062008172273636
-0.31999999284744262700 -0.00494615593925118446
-0.31000000238418579100 -0.00493277283385396004
-0.30000001192092895500 -0.00492143677547574043
-0.28999999165534973100 -0.00492696277797222138
-0.28000000119209289500 -0.00490609789267182350
-0.27000001072883606000 -0.00490122800692915917
-0.25999999046325683600 -0.00491735897958278656
-0.25000000000000000000 -0.00491583719849586487
-0.23999999463558197000 -0.00491861579939723015
-0.23000000417232513400 -0.00493076303973793984
-0.21999999880790710400 -0.00493577308952808380
-0.20999999344348907500 -0.00492266891524195671
-0.20000000298023223900 -0.00493483897298574448
-0.18999999761581420900 -0.00493280915543437004
-0.18000000715255737300 -0.00491111585870385170
-0.17000000178813934300 -0.00491915922611951828
-0.15999999642372131300 -0.00491600809618830681
-0.15000000596046447800 -0.00491825817152857781
-0.14000000059604644800 -0.00492953602224588394
-0.12999999523162841800 -0.00492907082661986351
-0.11999999731779098500 -0.00493159098550677300
-0.10999999940395355200 -0.00493480777367949486
-0.10000000149011611900 -0.00492219580337405205
-0.09000000357627868650 -0.00492161000147461891
-0.07999999821186065670 -0.00491850310936570168
-0.07000000029802322390 -0.00490119913592934609
-0.05999999865889549260 -0.00490429904311895371
-0.05000000074505805970 -0.00491916202008724213
-0.03999999910593032840 -0.00491895899176597595
-0.02999999932944774630 -0.00491594197228550911
-0.01999999955296516420 -0.00493401195853948593
-0.00999999977648258210 -0.00492102093994617462
0.00000000000000000000 -0.00490552885457873345
0.00999999977648258210 -0.00492182793095707894
0.01999999955296516420 -0.00490870513021945954
0.02999999932944774630 -0.00488538015633821488
0.03999999910593032840 -0.00490131322294473648
0.05000000074505805970 -0.00490042520686984062
0.05999999865889549260 -0.00489692995324730873
0.07000000029802322390 -0.00491284579038619995
0.07999999821186065670 -0.00490974821150302887
0.09000000357627868650 -0.00490674981847405434
0.10000000149011611900 -0.00490267481654882431
0.10999999940395355200 -0.00489664496853947640
0.11999999731779098500 -0.00488271890208125115
0.12999999523162841800 -0.00487271277233958244
0.14000000059604644800 -0.00486815115436911583
0.15000000596046447800 -0.00486853998154401779
0.15999999642372131300 -0.00488045392557978630
0.17000000178813934300 -0.00487337214872241020
0.18000000715255737300 -0.00487305503338575363
0.18999999761581420900 -0.00487920083105564118
0.20000000298023223900 -0.00485955690965056420
0.20999999344348907500 -0.00485215522348880768
0.21999999880790710400 -0.00484664691612124443
0.23000000417232513400 -0.00481763621792197228
0.23999999463558197000 -0.00480984896421432495
0.25000000000000000000 -0.00481617311015725136
0.25999999046325683600 -0.00480449013411998749
0.27000001072883606000 -0.00479232007637619972
0.28000000119209289500 -0.00478954706341028214
0.28999999165534973100 -0.00477507291361689568
0.30000001192092895500 -0.00474579678848385811
0.31000000238418579100 -0.00472960388287901878
0.31999999284744262700 -0.00469983601942658425
0.33000001311302185100 -0.00465107802301645279
0.34000000357627868600 -0.00463023409247398377
0.34999999403953552200 -0.00459275580942630768
0.36000001430511474600 -0.00455699395388364792
0.37000000476837158200 -0.00451772101223468781
0.37999999523162841800 -0.00446560699492692948
0.38999998569488525400 -0.00440774997696280480
0.40000000596046447700 -0.00434244284406304360
0.40999999642372131300 -0.00426004501059651375
0.41999998688697814900 -0.00417517498135566712
0.43000000715255737300 -0.00407639378681778908
0.43999999761581420900 -0.00397350220009684563
0.44999998807907104500 -0.00386960897594690323
0.46000000834465026800 -0.00375801208429038525
0.46999999880790710400 -0.00363163300789892674
0.47999998927116394000 -0.00349462497979402542
0.49000000953674316400 -0.00335907889530062676
0.50000000000000000000 -0.00319511000998318195
0.50999999046325683600 -0.00302855391055345535
0.51999998092651367200 -0.00286208209581673145
0.52999997138977050800 -0.00267576891928911209
0.54000002145767211900 -0.00249168509617447853
0.55000001192092895500 -0.00231061689555644989
0.56000000238418579100 -0.00211548409424722195
0.56999999284744262700 -0.00191707396879792214
0.57999998331069946300 -0.00171652401331812143
0.58999997377395629900 -0.00150858098641037941
0.60000002384185791000 -0.00129689404275268316
0.61000001430511474600 -0.00108315900433808565
0.62000000476837158200 -0.00088849797612056136
0.62999999523162841800 -0.00066524621797725558
0.63999998569488525400 -0.00044536139466799796
0.64999997615814209000 -0.00022608820290770382
0.66000002622604370100 -0.00003331564948894084
0.67000001668930053700 0.00018266630650032312
0.68000000715255737300 0.00040823948802426457
0.68999999761581420900 0.00063218688592314720
0.69999998807907104500 0.00085468712495639920
0.70999997854232788100 0.00106962700374424458
0.72000002861022949200 0.00129872804973274469
0.73000001907348632800 0.00152747100219130516
0.74000000953674316400 0.00175704597495496273
0.75000000000000000000 0.00199043797329068184
0.75999999046325683600 0.00222673709504306316
0.76999998092651367200 0.00246477103792130947
0.77999997138977050800 0.00270897103473544121
0.79000002145767211900 0.00295695802196860314
0.80000001192092895500 0.00320809404365718365
0.81000000238418579100 0.00346740894019603729
0.81999999284744262700 0.00373451109044253826
0.82999998331069946300 0.00400613201782107353
0.83999997377395629900 0.00428320094943046570
0.85000002384185791000 0.00457094283774495125
0.86000001430511474600 0.00485863303765654564
0.87000000476837158200 0.00515162898227572441
0.87999999523162841800 0.00545958103612065315
0.88999998569488525400 0.00576624413952231407
0.89999997615814209000 0.00607979297637939453
0.91000002622604370100 0.00640869699418544770
0.92000001668930053700 0.00674342690035700798
0.93000000715255737300 0.00708256522193551064
0.93999999761581420900 0.00743647711351513863
0.94999998807907104500 0.00779368216171860695
0.95999997854232788100 0.00815228745341300965
0.97000002861022949200 0.00852054543793201447
0.98000001907348632800 0.00889748334884643555
0.99000000953674316400 0.00927483756095170975
1.00000000000000000000 0.00966356322169303894
