-1.00000000000000000000 -0.00468055577948689461
-0.99000000953674316400 -0.00467345397919416428
-0.98000001907348632800 -0.00467758812010288239
-0.97000002861022949200 -0.00466487416997551918
-0.95999997854232788100 -0.00465477909892797470
-0.94999998807907104500 -0.00465471297502517700
-0.93999999761581420900 -0.00464536109939217568
-0.93000000715255737300 -0.00465099001303315163
-0.92000001668930053700 -0.00465721311047673226
-0.91000002622604370100 -0.00465922011062502861
-0.89999997615814209000 -0.00465997494757175446
-0.88999998569488525400 -0.00464600883424282074
-0.87999999523162841800 -0.00464373314753174782
-0.87000000476837158200 -0.00464442092925310135
-0.86000001430511474600 -0.00463217496871948242
-0.85000002384185791000 -0.00463591795414686203
-0.83999997377395629900 -0.00464583002030849457
-0.82999998331069946300 -0.00464860722422599793
-0.81999999284744262700 -0.00464861514046788216
-0.81000000238418579100 -0.00466581992805004120
-0.80000001192092895500 -0.00465750601142644882
-0.79000002145767211900 -0.00465259701013565064
-0.77999997138977050800 -0.00466245319694280625
-0.76999998092651367200 -0.00464828079566359520
-0.75999999046325683600 -0.00464369915425777435
-0.75000000000000000000 -0.00465531600639224053
-0.74000000953674316400 -0.00466052116826176644
-0.73000001907348632800 -0.00465802010148763657
-0.72000002861022949200 -0.00466893380507826805
-0.70999997854232788100 -0.00467169703915715218
-0.69999998807907104500 -0.00465984689071774483
-0.68999999761581420900 -0.00466443412005901337
-0.68000000715255737300 -0.00465752603486180306
-0.67000001668930053700 -0.00463393516838550568
-0.66000002622604370100 -0.00464490614831447601
-0.64999997615814209000 -0.00466163922101259232
-0.63999998569488525400 -0.00466017797589302063
-0.62999999523162841800 -0.00467292778193950653
-0.62000000476837158200 -0.00467404490336775780
-0.61000001430511474600 -0.00466956011950969696
-0.60000002384185791000 -0.00466896314173936844
-0.58999997377395629900 -0.00466671120375394821
-0.57999998331069946300 -0.00465336907655000687
-0.56999999284744262700 -0.00464731780812144280
-0.56000000238418579100 -0.00464807497337460518
-0.55000001192092895500 -0.00465032178908586502
-0.54000002145767211900 -0.00466377101838588715
-0.52999997138977050800 -0.00466103293001651764
-0.51999998092651367200 -0.00466812495142221451
-0.50999999046325683600 -0.00466919923201203346
-0.50000000000000000000 -0.00465491786599159241
-0.49000000953674316400 -0.00465356698259711266
-0.47999998927116394000 -0.00465305522084236145
-0.46999999880790710400 -0.00464138807728886604
-0.46000000834465026800 -0.00463951798155903816
-0.44999998807907104500 -0.00465466501191258431
-0.43999999761581420900 -0.00465648900717496872
-0.43000000715255737300 -0.00465601403266191483
-0.41999998688697814900 -0.00466553308069705963
-0.40999999642372131300 -0.00465950788930058479
-0.40000000596046447700 -0.00464530289173126221
-0.38999998569488525400 -0.00465256301686167717
-0.37999999523162841800 -0.00463613122701644898
-0.37000000476837158200 -0.00463079288601875305
-0.36000001430511474600 -0.00464443396776914597
-0.34999999403953552200 -0.00464679300785064697
-0.34000000357627868600 -0.00464840000495314598
-0.33000001311302185100 -0.00466215377673506737
-0.31999999284744262700 -0.00465836515650153160
-0.31000000238418579100 -0.00465096207335591316
-0.30000001192092895500 -0.00465398607775568962
-0.28999999165534973100 -0.00464158877730369568
-0.28000000119209289500 -0.00462310714647173882
-0.27000001072883606000 -0.00463658617809414864
-0.25999999046325683600 -0.00463859410956501961
-0.25000000000000000000 -0.00464155897498130798
-0.23999999463558197000 -0.00464816205203533173
-0.23000000417232513400 -0.00465080700814723969
-0.21999999880790710400 -0.00464907195419073105
-0.20999999344348907500 -0.00464257784187793732
-0.20000000298023223900 -0.00464790686964988709
-0.18999999761581420900 -0.00465567596256732941
-0.18000000715255737300 -0.00464355805888772011
-0.17000000178813934300 -0.00464792177081108093
-0.15999999642372131300 -0.00465430412441492081
-0.15000000596046447800 -0.00466110510751605034
-0.14000000059604644800 -0.00466204015538096428
-0.12999999523162841800 -0.00467331521213054657
-0.11999999731779098500 -0.00466727092862129212
-0.10999999940395355200 -0.00464978907257318497
-0.10000000149011611900 -0.00465768389403820038
-0.09000000357627868650 -0.00464066211134195328
-0.07999999821186065670 -0.00462931580841541290
-0.07000000029802322390 -0.00464336294680833817
-0.05999999865889549260 -0.00464339787140488625
-0.05000000074505805970 -0.00464191194623708725
-0.03999999910593032840 -0.00464982213452458382
-0.02999999932944774630 -0.00465125218033790589
-0.01999999955296516420 -0.00463590677827596665
-0.00999999977648258210 -0.00463824486359953880
0.00000000000000000000 -0.00463372888043522835
0.00999999977648258210 -0.00461495202034711838
0.01999999955296516420 -0.00461164396256208420
0.02999999932944774630 -0.00461452221497893334
0.03999999910593032840 -0.00461765099316835404
0.05000000074505805970 -0.00461819395422935486
0.05999999865889549260 -0.00462410785257816315
0.07000000029802322390 -0.00462221913039684296
0.07999999821186065670 -0.00461636111140251160
0.09000000357627868650 -0.00460850819945335388
0.10000000149011611900 -0.00459674885496497154
0.10999999940395355200 -0.00458563212305307388
0.11999999731779098500 -0.00458041578531265259
0.12999999523162841800 -0.00457936711609363556
0.14000000059604644800 -0.00458354316651821137
0.15000000596046447800 -0.00458383606746792793
0.15999999642372131300 -0.00457730004563927651
0.17000000178813934300 -0.00458455178886651993
0.18000000715255737300 -0.00457129022106528282
0.18999999761581420900 -0.00456105405464768410
0.20000000298023223900 -0.00455421907827258110
0.20999999344348907500 -0.00453045591711997986
0.21999999880790710400 -0.00452354503795504570
0.23000000417232513400 -0.00452757906168699265
0.23999999463558197000 -0.00452456902712583542
0.25000000000000000000 -0.00451147509738802910
0.25999999046325683600 -0.00451369909569621086
0.27000001072883606000 -0.00450148480013012886
0.28000000119209289500 -0.00447174720466136933
0.28999999165534973100 -0.00446219602599740029
0.30000001192092895500 -0.00443551316857337952
0.31000000238418579100 -0.00439800787717103958
0.31999999284744262700 -0.00438439799472689629
0.33000001311302185100 -0.00436096405610442162
0.34000000357627868600 -0.00432619499042630196
0.34999999403953552200 -0.00430000387132167816
0.36000001430511474600 -0.00426053395494818688
0.37000000476837158200 -0.00420755194500088692
0.37999999523162841800 -0.00414574798196554184
0.38999998569488525400 -0.00408859690651297569
0.40000000596046447700 -0.00400769198313355446
0.40999999642372131300 -0.00392738683149218559
0.41999998688697814900 -0.00384606909938156605
0.43000000715255737300 -0.00375212705694139004
0.43999999761581420900 -0.00365851796232163906
0.44999998807907104500 -0.00354900001548230648
0.46000000834465026800 -0.00343331694602966309
0.46999999880790710400 -0.00330482795834541321
0.47999998927116394000 -0.00316415494307875633
0.49000000953674316400 -0.00302121206186711788
0.50000000000000000000 -0.00286929402500391007
0.50999999046325683600 -0.00270980899222195149
0.51999998092651367200 -0.00254964898340404034
0.52999997138977050800 -0.00238757906481623650
0.54000002145767211900 -0.00221593305468559265
0.55000001192092895500 -0.00204004603438079357
0.56000000238418579100 -0.00186452304478734732
0.56999999284744262700 -0.00167878798674792051
0.57999998331069946300 -0.00149072997737675905
0.58999997377395629900 -0.00130546104628592730
0.60000002384185791000 -0.00111357902642339468
0.61000001430511474600 -0.00094273302238434553
0.62000000476837158200 -0.00074823212344199419
0.62999999523162841800 -0.00055606901878491044
0.63999998569488525400 -0.00036421199911274016
0.64999997615814209000 -0.00017949829634744674
0.66000002622604370100 -0.00001506696025899146
0.67000001668930053700 0.00016925319505389780
0.68000000715255737300 0.00036009980249218643
0.68999999761581420900 0.00054661039030179381
0.69999998807907104500 0.00073327677091583610
0.70999997854232788100 0.00091852038167417049
0.72000002861022949200 0.00109779695048928261
0.73000001907348632800 0.00128749699797481298
0.74000000953674316400 0.00147630705032497644
0.75000000000000000000 0.00166704994626343250
0.75999999046325683600 0.00186035898514091969
0.76999998092651367200 0.00205421308055520058
0.77999997138977050800 0.00225255708210170269
0.79000002145767211900 0.00245424499735236168
0.80000001192092895500 0.00265690404921770096
0.81000000238418579100 0.00286719109863042832
0.81999999284744262700 0.00308272195979952812
0.82999998331069946300 0.00330080511048436165
0.83999997377395629900 0.00352530600503087044
0.85000002384185791000 0.00375672988593578339
0.86000001430511474600 0.00398798799142241478
0.87000000476837158200 0.00422462401911616326
0.87999999523162841800 0.00447138212621212006
0.88999998569488525400 0.00471715210005640984
0.89999997615814209000 0.00496991397812962532
0.91000002622604370100 0.00523521006107330322
0.92000001668930053700 0.00550138996914029122
0.93000000715255737300 0.00577553408220410347
0.93999999761581420900 0.00605631479993462563
0.94999998807907104500 0.00634145084768533707
0.95999997854232788100 0.00662895012646913529
0.97000002861022949200 0.00692311115562915802
0.98000001907348632800 0.00722203403711318970
0.99000000953674316400 0.00752604706212878228
1.00000000000000000000 0.00783890392631292343
