-1.00000000000000000000 -0.00536295911297202110
-0.99000000953674316400 -0.00534239783883094788
-0.98000001907348632800 -0.00532191200181841850
-0.97000002861022949200 -0.00530111510306596756
-0.95999997854232788100 -0.00527815613895654678
-0.94999998807907104500 -0.00526969088241457939
-0.93999999761581420900 -0.00525994878262281418
-0.93000000715255737300 -0.00525342114269733429
-0.92000001668930053700 -0.00524666998535394669
-0.91000002622604370100 -0.00523235695436596871
-0.89999997615814209000 -0.00523283984512090683
-0.88999998569488525400 -0.00522057479247450829
-0.87999999523162841800 -0.00520282378420233727
-0.87000000476837158200 -0.00519298389554023743
-0.86000001430511474600 -0.00516027398407459259
-0.85000002384185791000 -0.00514891417697072029
-0.83999997377395629900 -0.00514924293383955956
-0.82999998331069946300 -0.00513954786583781243
-0.81999999284744262700 -0.00512704579159617424
-0.81000000238418579100 -0.00512924510985612869
-0.80000001192092895500 -0.00512069603428244591
-0.79000002145767211900 -0.00509833311662077904
-0.77999997138977050800 -0.00509222177788615227
-0.76999998092651367200 -0.00507706496864557266
-0.75999999046325683600 -0.00504908012226223946
-0.75000000000000000000 -0.00504504377022385597
-0.74000000953674316400 -0.00504222698509693146
-0.73000001907348632800 -0.00503392377868294716
-0.72000002861022949200 -0.00503699388355016709
-0.70999997854232788100 -0.00502786180004477501
-0.69999998807907104500 -0.00502169085666537285
-0.68999999761581420900 -0.00501362700015306473
-0.68000000715255737300 -0.00499856006354093552
-0.67000001668930053700 -0.00498130684718489647
-0.66000002622604370100 -0.00496519496664404869
-0.64999997615814209000 -0.00494357710704207420
-0.63999998569488525400 -0.00493551511317491532
-0.62999999523162841800 -0.00494214380159974098
-0.62000000476837158200 -0.00493360916152596474
-0.61000001430511474600 -0.00492673087865114212
-0.60000002384185791000 -0.00493356399238109589
-0.58999997377395629900 -0.00490579707548022270
-0.57999998331069946300 -0.00489075388759374619
-0.56999999284744262700 -0.00489002885296940804
-0.56000000238418579100 -0.00486304005607962608
-0.55000001192092895500 -0.00485185394063591957
-0.54000002145767211900 -0.00486354995518922806
-0.52999997138977050800 -0.00485454499721527100
-0.51999998092651367200 -0.00485276104882359505
-0.50999999046325683600 -0.00485710799694061279
-0.50000000000000000000 -0.00485420785844326019
-0.49000000953674316400 -0.00483646802604198456
-0.47999998927116394000 -0.00483922101557254791
-0.46999999880790710400 -0.00482425093650817871
-0.46000000834465026800 -0.00480002304539084435
-0.44999998807907104500 -0.00480151409283280373
-0.43999999761581420900 -0.00479851476848125458
-0.43000000715255737300 -0.00479262880980968476
-0.41999998688697814900 -0.00479980697855353356
-0.40999999642372131300 -0.00479312520474195480
-0.40000000596046447700 -0.00478874519467353821
-0.38999998569488525400 -0.00478458311408758164
-0.37999999523162841800 -0.00477021001279354096
-0.37000000476837158200 -0.00475814007222652435
-0.36000001430511474600 -0.00474443007260560990
-0.34999999403953552200 -0.00473554711788892746
-0.34000000357627868600 -0.00473637413233518601
-0.33000001311302185100 -0.00474428292363882065
-0.31999999284744262700 -0.00474122399464249611
-0.31000000238418579100 -0.00473624793812632561
-0.30000001192092895500 -0.00474609388038516045
-0.28999999165534973100 -0.00473822187632322312
-0.28000000119209289500 -0.00473143113777041435
-0.27000001072883606000 -0.00472902879118919373
-0.25999999046325683600 -0.00470477296039462090
-0.25000000000000000000 -0.00469802506268024445
-0.23999999463558197000 -0.00470726378262042999
-0.23000000417232513400 -0.00470619183033704758
-0.21999999880790710400 -0.00470070494338870049
-0.20999999344348907500 -0.00470671476796269417
-0.20000000298023223900 -0.00470650196075439453
-0.18999999761581420900 -0.00469149602577090264
-0.18000000715255737300 -0.00469614192843437195
-0.17000000178813934300 -0.00467825820669531822
-0.15999999642372131300 -0.00465631997212767601
-0.15000000596046447800 -0.00465583382174372673
-0.14000000059604644800 -0.00466817384585738182
-0.12999999523162841800 -0.00466577289626002312
-0.11999999731779098500 -0.00467230891808867455
-0.10999999940395355200 -0.00466526998206973076
-0.10000000149011611900 -0.00466429395601153374
-0.09000000357627868650 -0.00465545291081070900
-0.07999999821186065670 -0.00465036602690815926
-0.07000000029802322390 -0.00463885022327303887
-0.05999999865889549260 -0.00462599890306591988
-0.05000000074505805970 -0.00462189503014087677
-0.03999999910593032840 -0.00462411902844905853
-0.02999999932944774630 -0.00463022384792566300
-0.01999999955296516420 -0.00462410179898142815
-0.00999999977648258210 -0.00463044503703713417
0.00000000000000000000 -0.00463027600198984146
0.00999999977648258210 -0.00461908010765910149
0.01999999955296516420 -0.00460825208574533463
0.02999999932944774630 -0.00460803182795643807
0.03999999910593032840 -0.00458616204559803009
0.05000000074505805970 -0.00457823183387517929
0.05999999865889549260 -0.00458683213219046593
0.07000000029802322390 -0.00458188587799668312
0.07999999821186065670 -0.00457968097180128098
0.09000000357627868650 -0.00458206795156002045
0.10000000149011611900 -0.00457905000075697899
0.10999999940395355200 -0.00456515792757272720
0.11999999731779098500 -0.00456572510302066803
0.12999999523162841800 -0.00455069588497281075
0.14000000059604644800 -0.00452285120263695717
0.15000000596046447800 -0.00452035712078213692
0.15999999642372131300 -0.00451475288718938828
0.17000000178813934300 -0.00451161200180649758
0.18000000715255737300 -0.00450835004448890686
0.18999999761581420900 -0.00449900887906551361
0.20000000298023223900 -0.00449124677106738091
0.20999999344348907500 -0.00447633909061551094
0.21999999880790710400 -0.00445893686264753342
0.23000000417232513400 -0.00444100517779588699
0.23999999463558197000 -0.00441003311425447464
0.25000000000000000000 -0.00440166983753442764
0.25999999046325683600 -0.00439229188486933708
0.27000001072883606000 -0.00437919702380895615
0.28000000119209289500 -0.00435743900015950203
0.28999999165534973100 -0.00433681020513176918
0.30000001192092895500 -0.00431793881580233574
0.31000000238418579100 -0.00427373684942722321
0.31999999284744262700 -0.00424023391678929329
0.33000001311302185100 -0.00419872486963868141
0.34000000357627868600 -0.00414047902449965477
0.34999999403953552200 -0.00409347005188465119
0.36000001430511474600 -0.00404970394447445870
0.37000000476837158200 -0.00399192096665501595
0.37999999523162841800 -0.00393450492992997170
0.38999998569488525400 -0.00386643200181424618
0.40000000596046447700 -0.00378753710538148880
0.40999999642372131300 -0.00369791989214718342
0.41999998688697814900 -0.00360204395838081837
0.43000000715255737300 -0.00349347107112407684
0.43999999761581420900 -0.00337634305469691754
0.44999998807907104500 -0.00325904297642409802
0.46000000834465026800 -0.00313625601120293140
0.46999999880790710400 -0.00300806295126676560
0.47999998927116394000 -0.00287101604044437409
0.49000000953674316400 -0.00272156507708132267
0.50000000000000000000 -0.00257233809679746628
0.50999999046325683600 -0.00240730307996273041
0.51999998092651367200 -0.00223777210339903832
0.52999997138977050800 -0.00206517498008906841
0.54000002145767211900 -0.00188031804282218218
0.55000001192092895500 -0.00170011899899691343
0.56000000238418579100 -0.00151827500667423010
0.56999999284744262700 -0.00133307999931275845
0.57999998331069946300 -0.00114181102253496647
0.58999997377395629900 -0.00096397422021254897
0.60000002384185791000 -0.00076578120933845639
0.61000001430511474600 -0.00057100562844425440
0.62000000476837158200 -0.00037967719254083931
0.62999999523162841800 -0.00018909780192188919
0.63999998569488525400 0.00000013680299559837
0.64999997615814209000 0.00018707869458012283
0.66000002622604370100 0.00038176629459485412
0.67000001668930053700 0.00057525810552760959
0.68000000715255737300 0.00076499878196045756
0.68999999761581420900 0.00095680321101099253
0.69999998807907104500 0.00114979001227766275
0.70999997854232788100 0.00134726904798299074
0.72000002861022949200 0.00154162896797060967
0.73000001907348632800 0.00174057099502533674
0.74000000953674316400 0.00194688199553638697
0.75000000000000000000 0.00217015692032873631
0.75999999046325683600 0.00238778395578265190
0.76999998092651367200 0.00261557707563042641
0.77999997138977050800 0.00283564603887498379
0.79000002145767211900 0.00306540890596807003
0.80000001192092895500 0.00330239301547408104
0.81000000238418579100 0.00354808289557695389
0.81999999284744262700 0.00379383494146168232
0.82999998331069946300 0.00403887405991554260
0.83999997377395629900 0.00429140590131282807
0.85000002384185791000 0.00455892598256468773
0.86000001430511474600 0.00481997802853584290
0.87000000476837158200 0.00509853987023234368
0.87999999523162841800 0.00538190687075257302
0.88999998569488525400 0.00573407486081123352
0.89999997615814209000 0.00598862208425998688
0.91000002622604370100 0.00644701579585671425
0.92000001668930053700 0.00657601188868284226
0.93000000715255737300 0.00688774511218070984
0.93999999761581420900 0.00778085784986615181
0.94999998807907104500 0.00757656292989850044
0.95999997854232788100 0.00790107157081365586
0.97000002861022949200 0.00823615770787000656
0.98000001907348632800 0.00855957064777612686
0.99000000953674316400 0.00893229525536298752
1.00000000000000000000 0.00932666100561618805
