-1.00000000000000000000 -0.00474832020699977875
-0.99000000953674316400 -0.00474833697080612183
-0.98000001907348632800 -0.00475953519344329834
-0.97000002861022949200 -0.00475684087723493576
-0.95999997854232788100 -0.00474505219608545304
-0.94999998807907104500 -0.00475118681788444519
-0.93999999761581420900 -0.00472451187670230866
-0.93000000715255737300 -0.00471713021397590637
-0.92000001668930053700 -0.00473423302173614502
-0.91000002622604370100 -0.00473389588296413422
-0.89999997615814209000 -0.00473420601338148117
-0.88999998569488525400 -0.00474041793495416641
-0.87999999523162841800 -0.00474929483607411385
-0.87000000476837158200 -0.00473563000559806824
-0.86000001430511474600 -0.00473860697820782662
-0.85000002384185791000 -0.00473478389903903008
-0.83999997377395629900 -0.00471655977889895439
-0.82999998331069946300 -0.00471927179023623467
-0.81999999284744262700 -0.00472253514453768730
-0.81000000238418579100 -0.00472421990707516670
-0.80000001192092895500 -0.00473619997501373291
-0.79000002145767211900 -0.00474672298878431320
-0.77999997138977050800 -0.00474625220522284508
-0.76999998092651367200 -0.00474987784400582314
-0.75999999046325683600 -0.00473929196596145630
-0.75000000000000000000 -0.00473399693146348000
-0.74000000953674316400 -0.00473229819908738136
-0.73000001907348632800 -0.00472875405102968216
-0.72000002861022949200 -0.00473450683057308197
-0.70999997854232788100 -0.00474631087854504585
-0.69999998807907104500 -0.00474978005513548851
-0.68999999761581420900 -0.00474634207785129547
-0.68000000715255737300 -0.00476775411516427994
-0.67000001668930053700 -0.00475417310371994972
-0.66000002622604370100 -0.00474193878471851349
-0.64999997615814209000 -0.00475319102406501770
-0.63999998569488525400 -0.00473757181316614151
-0.62999999523162841800 -0.00472547300159931183
-0.62000000476837158200 -0.00473741488531231880
-0.61000001430511474600 -0.00474208407104015350
-0.60000002384185791000 -0.00474029593169689179
-0.58999997377395629900 -0.00475319288671016693
-0.57999998331069946300 -0.00475538801401853562
-0.56999999284744262700 -0.00474499911069869995
-0.56000000238418579100 -0.00474563287571072579
-0.55000001192092895500 -0.00474478304386138916
-0.54000002145767211900 -0.00472407881170511246
-0.52999997138977050800 -0.00472633680328726769
-0.51999998092651367200 -0.00473220599815249443
-0.50999999046325683600 -0.00473321694880723953
-0.50000000000000000000 -0.00474748620763421059
-0.49000000953674316400 -0.00475248694419860840
-0.47999998927116394000 -0.00475497404113411904
-0.46999999880790710400 -0.00475312909111380577
-0.46000000834465026800 -0.00474265590310096741
-0.44999998807907104500 -0.00474362121894955635
-0.43999999761581420900 -0.00473986100405454636
-0.43000000715255737300 -0.00472940318286418915
-0.41999998688697814900 -0.00473130913451313973
-0.40999999642372131300 -0.00474763382226228714
-0.40000000596046447700 -0.00474630622193217278
-0.38999998569488525400 -0.00474675698205828667
-0.37999999523162841800 -0.00476238410919904709
-0.37000000476837158200 -0.00475037703290581703
-0.36000001430511474600 -0.00473996717482805252
-0.34999999403953552200 -0.00475006923079490662
-0.34000000357627868600 -0.00473036710172891617
-0.33000001311302185100 -0.00472012395039200783
-0.31999999284744262700 -0.00473592383787035942
-0.31000000238418579100 -0.00473519088700413704
-0.30000001192092895500 -0.00473652780055999756
-0.28999999165534973100 -0.00474645383656024933
-0.28000000119209289500 -0.00475189881399273873
-0.27000001072883606000 -0.00474050221964716911
-0.25999999046325683600 -0.00474314810708165169
-0.25000000000000000000 -0.00473838578909635544
-0.23999999463558197000 -0.00471954001113772392
-0.23000000417232513400 -0.00472614588215947151
-0.21999999880790710400 -0.00472472980618476868
-0.20999999344348907500 -0.00472734682261943817
-0.20000000298023223900 -0.00474045379087328911
-0.18999999761581420900 -0.00474835792556405068
-0.18000000715255737300 -0.00475135119631886482
-0.17000000178813934300 -0.00475414097309112549
-0.15999999642372131300 -0.00473906612023711205
-0.15000000596046447800 -0.00473730312660336495
-0.14000000059604644800 -0.00473217200487852097
-0.12999999523162841800 -0.00472036004066467285
-0.11999999731779098500 -0.00472335284575819969
-0.10999999940395355200 -0.00473714480176568031
-0.10000000149011611900 -0.00473576178774237633
-0.09000000357627868650 -0.00473569380119442940
-0.07999999821186065670 -0.00474870018661022186
-0.07000000029802322390 -0.00473644305020570755
-0.05999999865889549260 -0.00472459616139531136
-0.05000000074505805970 -0.00473192194476723671
-0.03999999910593032840 -0.00471263518556952477
-0.02999999932944774630 -0.00470788776874542236
-0.01999999955296516420 -0.00471814395859837532
-0.00999999977648258210 -0.00471920613199472428
0.00000000000000000000 -0.00471546780318021774
0.00999999977648258210 -0.00473098317161202431
0.01999999955296516420 -0.00473556201905012131
0.02999999932944774630 -0.00472350977361202240
0.03999999910593032840 -0.00472268601879477501
0.05000000074505805970 -0.00471693510189652443
0.05999999865889549260 -0.00470195105299353600
0.07000000029802322390 -0.00470240181311964989
0.07999999821186065670 -0.00470256386324763298
0.09000000357627868650 -0.00470182579010725022
0.10000000149011611900 -0.00471440888941287995
0.10999999940395355200 -0.00470714922994375229
0.11999999731779098500 -0.00471189199015498161
0.12999999523162841800 -0.00470925401896238327
0.14000000059604644800 -0.00469408603385090828
0.15000000596046447800 -0.00468904292210936546
0.15999999642372131300 -0.00468158721923828125
0.17000000178813934300 -0.00467072520405054093
0.18000000715255737300 -0.00466448301449418068
0.18999999761581420900 -0.00467293709516525269
0.20000000298023223900 -0.00466820783913135529
0.20999999344348907500 -0.00466231210157275200
0.21999999880790710400 -0.00466679781675338745
0.23000000417232513400 -0.00464693503454327583
0.23999999463558197000 -0.00462782988324761391
0.25000000000000000000 -0.00462460797280073166
0.25999999046325683600 -0.00458719581365585327
0.27000001072883606000 -0.00456689996644854546
0.28000000119209289500 -0.00456455303356051445
0.28999999165534973100 -0.00454825488850474358
0.30000001192092895500 -0.00452751107513904572
0.31000000238418579100 -0.00451466301456093788
0.31999999284744262700 -0.00448549399152398110
0.33000001311302185100 -0.00444381404668092728
0.34000000357627868600 -0.00440849922597408295
0.34999999403953552200 -0.00436550611630082131
0.36000001430511474600 -0.00430692313238978386
0.37000000476837158200 -0.00426200497895479202
0.37999999523162841800 -0.00420430488884449005
0.38999998569488525400 -0.00414459407329559326
0.40000000596046447700 -0.00408235518261790276
0.40999999642372131300 -0.00400536181405186653
0.41999998688697814900 -0.00392085593193769455
0.43000000715255737300 -0.00383000890724360943
0.43999999761581420900 -0.00371903507038950920
0.44999998807907104500 -0.00360717298462986946
0.46000000834465026800 -0.00348263909108936787
0.46999999880790710400 -0.00334666599519550800
0.47999998927116394000 -0.00321458303369581699
0.49000000953674316400 -0.00307630002498626709
0.50000000000000000000 -0.00292613497003912926
0.50999999046325683600 -0.00276809907518327236
0.51999998092651367200 -0.00261050602421164513
0.52999997138977050800 -0.00243477802723646164
0.54000002145767211900 -0.00225660204887390137
0.55000001192092895500 -0.00208222609944641590
0.56000000238418579100 -0.00189808499999344349
0.56999999284744262700 -0.00171395298093557358
0.57999998331069946300 -0.00153336196672171354
0.58999997377395629900 -0.00134972599335014820
0.60000002384185791000 -0.00116728595457971096
0.61000001430511474600 -0.00100650498643517494
0.62000000476837158200 -0.00081464927643537521
0.62999999523162841800 -0.00063402939122170210
0.63999998569488525400 -0.00045821070671081543
0.64999997615814209000 -0.00028428519726730883
0.66000002622604370100 -0.00011477970110718161
0.67000001668930053700 0.00004190679101157002
0.68000000715255737300 0.00019570300355553627
0.68999999761581420900 0.00036568861105479300
0.69999998807907104500 0.00053157680667936802
0.70999997854232788100 0.00069626688491553068
0.72000002861022949200 0.00086076970910653472
0.73000001907348632800 0.00102669501211494207
0.74000000953674316400 0.00118515896610915661
0.75000000000000000000 0.00135986495297402144
0.75999999046325683600 0.00153730495367199183
0.76999998092651367200 0.00171691901050508022
0.77999997138977050800 0.00190109096001833677
0.79000002145767211900 0.00209337589330971241
0.80000001192092895500 0.00228988006711006165
0.81000000238418579100 0.00249359407462179661
0.81999999284744262700 0.00270520709455013275
0.82999998331069946300 0.00292201200500130653
0.83999997377395629900 0.00314567610621452332
0.85000002384185791000 0.00337640289217233658
0.86000001430511474600 0.00361423310823738575
0.87000000476837158200 0.00385814509354531765
0.87999999523162841800 0.00411039218306541443
0.88999998569488525400 0.00437171105295419693
0.89999997615814209000 0.00464246189221739769
0.91000002622604370100 0.00492375204339623451
0.92000001668930053700 0.00520932720974087715
0.93000000715255737300 0.00550471199676394463
0.93999999761581420900 0.00581058394163846970
0.94999998807907104500 0.00611541187390685082
0.95999997854232788100 0.00643414910882711411
0.97000002861022949200 0.00676203798502683640
0.98000001907348632800 0.00709112593904137612
0.99000000953674316400 0.00743884593248367310
1.00000000000000000000 0.00779655901715159416
