-1.00000000000000000000 -0.00481448089703917504
-0.99000000953674316400 -0.00482759205624461174
-0.98000001907348632800 -0.00481685483828186989
-0.97000002861022949200 -0.00481068482622504234
-0.95999997854232788100 -0.00481599010527133942
-0.94999998807907104500 -0.00480315182358026505
-0.93999999761581420900 -0.00479473499581217766
-0.93000000715255737300 -0.00479739718139171600
-0.92000001668930053700 -0.00480332411825656891
-0.91000002622604370100 -0.00480897584930062294
-0.89999997615814209000 -0.00481562176719307900
-0.88999998569488525400 -0.00481546809896826744
-0.87999999523162841800 -0.00481790816411376000
-0.87000000476837158200 -0.00480953510850667954
-0.86000001430511474600 -0.00480960402637720108
-0.85000002384185791000 -0.00480758119374513626
-0.83999997377395629900 -0.00479385210201144219
-0.82999998331069946300 -0.00479083694517612457
-0.81999999284744262700 -0.00480438396334648132
-0.81000000238418579100 -0.00481080589815974236
-0.80000001192092895500 -0.00480580190196633339
-0.79000002145767211900 -0.00482203811407089234
-0.77999997138977050800 -0.00482132798060774803
-0.76999998092651367200 -0.00480530597269535065
-0.75999999046325683600 -0.00481621082872152329
-0.75000000000000000000 -0.00481690792366862297
-0.74000000953674316400 -0.00479620788246393204
-0.73000001907348632800 -0.00481131486594676972
-0.72000002861022949200 -0.00481635704636573792
-0.70999997854232788100 -0.00481231184676289559
-0.69999998807907104500 -0.00482863979414105416
-0.68999999761581420900 -0.00482929078862071037
-0.68000000715255737300 -0.00482702022418379784
-0.67000001668930053700 -0.00482571404427289963
-0.66000002622604370100 -0.00482499320060014725
-0.64999997615814209000 -0.00481114583089947701
-0.63999998569488525400 -0.00480519887059926987
-0.62999999523162841800 -0.00480232480913400650
-0.62000000476837158200 -0.00480339396744966507
-0.61000001430511474600 -0.00481774099171161652
-0.60000002384185791000 -0.00482965912669897080
-0.58999997377395629900 -0.00483116600662469864
-0.57999998331069946300 -0.00483986409381031990
-0.56999999284744262700 -0.00483333086594939232
-0.56000000238418579100 -0.00482401810586452484
-0.55000001192092895500 -0.00483047310262918472
-0.54000002145767211900 -0.00480676488950848580
-0.52999997138977050800 -0.00480089196935296059
-0.51999998092651367200 -0.00481958407908678055
-0.50999999046325683600 -0.00481821689754724503
-0.50000000000000000000 -0.00481691211462020874
-0.49000000953674316400 -0.00482835201546549797
-0.47999998927116394000 -0.00483370898291468620
-0.46999999880790710400 -0.00482005812227725983
-0.46000000834465026800 -0.00482789799571037293
-0.44999998807907104500 -0.00482131913304328919
-0.43999999761581420900 -0.00480073923245072365
-0.43000000715255737300 -0.00480626709759235382
-0.41999998688697814900 -0.00481198308989405632
-0.40999999642372131300 -0.00481067784130573273
-0.40000000596046447700 -0.00482249911874532700
-0.38999998569488525400 -0.00482263602316379547
-0.37999999523162841800 -0.00482257688418030739
-0.37000000476837158200 -0.00482475385069847107
-0.36000001430511474600 -0.00481211999431252480
-0.34999999403953552200 -0.00480747502297163010
-0.34000000357627868600 -0.00480673322454094887
-0.33000001311302185100 -0.00479473499581217766
-0.31999999284744262700 -0.00480099394917488098
-0.31000000238418579100 -0.00481243105605244637
-0.30000001192092895500 -0.00480598583817481995
-0.28999999165534973100 -0.00480355601757764816
-0.28000000119209289500 -0.00482219597324728966
-0.27000001072883606000 -0.00480963382869958878
-0.25999999046325683600 -0.00479720812290906906
-0.25000000000000000000 -0.00480926083400845528
-0.23999999463558197000 -0.00479121785610914230
-0.23000000417232513400 -0.00478165596723556519
-0.21999999880790710400 -0.00479451287537813187
-0.20999999344348907500 -0.00479706190526485443
-0.20000000298023223900 -0.00479400809854269028
-0.18999999761581420900 -0.00480262609198689461
-0.18000000715255737300 -0.00480291619896888733
-0.17000000178813934300 -0.00479516200721263886
-0.15999999642372131300 -0.00479282811284065247
-0.15000000596046447800 -0.00479158991947770119
-0.14000000059604644800 -0.00477617094293236733
-0.12999999523162841800 -0.00477027613669633866
-0.11999999731779098500 -0.00477099418640136719
-0.10999999940395355200 -0.00477233203127980232
-0.10000000149011611900 -0.00478777801617980004
-0.09000000357627868650 -0.00478312699124217034
-0.07999999821186065670 -0.00478691793978214264
-0.07000000029802322390 -0.00479076988995075226
-0.05999999865889549260 -0.00477635487914085388
-0.05000000074505805970 -0.00477511622011661530
-0.03999999910593032840 -0.00477522099390625954
-0.02999999932944774630 -0.00475387088954448700
-0.01999999955296516420 -0.00475636078044772148
-0.00999999977648258210 -0.00477264495566487312
0.00000000000000000000 -0.00476664304733276367
0.00999999977648258210 -0.00476573081687092781
0.01999999955296516420 -0.00477400794625282288
0.02999999932944774630 -0.00477676792070269585
0.03999999910593032840 -0.00476045906543731690
0.05000000074505805970 -0.00476652476936578751
0.05999999865889549260 -0.00475852005183696747
0.07000000029802322390 -0.00473078293725848198
0.07999999821186065670 -0.00474213901907205582
0.09000000357627868650 -0.00473968312144279480
0.10000000149011611900 -0.00473938276991248131
0.10999999940395355200 -0.00474855490028858185
0.11999999731779098500 -0.00474384520202875137
0.12999999523162841800 -0.00474351085722446442
0.14000000059604644800 -0.00473895901814103127
0.15000000596046447800 -0.00473638810217380524
0.15999999642372131300 -0.00472734682261943817
0.17000000178813934300 -0.00472047319635748863
0.18000000715255737300 -0.00471039209514856339
0.18999999761581420900 -0.00470713898539543152
0.20000000298023223900 -0.00471735699102282524
0.20999999344348907500 -0.00471829902380704880
0.21999999880790710400 -0.00470553198829293251
0.23000000417232513400 -0.00471686199307441712
0.23999999463558197000 -0.00469581782817840576
0.25000000000000000000 -0.00468099396675825119
0.25999999046325683600 -0.00468465406447649002
0.27000001072883606000 -0.00465284101665019989
0.28000000119209289500 -0.00463671283796429634
0.28999999165534973100 -0.00463529210537672043
0.30000001192092895500 -0.00461946520954370499
0.31000000238418579100 -0.00459861801937222481
0.31999999284744262700 -0.00459064310416579247
0.33000001311302185100 -0.00456745596602559090
0.34000000357627868600 -0.00452572898939251900
0.34999999403953552200 -0.00449439417570829392
0.36000001430511474600 -0.00444922922179102898
0.37000000476837158200 -0.00438815215602517128
0.37999999523162841800 -0.00434193387627601624
0.38999998569488525400 -0.00428651412948966026
0.40000000596046447700 -0.00422574020922183991
0.40999999642372131300 -0.00417044712230563164
0.41999998688697814900 -0.00408733217045664787
0.43000000715255737300 -0.00400145491585135460
0.43999999761581420900 -0.00390233309008181095
0.44999998807907104500 -0.00378987006843090058
0.46000000834465026800 -0.00367332994937896729
0.46999999880790710400 -0.00354005792178213596
0.47999998927116394000 -0.00340424198657274246
0.49000000953674316400 -0.00326247303746640682
0.50000000000000000000 -0.00312117091380059719
0.50999999046325683600 -0.00296167400665581226
0.51999998092651367200 -0.00279817101545631886
0.52999997138977050800 -0.00263112597167491913
0.54000002145767211900 -0.00244901305995881558
0.55000001192092895500 -0.00226192409172654152
0.56000000238418579100 -0.00207933806814253330
0.56999999284744262700 -0.00188435101881623268
0.57999998331069946300 -0.00168818305246531963
0.58999997377395629900 -0.00149921094998717308
0.60000002384185791000 -0.00130429700948297977
0.61000001430511474600 -0.00111101695802062750
0.62000000476837158200 -0.00093533721519634128
0.62999999523162841800 -0.00073123828042298555
0.63999998569488525400 -0.00053717999253422022
0.64999997615814209000 -0.00034508190583437681
0.66000002622604370100 -0.00015540669846814126
0.67000001668930053700 0.00002123303056578152
0.68000000715255737300 0.00019698360119946301
0.68999999761581420900 0.00038910849252715707
0.69999998807907104500 0.00057551782811060548
0.70999997854232788100 0.00076136412099003792
0.72000002861022949200 0.00094777852063998580
0.73000001907348632800 0.00112502602860331535
0.74000000953674316400 0.00131639000028371811
0.75000000000000000000 0.00150900101289153099
0.75999999046325683600 0.00170348200481384993
0.76999998092651367200 0.00190163601655513048
0.77999997138977050800 0.00210373708978295326
0.79000002145767211900 0.00230879592709243298
0.80000001192092895500 0.00252087903209030628
0.81000000238418579100 0.00273961899802088738
0.81999999284744262700 0.00296364305540919304
0.82999998331069946300 0.00319536100141704083
0.83999997377395629900 0.00343184103257954121
0.85000002384185791000 0.00367708597332239151
0.86000001430511474600 0.00392705108970403671
0.87000000476837158200 0.00418334314599633217
0.87999999523162841800 0.00444761896505951882
0.88999998569488525400 0.00471653603017330170
0.89999997615814209000 0.00499523384496569634
0.91000002622604370100 0.00528516713529825211
0.92000001668930053700 0.00558420503512024880
0.93000000715255737300 0.00588796520605683327
0.93999999761581420900 0.00620121508836746216
0.94999998807907104500 0.00652405805885791779
0.95999997854232788100 0.00684727309271693230
0.97000002861022949200 0.00718098087236285210
0.98000001907348632800 0.00752663705497980118
0.99000000953674316400 0.00786984525620937348
1.00000000000000000000 0.00822949688881635666
