-1.00000000000000000000 -0.00489127915352582932
-0.99000000953674316400 -0.00487734610214829445
-0.98000001907348632800 -0.00487196911126375199
-0.97000002861022949200 -0.00487742479890584946
-0.95999997854232788100 -0.00485498504713177681
-0.94999998807907104500 -0.00485427305102348328
-0.93999999761581420900 -0.00488230586051940918
-0.93000000715255737300 -0.00487829092890024185
-0.92000001668930053700 -0.00488207116723060608
-0.91000002622604370100 -0.00489721680060029030
-0.89999997615814209000 -0.00489507615566253662
-0.88999998569488525400 -0.00488071423023939133
-0.87999999523162841800 -0.00489372108131647110
-0.87000000476837158200 -0.00488127302378416062
-0.86000001430511474600 -0.00486153783276677132
-0.85000002384185791000 -0.00487414002418518067
-0.83999997377395629900 -0.00487462198361754418
-0.82999998331069946300 -0.00488320505246520043
-0.81999999284744262700 -0.00489123491570353508
-0.81000000238418579100 -0.00489124702289700508
-0.80000001192092895500 -0.00488905096426606178
-0.79000002145767211900 -0.00488445302471518517
-0.77999997138977050800 -0.00488219084218144417
-0.76999998092651367200 -0.00487739499658346176
-0.75999999046325683600 -0.00486869597807526589
-0.75000000000000000000 -0.00486706802621483803
-0.74000000953674316400 -0.00487906718626618385
-0.73000001907348632800 -0.00488467421382665634
-0.72000002861022949200 -0.00488727213814854622
-0.70999997854232788100 -0.00489493599161505699
-0.69999998807907104500 -0.00489855976775288582
-0.68999999761581420900 -0.00488221319392323494
-0.68000000715255737300 -0.00488920602947473526
-0.67000001668930053700 -0.00487390113994479180
-0.66000002622604370100 -0.00485343206673860550
-0.64999997615814209000 -0.00486025912687182427
-0.63999998569488525400 -0.00485987123101949692
-0.62999999523162841800 -0.00485714012756943703
-0.62000000476837158200 -0.00486432900652289391
-0.61000001430511474600 -0.00487823178991675377
-0.60000002384185791000 -0.00486683892086148262
-0.58999997377395629900 -0.00486473506316542626
-0.57999998331069946300 -0.00486933812499046326
-0.56999999284744262700 -0.00485598994418978691
-0.56000000238418579100 -0.00484242616221308708
-0.55000001192092895500 -0.00484436517581343651
-0.54000002145767211900 -0.00484834192320704460
-0.52999997138977050800 -0.00485717598348855972
-0.51999998092651367200 -0.00486192712560296059
-0.50999999046325683600 -0.00485855806618928909
-0.50000000000000000000 -0.00487028202041983605
-0.49000000953674316400 -0.00484516378492116928
-0.47999998927116394000 -0.00484444387257099152
-0.46999999880790710400 -0.00484547298401594162
-0.46000000834465026800 -0.00482272915542125702
-0.44999998807907104500 -0.00482463696971535683
-0.43999999761581420900 -0.00483806896954774857
-0.43000000715255737300 -0.00484330579638481140
-0.41999998688697814900 -0.00483975093811750412
-0.40999999642372131300 -0.00485843000933527947
-0.40000000596046447700 -0.00485605979338288307
-0.38999998569488525400 -0.00484201591461896897
-0.37999999523162841800 -0.00485090492293238640
-0.37000000476837158200 -0.00484925601631402970
-0.36000001430511474600 -0.00482701510190963745
-0.34999999403953552200 -0.00484031485393643379
-0.34000000357627868600 -0.00485612312331795693
-0.33000001311302185100 -0.00485413894057273865
-0.31999999284744262700 -0.00486981589347124100
-0.31000000238418579100 -0.00487133720889687538
-0.30000001192092895500 -0.00486802402883768082
-0.28999999165534973100 -0.00486626289784908295
-0.28000000119209289500 -0.00486405007541179657
-0.27000001072883606000 -0.00485099991783499718
-0.25999999046325683600 -0.00484438799321651459
-0.25000000000000000000 -0.00484380405396223068
-0.23999999463558197000 -0.00484535889700055123
-0.23000000417232513400 -0.00486205518245697022
-0.21999999880790710400 -0.00485848495736718178
-0.20999999344348907500 -0.00486020417883992195
-0.20000000298023223900 -0.00487469881772994995
-0.18999999761581420900 -0.00485860509797930718
-0.18000000715255737300 -0.00485489191487431526
-0.17000000178813934300 -0.00485817901790142059
-0.15999999642372131300 -0.00483463192358613014
-0.15000000596046447800 -0.00483345380052924156
-0.14000000059604644800 -0.00485196011140942574
-0.12999999523162841800 -0.00485001783818006516
-0.11999999731779098500 -0.00484996195882558823
-0.10999999940395355200 -0.00486380001530051232
-0.10000000149011611900 -0.00486097717657685280
-0.09000000357627868650 -0.00484582409262657166
-0.07999999821186065670 -0.00485841697081923485
-0.07000000029802322390 -0.00484535796567797661
-0.05999999865889549260 -0.00482073379680514336
-0.05000000074505805970 -0.00483978120610117912
-0.03999999910593032840 -0.00484283408150076866
-0.02999999932944774630 -0.00484354607760906220
-0.01999999955296516420 -0.00485569611191749573
-0.00999999977648258210 -0.00485273078083992005
0.00000000000000000000 -0.00484929420053958893
0.00999999977648258210 -0.00485337991267442703
0.01999999955296516420 -0.00483992416411638260
0.02999999932944774630 -0.00483264494687318802
0.03999999910593032840 -0.00482818298041820526
0.05000000074505805970 -0.00481594307348132134
0.05999999865889549260 -0.00481831701472401619
0.07000000029802322390 -0.00482879485934972763
0.07999999821186065670 -0.00483131920918822289
0.09000000357627868650 -0.00482663186267018318
0.10000000149011611900 -0.00484263710677623749
0.10999999940395355200 -0.00482714595273137093
0.11999999731779098500 -0.00481123197823762894
0.12999999523162841800 -0.00482146488502621651
0.14000000059604644800 -0.00479799183085560799
0.15000000596046447800 -0.00478736497461795807
0.15999999642372131300 -0.00479882583022117615
0.17000000178813934300 -0.00479832990095019341
0.18000000715255737300 -0.00479216920211911202
0.18999999761581420900 -0.00480329990386962891
0.20000000298023223900 -0.00480058602988719940
0.20999999344348907500 -0.00478485785424709320
0.21999999880790710400 -0.00477742590010166168
0.23000000417232513400 -0.00477795721963047981
0.23999999463558197000 -0.00475452700629830361
0.25000000000000000000 -0.00474602822214365006
0.25999999046325683600 -0.00473956391215324402
0.27000001072883606000 -0.00472586182877421379
0.28000000119209289500 -0.00472863577306270600
0.28999999165534973100 -0.00471063377335667610
0.30000001192092895500 -0.00469585321843624115
0.31000000238418579100 -0.00467854086309671402
0.31999999284744262700 -0.00464203488081693649
0.33000001311302185100 -0.00461601512506604195
0.34000000357627868600 -0.00458441395312547684
0.34999999403953552200 -0.00453416211530566216
0.36000001430511474600 -0.00449262280017137528
0.37000000476837158200 -0.00446284282952547074
0.37999999523162841800 -0.00440533598884940148
0.38999998569488525400 -0.00434734998270869255
0.40000000596046447700 -0.00429510511457920075
0.40999999642372131300 -0.00421280320733785629
0.41999998688697814900 -0.00411676196381449700
0.43000000715255737300 -0.00403796415776014328
0.43999999761581420900 -0.00392821198329329491
0.44999998807907104500 -0.00380653096362948418
0.46000000834465026800 -0.00370061304420232773
0.46999999880790710400 -0.00357343000359833241
0.47999998927116394000 -0.00343816890381276608
0.49000000953674316400 -0.00330030708573758602
0.50000000000000000000 -0.00315068103373050690
0.50999999046325683600 -0.00298462994396686554
0.51999998092651367200 -0.00281356507912278175
0.52999997138977050800 -0.00263836910016834736
0.54000002145767211900 -0.00245202099904417992
0.55000001192092895500 -0.00226255296729505062
0.56000000238418579100 -0.00207167188636958599
0.56999999284744262700 -0.00187849299982190132
0.57999998331069946300 -0.00168279104400426149
0.58999997377395629900 -0.00148081604856997728
0.60000002384185791000 -0.00127900799270719290
0.61000001430511474600 -0.00107394403312355280
0.62000000476837158200 -0.00088198849698528647
0.62999999523162841800 -0.00066551601048558950
0.63999998569488525400 -0.00045770700671710074
0.64999997615814209000 -0.00024590169778093696
0.66000002622604370100 -0.00004610433825291693
0.67000001668930053700 0.00015038219862617552
0.68000000715255737300 0.00036432340857572854
0.68999999761581420900 0.00057720817858353257
0.69999998807907104500 0.00078802678035572171
0.70999997854232788100 0.00099900364875793457
0.72000002861022949200 0.00120180496014654636
0.73000001907348632800 0.00141941604670137167
0.74000000953674316400 0.00163516902830451727
0.75000000000000000000 0.00185388897079974413
0.75999999046325683600 0.00207554292865097523
0.76999998092651367200 0.00229843799024820328
0.77999997138977050800 0.00252725393511354923
0.79000002145767211900 0.00276238797232508659
0.80000001192092895500 0.00299943308345973492
0.81000000238418579100 0.00324283004738390446
0.81999999284744262700 0.00349523290060460568
0.82999998331069946300 0.00374742900021374226
0.83999997377395629900 0.00400584284216165543
0.85000002384185791000 0.00427525583654642105
0.86000001430511474600 0.00454444810748100281
0.87000000476837158200 0.00482227606698870659
0.87999999523162841800 0.00511268107220530510
0.88999998569488525400 0.00540287699550390244
0.89999997615814209000 0.00570352980867028237
0.91000002622604370100 0.00601612078025937081
0.92000001668930053700 0.00633194297552108765
0.93000000715255737300 0.00665012979879975319
0.93999999761581420900 0.00698129087686538696
0.94999998807907104500 0.00731491716578602791
0.95999997854232788100 0.00765260495245456696
0.97000002861022949200 0.00800362229347229004
0.98000001907348632800 0.00836242269724607468
0.99000000953674316400 0.00872935913503170014
1.00000000000000000000 0.00910869706422090531
