-1.00000000000000000000 -0.00487725483253598213
-0.99000000953674316400 -0.00488144718110561371
-0.98000001907348632800 -0.00489153200760483742
-0.97000002861022949200 -0.00488872220739722252
-0.95999997854232788100 -0.00489840004593133927
-0.94999998807907104500 -0.00490562012419104576
-0.93999999761581420900 -0.00490522198379039765
-0.93000000715255737300 -0.00489868083968758583
-0.92000001668930053700 -0.00490358611568808556
-0.91000002622604370100 -0.00489002978429198265
-0.89999997615814209000 -0.00487790489569306374
-0.88999998569488525400 -0.00488703278824687004
-0.87999999523162841800 -0.00488372193649411202
-0.87000000476837158200 -0.00489801680669188500
-0.86000001430511474600 -0.00490109110251069069
-0.85000002384185791000 -0.00490124197676777840
-0.83999997377395629900 -0.00491124298423528671
-0.82999998331069946300 -0.00490011693909764290
-0.81999999284744262700 -0.00489566102623939514
-0.81000000238418579100 -0.00489966897293925286
-0.80000001192092895500 -0.00487923203036189079
-0.79000002145767211900 -0.00487744109705090523
-0.77999997138977050800 -0.00489777792245149613
-0.76999998092651367200 -0.00489845592528581619
-0.75999999046325683600 -0.00489620817825198174
-0.75000000000000000000 -0.00491123879328370094
-0.74000000953674316400 -0.00490817101672291756
-0.73000001907348632800 -0.00488958507776260376
-0.72000002861022949200 -0.00490238284692168236
-0.70999997854232788100 -0.00489359302446246147
-0.69999998807907104500 -0.00487054698169231415
-0.68999999761581420900 -0.00488814292475581169
-0.68000000715255737300 -0.00488769588991999626
-0.67000001668930053700 -0.00488715013489127159
-0.66000002622604370100 -0.00490066315978765488
-0.64999997615814209000 -0.00490451790392398834
-0.63999998569488525400 -0.00489977095276117325
-0.62999999523162841800 -0.00489770714193582535
-0.62000000476837158200 -0.00489275483414530754
-0.61000001430511474600 -0.00488062808290123940
-0.60000002384185791000 -0.00487635983154177666
-0.58999997377395629900 -0.00487616006284952164
-0.57999998331069946300 -0.00487815821543335915
-0.56999999284744262700 -0.00489044189453125000
-0.56000000238418579100 -0.00489048892632126808
-0.55000001192092895500 -0.00489343702793121338
-0.54000002145767211900 -0.00490085780620574951
-0.52999997138977050800 -0.00488469190895557404
-0.51999998092651367200 -0.00488430820405483246
-0.50999999046325683600 -0.00488580297678709030
-0.50000000000000000000 -0.00486646220088005066
-0.49000000953674316400 -0.00486983777955174446
-0.47999998927116394000 -0.00488469796255230904
-0.46999999880790710400 -0.00488524883985519409
-0.46000000834465026800 -0.00488427095115184784
-0.44999998807907104500 -0.00490325083956122399
-0.43999999761581420900 -0.00488875107839703560
-0.43000000715255737300 -0.00487697217613458634
-0.41999998688697814900 -0.00488940021023154259
-0.40999999642372131300 -0.00487261312082409859
-0.40000000596046447700 -0.00486011989414691925
-0.38999998569488525400 -0.00487357797101140022
-0.37999999523162841800 -0.00487395282834768295
-0.37000000476837158200 -0.00487763201817870140
-0.36000001430511474600 -0.00488887121900916100
-0.34999999403953552200 -0.00488832779228687287
-0.34000000357627868600 -0.00488521903753280640
-0.33000001311302185100 -0.00487876683473587036
-0.31999999284744262700 -0.00487505504861474037
-0.31000000238418579100 -0.00486580282449722290
-0.30000001192092895500 -0.00486308801919221878
-0.28999999165534973100 -0.00486408406868577004
-0.28000000119209289500 -0.00487216608598828316
-0.27000001072883606000 -0.00488090282306075096
-0.25999999046325683600 -0.00487830908969044686
-0.25000000000000000000 -0.00489434180781245232
-0.23999999463558197000 -0.00488883908838033676
-0.23000000417232513400 -0.00486972415819764137
-0.21999999880790710400 -0.00487965717911720276
-0.20999999344348907500 -0.00486717000603675842
-0.20000000298023223900 -0.00485420878976583481
-0.18999999761581420900 -0.00486209103837609291
-0.18000000715255737300 -0.00486983079463243485
-0.17000000178813934300 -0.00486475601792335510
-0.15999999642372131300 -0.00487664900720119476
-0.15000000596046447800 -0.00488357199355959892
-0.14000000059604644800 -0.00487108388915657997
-0.12999999523162841800 -0.00486545776948332787
-0.11999999731779098500 -0.00486840307712554932
-0.10999999940395355200 -0.00485291797667741776
-0.10000000149011611900 -0.00484581710770726204
-0.09000000357627868650 -0.00485344883054494858
-0.07999999821186065670 -0.00484842015430331230
-0.07000000029802322390 -0.00487177586182951927
-0.05999999865889549260 -0.00487011997029185295
-0.05000000074505805970 -0.00487319799140095711
-0.03999999910593032840 -0.00487440917640924454
-0.02999999932944774630 -0.00485845701768994332
-0.01999999955296516420 -0.00485591078177094460
-0.00999999977648258210 -0.00485341390594840050
0.00000000000000000000 -0.00483988085761666298
0.00999999977648258210 -0.00483636977151036263
0.01999999955296516420 -0.00485021388158202171
0.02999999932944774630 -0.00485356478020548821
0.03999999910593032840 -0.00485191121697425842
0.05000000074505805970 -0.00486384984105825424
0.05999999865889549260 -0.00485815620049834252
0.07000000029802322390 -0.00483644893392920494
0.07999999821186065670 -0.00484736589714884758
0.09000000357627868650 -0.00483394600450992584
0.10000000149011611900 -0.00481354910880327225
0.10999999940395355200 -0.00482281809672713280
0.11999999731779098500 -0.00482445908710360527
0.12999999523162841800 -0.00482190120965242386
0.14000000059604644800 -0.00482976296916604042
0.15000000596046447800 -0.00483213691040873528
0.15999999642372131300 -0.00481942202895879746
0.17000000178813934300 -0.00481417309492826462
0.18000000715255737300 -0.00480892881751060486
0.18999999761581420900 -0.00478913495317101479
0.20000000298023223900 -0.00477791996672749520
0.20999999344348907500 -0.00477488199248909950
0.21999999880790710400 -0.00476766098290681839
0.23000000417232513400 -0.00477216020226478577
0.23999999463558197000 -0.00476470403373241425
0.25000000000000000000 -0.00475293910130858421
0.25999999046325683600 -0.00474973022937774658
0.27000001072883606000 -0.00472138309851288796
0.28000000119209289500 -0.00470376806333661080
0.28999999165534973100 -0.00469023408368229866
0.30000001192092895500 -0.00464768987149000168
0.31000000238418579100 -0.00462792813777923584
0.31999999284744262700 -0.00461381301283836365
0.33000001311302185100 -0.00458300393074750900
0.34000000357627868600 -0.00454550096765160561
0.34999999403953552200 -0.00452107703313231468
0.36000001430511474600 -0.00446190312504768372
0.37000000476837158200 -0.00439469795674085617
0.37999999523162841800 -0.00433930801227688790
0.38999998569488525400 -0.00426624482497572899
0.40000000596046447700 -0.00417760293930768967
0.40999999642372131300 -0.00410676607862114906
0.41999998688697814900 -0.00402231607586145401
0.43000000715255737300 -0.00392316794022917748
0.43999999761581420900 -0.00382977700792253018
0.44999998807907104500 -0.00371743203140795231
0.46000000834465026800 -0.00359025597572326660
0.46999999880790710400 -0.00345951388590037823
0.47999998927116394000 -0.00331858289428055286
0.49000000953674316400 -0.00316601409576833248
0.50000000000000000000 -0.00300819799304008484
0.50999999046325683600 -0.00285010202787816525
0.51999998092651367200 -0.00268368492834270001
0.52999997138977050800 -0.00251536606810986996
0.54000002145767211900 -0.00233733095228672028
0.55000001192092895500 -0.00215939502231776714
0.56000000238418579100 -0.00197944091632962227
0.56999999284744262700 -0.00178962701465934515
0.57999998331069946300 -0.00160032499115914106
0.58999997377395629900 -0.00141403498128056526
0.60000002384185791000 -0.00121971801854670048
0.61000001430511474600 -0.00103336898609995842
0.62000000476837158200 -0.00087471969891339541
0.62999999523162841800 -0.00067671301076188684
0.63999998569488525400 -0.00048761328798718750
0.64999997615814209000 -0.00030836489167995751
0.66000002622604370100 -0.00013048920664004982
0.67000001668930053700 0.00003125421062577516
0.68000000715255737300 0.00019767049525398761
0.68999999761581420900 0.00037785890162922442
0.69999998807907104500 0.00055334117496386170
0.70999997854232788100 0.00072561932029202580
0.72000002861022949200 0.00089945859508588910
0.73000001907348632800 0.00106294604483991861
0.74000000953674316400 0.00124170596245676279
0.75000000000000000000 0.00142075505573302507
0.75999999046325683600 0.00160235597286373377
0.76999998092651367200 0.00178701395634561777
0.77999997138977050800 0.00197497499175369740
0.79000002145767211900 0.00216694688424468041
0.80000001192092895500 0.00236442591995000839
0.81000000238418579100 0.00256577110849320889
0.81999999284744262700 0.00277341692708432674
0.82999998331069946300 0.00298857199959456921
0.83999997377395629900 0.00320892594754695892
0.85000002384185791000 0.00343565898947417736
0.86000001430511474600 0.00366987404413521290
0.87000000476837158200 0.00391106912866234779
0.87999999523162841800 0.00415499089285731316
0.88999998569488525400 0.00440829712897539139
0.89999997615814209000 0.00466727185994386673
0.91000002622604370100 0.00493010599166154862
0.92000001668930053700 0.00520623801276087761
0.93000000715255737300 0.00548734515905380249
0.93999999761581420900 0.00577656505629420281
0.94999998807907104500 0.00607680296525359154
0.95999997854232788100 0.00637842202559113503
0.97000002861022949200 0.00669088400900363922
0.98000001907348632800 0.00700887804850935936
0.99000000953674316400 0.00733134523034095764
1.00000000000000000000 0.00766202295199036598
