-1.00000000000000000000 -0.00484569603577256203
-0.99000000953674316400 -0.00485402112826704979
-0.98000001907348632800 -0.00485583720728754997
-0.97000002861022949200 -0.00486886315047740936
-0.95999997854232788100 -0.00487471092492341995
-0.94999998807907104500 -0.00486096320673823357
-0.93999999761581420900 -0.00486866990104317665
-0.93000000715255737300 -0.00485976319760084152
-0.92000001668930053700 -0.00483592180535197258
-0.91000002622604370100 -0.00484752701595425606
-0.89999997615814209000 -0.00484954612329602242
-0.88999998569488525400 -0.00485185906291007996
-0.87999999523162841800 -0.00486106099560856819
-0.87000000476837158200 -0.00486303120851516724
-0.86000001430511474600 -0.00486356392502784729
-0.85000002384185791000 -0.00486154109239578247
-0.83999997377395629900 -0.00484738685190677643
-0.82999998331069946300 -0.00483702495694160462
-0.81999999284744262700 -0.00482600601390004158
-0.81000000238418579100 -0.00482839299365878105
-0.80000001192092895500 -0.00483215507119894028
-0.79000002145767211900 -0.00484487507492303848
-0.77999997138977050800 -0.00484425714239478111
-0.76999998092651367200 -0.00484800292178988457
-0.75999999046325683600 -0.00485102320089936257
-0.75000000000000000000 -0.00483458908274769783
-0.74000000953674316400 -0.00483532808721065521
-0.73000001907348632800 -0.00483354181051254273
-0.72000002861022949200 -0.00481432909145951271
-0.70999997854232788100 -0.00481753097847104073
-0.69999998807907104500 -0.00483301188796758652
-0.68999999761581420900 -0.00482610613107681275
-0.68000000715255737300 -0.00482463603839278221
-0.67000001668930053700 -0.00483955722302198410
-0.66000002622604370100 -0.00483684102073311806
-0.64999997615814209000 -0.00482729915529489517
-0.63999998569488525400 -0.00483341189101338387
-0.62999999523162841800 -0.00482219504192471504
-0.62000000476837158200 -0.00480388617143034935
-0.61000001430511474600 -0.00480382097885012627
-0.60000002384185791000 -0.00480464380234479904
-0.58999997377395629900 -0.00480773393064737320
-0.57999998331069946300 -0.00481755612418055535
-0.56999999284744262700 -0.00481493212282657623
-0.56000000238418579100 -0.00481938896700739861
-0.55000001192092895500 -0.00481062801554799080
-0.54000002145767211900 -0.00480961007997393608
-0.52999997138977050800 -0.00480359606444835663
-0.51999998092651367200 -0.00478848908096551895
-0.50999999046325683600 -0.00479231216013431549
-0.50000000000000000000 -0.00479592708870768547
-0.49000000953674316400 -0.00480434205383062363
-0.47999998927116394000 -0.00480115413665771485
-0.46999999880790710400 -0.00481192395091056824
-0.46000000834465026800 -0.00481570279225707054
-0.44999998807907104500 -0.00479902699589729309
-0.43999999761581420900 -0.00480128405615687370
-0.43000000715255737300 -0.00480039184913039208
-0.41999998688697814900 -0.00477719400078058243
-0.40999999642372131300 -0.00478608906269073486
-0.40000000596046447700 -0.00479676993563771248
-0.38999998569488525400 -0.00479096407070755959
-0.37999999523162841800 -0.00480423821136355400
-0.37000000476837158200 -0.00480950297787785530
-0.36000001430511474600 -0.00480618979781866074
-0.34999999403953552200 -0.00479893200099468231
-0.34000000357627868600 -0.00480237789452075958
-0.33000001311302185100 -0.00478818081319332123
-0.31999999284744262700 -0.00477513298392295838
-0.31000000238418579100 -0.00478685880079865456
-0.30000001192092895500 -0.00479013705626130104
-0.28999999165534973100 -0.00480368221178650856
-0.28000000119209289500 -0.00480424612760543823
-0.27000001072883606000 -0.00480537209659814835
-0.25999999046325683600 -0.00481176888570189476
-0.25000000000000000000 -0.00479965982958674431
-0.23999999463558197000 -0.00480625499039888382
-0.23000000417232513400 -0.00480984896421432495
-0.21999999880790710400 -0.00479289703071117401
-0.20999999344348907500 -0.00479404814541339874
-0.20000000298023223900 -0.00480859819799661636
-0.18999999761581420900 -0.00481080217286944390
-0.18000000715255737300 -0.00480957608669996262
-0.17000000178813934300 -0.00482351286336779595
-0.15999999642372131300 -0.00482163205742835999
-0.15000000596046447800 -0.00480243097990751267
-0.14000000059604644800 -0.00481257820501923561
-0.12999999523162841800 -0.00480448408052325249
-0.11999999731779098500 -0.00478313490748405457
-0.10999999940395355200 -0.00479651009663939476
-0.10000000149011611900 -0.00479864189401268959
-0.09000000357627868650 -0.00479862699285149574
-0.07999999821186065670 -0.00480931997299194336
-0.07000000029802322390 -0.00481605716049671173
-0.05999999865889549260 -0.00480357604101300240
-0.05000000074505805970 -0.00480242911726236344
-0.03999999910593032840 -0.00480076903477311134
-0.02999999932944774630 -0.00478682108223438263
-0.01999999955296516420 -0.00477938400581479073
-0.00999999977648258210 -0.00478137983009219170
0.00000000000000000000 -0.00478267297148704529
0.00999999977648258210 -0.00478476705029606819
0.01999999955296516420 -0.00479012122377753258
0.02999999932944774630 -0.00478621385991573334
0.03999999910593032840 -0.00479503395035862923
0.05000000074505805970 -0.00478691514581441879
0.05999999865889549260 -0.00477755581960082054
0.07000000029802322390 -0.00477640284225344658
0.07999999821186065670 -0.00475684180855751038
0.09000000357627868650 -0.00475161988288164139
0.10000000149011611900 -0.00476211588829755783
0.10999999940395355200 -0.00476447585970163346
0.11999999731779098500 -0.00475811818614602089
0.12999999523162841800 -0.00476664816960692406
0.14000000059604644800 -0.00477514183148741722
0.15000000596046447800 -0.00475920783355832100
0.15999999642372131300 -0.00475532701238989830
0.17000000178813934300 -0.00474975490942597389
0.18000000715255737300 -0.00472365692257881165
0.18999999761581420900 -0.00472785206511616707
0.20000000298023223900 -0.00472887000069022179
0.20999999344348907500 -0.00472680293023586273
0.21999999880790710400 -0.00473449379205703736
0.23000000417232513400 -0.00472790002822875977
0.23999999463558197000 -0.00471793487668037415
0.25000000000000000000 -0.00470912596210837364
0.25999999046325683600 -0.00469388486817479134
0.27000001072883606000 -0.00466701108962297440
0.28000000119209289500 -0.00464346678927540779
0.28999999165534973100 -0.00463245110586285591
0.30000001192092895500 -0.00460782181471586228
0.31000000238418579100 -0.00459934584796428681
0.31999999284744262700 -0.00457386206835508347
0.33000001311302185100 -0.00454633822664618492
0.34000000357627868600 -0.00451925303786993027
0.34999999403953552200 -0.00447444105520844460
0.36000001430511474600 -0.00442449608817696572
0.37000000476837158200 -0.00437477789819240570
0.37999999523162841800 -0.00430405978113412857
0.38999998569488525400 -0.00423731701448559761
0.40000000596046447700 -0.00417866604402661324
0.40999999642372131300 -0.00410051597282290459
0.41999998688697814900 -0.00401146896183490753
0.43000000715255737300 -0.00392260402441024780
0.43999999761581420900 -0.00381876807659864426
0.44999998807907104500 -0.00369148398749530316
0.46000000834465026800 -0.00357635202817618847
0.46999999880790710400 -0.00343923200853168964
0.47999998927116394000 -0.00328871700912714005
0.49000000953674316400 -0.00314870406873524189
0.50000000000000000000 -0.00299683795310556889
0.50999999046325683600 -0.00283665396273136139
0.51999998092651367200 -0.00267583900131285191
0.52999997138977050800 -0.00250463094562292099
0.54000002145767211900 -0.00232402398250997067
0.55000001192092895500 -0.00214058998972177506
0.56000000238418579100 -0.00195387098938226700
0.56999999284744262700 -0.00176123005803674460
0.57999998331069946300 -0.00156992301344871521
0.58999997377395629900 -0.00137694994919002056
0.60000002384185791000 -0.00118610600475221872
0.61000001430511474600 -0.00101437594275921583
0.62000000476837158200 -0.00081000279169529676
0.62999999523162841800 -0.00061641552019864321
0.63999998569488525400 -0.00042604500777088106
0.64999997615814209000 -0.00023579099797643721
0.66000002622604370100 -0.00005943614087300375
0.67000001668930053700 0.00011975169763900340
0.68000000715255737300 0.00031214748742058873
0.68999999761581420900 0.00049991148989647627
0.69999998807907104500 0.00068594829645007849
0.70999997854232788100 0.00087128789164125919
0.72000002861022949200 0.00104838400147855282
0.73000001907348632800 0.00123897497542202473
0.74000000953674316400 0.00142861600033938885
0.75000000000000000000 0.00162020605057477951
0.75999999046325683600 0.00181450601667165756
0.76999998092651367200 0.00201083905994892120
0.77999997138977050800 0.00221104105003178120
0.79000002145767211900 0.00241504888981580734
0.80000001192092895500 0.00262376409955322743
0.81000000238418579100 0.00283796200528740883
0.81999999284744262700 0.00305901607498526573
0.82999998331069946300 0.00328384898602962494
0.83999997377395629900 0.00351435900665819645
0.85000002384185791000 0.00375300296582281590
0.86000001430511474600 0.00399270001798868179
0.87000000476837158200 0.00423976220190525055
0.87999999523162841800 0.00449503911659121514
0.88999998569488525400 0.00475014094263315201
0.89999997615814209000 0.00501621700823307038
0.91000002622604370100 0.00529506290331482887
0.92000001668930053700 0.00557398004457354546
0.93000000715255737300 0.00586082506924867630
0.93999999761581420900 0.00615935306996107102
0.94999998807907104500 0.00645716721192002297
0.95999997854232788100 0.00675865402445197106
0.97000002861022949200 0.00707715982571244240
0.98000001907348632800 0.00739297922700643540
0.99000000953674316400 0.00771229481324553490
1.00000000000000000000 0.00805109925568103791
