-1.00000000000000000000 -0.00438429880887269974
-0.99000000953674316400 -0.00438325712457299233
-0.98000001907348632800 -0.00438479101285338402
-0.97000002861022949200 -0.00439235381782054901
-0.95999997854232788100 -0.00439800182357430458
-0.94999998807907104500 -0.00438385503366589546
-0.93999999761581420900 -0.00438159285113215447
-0.93000000715255737300 -0.00437502097338438034
-0.92000001668930053700 -0.00435739196836948395
-0.91000002622604370100 -0.00436463719233870506
-0.89999997615814209000 -0.00436718715354800224
-0.88999998569488525400 -0.00436872988939285278
-0.87999999523162841800 -0.00438010180369019508
-0.87000000476837158200 -0.00438207620754837990
-0.86000001430511474600 -0.00437955511733889580
-0.85000002384185791000 -0.00438466481864452362
-0.83999997377395629900 -0.00437526497989892960
-0.82999998331069946300 -0.00436842720955610275
-0.81999999284744262700 -0.00436178315430879593
-0.81000000238418579100 -0.00435661617666482926
-0.80000001192092895500 -0.00435756798833608627
-0.79000002145767211900 -0.00436211191117763519
-0.77999997138977050800 -0.00436253007501363754
-0.76999998092651367200 -0.00436120107769966126
-0.75999999046325683600 -0.00437600212171673775
-0.75000000000000000000 -0.00436366815119981766
-0.74000000953674316400 -0.00435747485607862473
-0.73000001907348632800 -0.00435924110934138298
-0.72000002861022949200 -0.00434426218271255493
-0.70999997854232788100 -0.00433875015005469322
-0.69999998807907104500 -0.00435307901352643967
-0.68999999761581420900 -0.00435589905828237534
-0.68000000715255737300 -0.00435517681762576103
-0.67000001668930053700 -0.00436789309605956078
-0.66000002622604370100 -0.00436495803296566010
-0.64999997615814209000 -0.00435617612674832344
-0.63999998569488525400 -0.00436510704457759857
-0.62999999523162841800 -0.00435711722820997238
-0.62000000476837158200 -0.00433977600187063217
-0.61000001430511474600 -0.00434732390567660332
-0.60000002384185791000 -0.00435172906145453453
-0.58999997377395629900 -0.00435272091999650002
-0.57999998331069946300 -0.00436600903049111366
-0.56999999284744262700 -0.00436254683881998062
-0.56000000238418579100 -0.00436555780470371246
-0.55000001192092895500 -0.00437314203009009361
-0.54000002145767211900 -0.00436806678771972656
-0.52999997138977050800 -0.00435899198055267334
-0.51999998092651367200 -0.00435083080083131790
-0.50999999046325683600 -0.00435335421934723854
-0.50000000000000000000 -0.00435296120122075081
-0.49000000953674316400 -0.00437321513891220093
-0.47999998927116394000 -0.00437092408537864685
-0.46999999880790710400 -0.00437420001253485680
-0.46000000834465026800 -0.00438421918079257012
-0.44999998807907104500 -0.00437209801748394966
-0.43999999761581420900 -0.00436693010851740837
-0.43000000715255737300 -0.00437026005238294602
-0.41999998688697814900 -0.00434857700020074844
-0.40999999642372131300 -0.00434558698907494545
-0.40000000596046447700 -0.00436934409663081169
-0.38999998569488525400 -0.00436810078099370003
-0.37999999523162841800 -0.00436976691707968712
-0.37000000476837158200 -0.00438034208491444588
-0.36000001430511474600 -0.00438264897093176842
-0.34999999403953552200 -0.00437023676931858063
-0.34000000357627868600 -0.00437789317220449448
-0.33000001311302185100 -0.00436653802171349526
-0.31999999284744262700 -0.00435141613706946373
-0.31000000238418579100 -0.00436182180419564247
-0.30000001192092895500 -0.00436112703755497933
-0.28999999165534973100 -0.00436459900811314583
-0.28000000119209289500 -0.00437389081344008446
-0.27000001072883606000 -0.00437748385593295098
-0.25999999046325683600 -0.00437644915655255318
-0.25000000000000000000 -0.00437495810911059380
-0.23999999463558197000 -0.00437009194865822792
-0.23000000417232513400 -0.00436043785884976387
-0.21999999880790710400 -0.00435351021587848663
-0.20999999344348907500 -0.00435149203985929489
-0.20000000298023223900 -0.00435442803427577019
-0.18999999761581420900 -0.00436620414257049561
-0.18000000715255737300 -0.00436545116826891899
-0.17000000178813934300 -0.00436481880024075508
-0.15999999642372131300 -0.00437756022438406944
-0.15000000596046447800 -0.00436426000669598580
-0.14000000059604644800 -0.00436096917837858200
-0.12999999523162841800 -0.00436334311962127686
-0.11999999731779098500 -0.00434387614950537682
-0.10999999940395355200 -0.00434550689533352852
-0.10000000149011611900 -0.00435523223131895065
-0.09000000357627868650 -0.00435922015458345413
-0.07999999821186065670 -0.00435707205906510353
-0.07000000029802322390 -0.00436978787183761597
-0.05999999865889549260 -0.00436446489766240120
-0.05000000074505805970 -0.00435278005897998810
-0.03999999910593032840 -0.00436839880421757698
-0.02999999932944774630 -0.00435649184510111809
-0.01999999955296516420 -0.00434044608846306801
-0.00999999977648258210 -0.00434882799163460732
0.00000000000000000000 -0.00434777792543172836
0.00999999977648258210 -0.00434627989307045937
0.01999999955296516420 -0.00435794703662395477
0.02999999932944774630 -0.00435462500900030136
0.03999999910593032840 -0.00435420405119657517
0.05000000074505805970 -0.00434942822903394699
0.05999999865889549260 -0.00434522097930312157
0.07000000029802322390 -0.00433585001155734062
0.07999999821186065670 -0.00432516820728778839
0.09000000357627868650 -0.00432154210284352303
0.10000000149011611900 -0.00432011391967535019
0.10999999940395355200 -0.00433069700375199318
0.11999999731779098500 -0.00432807300239801407
0.12999999523162841800 -0.00432612514123320580
0.14000000059604644800 -0.00433096289634704590
0.15000000596046447800 -0.00432325992733240128
0.15999999642372131300 -0.00431010778993368149
0.17000000178813934300 -0.00430870009586215019
0.18000000715255737300 -0.00429074885323643685
0.18999999761581420900 -0.00428176205605268479
0.20000000298023223900 -0.00429275399073958397
0.20999999344348907500 -0.00428673205897212029
0.21999999880790710400 -0.00428177788853645325
0.23000000417232513400 -0.00428601494058966637
0.23999999463558197000 -0.00428170384839177132
0.25000000000000000000 -0.00426264386624097824
0.25999999046325683600 -0.00426547508686780930
0.27000001072883606000 -0.00425118301063776016
0.28000000119209289500 -0.00422330386936664581
0.28999999165534973100 -0.00422400422394275665
0.30000001192092895500 -0.00421155476942658424
0.31000000238418579100 -0.00419729202985763550
0.31999999284744262700 -0.00419091619551181793
0.33000001311302185100 -0.00417266786098480225
0.34000000357627868600 -0.00415219506248831749
0.34999999403953552200 -0.00412739813327789307
0.36000001430511474600 -0.00409581884741783142
0.37000000476837158200 -0.00405545998364686966
0.37999999523162841800 -0.00401266897097229958
0.38999998569488525400 -0.00397430080920457840
0.40000000596046447700 -0.00393116008490324020
0.40999999642372131300 -0.00388916395604610443
0.41999998688697814900 -0.00383490091189742088
0.43000000715255737300 -0.00376979098655283451
0.43999999761581420900 -0.00370953697711229324
0.44999998807907104500 -0.00362526299431920052
0.46000000834465026800 -0.00353689002804458141
0.46999999880790710400 -0.00344501691870391369
0.47999998927116394000 -0.00333369406871497631
0.49000000953674316400 -0.00322378193959593773
0.50000000000000000000 -0.00311556202359497547
0.50999999046325683600 -0.00299325608648359776
0.51999998092651367200 -0.00285998592153191567
0.52999997138977050800 -0.00272708688862621784
0.54000002145767211900 -0.00257786992006003857
0.55000001192092895500 -0.00241751200519502163
0.56000000238418579100 -0.00225937808863818646
0.56999999284744262700 -0.00208774791099131107
0.57999998331069946300 -0.00190707005094736815
0.58999997377395629900 -0.00173187698237597942
0.60000002384185791000 -0.00154887698590755463
0.61000001430511474600 -0.00135986099485307932
0.62000000476837158200 -0.00117022497579455376
0.62999999523162841800 -0.00098408805206418037
0.63999998569488525400 -0.00077648827573284507
0.64999997615814209000 -0.00057304272195324302
0.66000002622604370100 -0.00036430769250728190
0.67000001668930053700 -0.00015394329966511577
0.68000000715255737300 0.00005211605821386911
0.68999999761581420900 0.00026007101405411959
0.69999998807907104500 0.00048353720922023058
0.70999997854232788100 0.00070558919105678797
0.72000002861022949200 0.00093210197519510984
0.73000001907348632800 0.00115165696479380131
0.74000000953674316400 0.00138617295306175947
0.75000000000000000000 0.00162294099573045969
0.75999999046325683600 0.00186222302727401257
0.76999998092651367200 0.00210552103817462921
0.77999997138977050800 0.00235369103029370308
0.79000002145767211900 0.00260292808525264263
0.80000001192092895500 0.00286028301343321800
0.81000000238418579100 0.00312378793023526669
0.81999999284744262700 0.00339163304306566715
0.82999998331069946300 0.00366549403406679630
0.83999997377395629900 0.00394610222429037094
0.85000002384185791000 0.00422980217263102532
0.86000001430511474600 0.00451864581555128098
0.87000000476837158200 0.00481380382552742958
0.87999999523162841800 0.00511184101924300194
0.88999998569488525400 0.00541407801210880280
0.89999997615814209000 0.00572500703856348992
0.91000002622604370100 0.00604537781327962876
0.92000001668930053700 0.00637106411159038544
0.93000000715255737300 0.00670185917988419533
0.93999999761581420900 0.00703549478203058243
0.94999998807907104500 0.00737835280597209931
0.95999997854232788100 0.00771672511473298073
0.97000002861022949200 0.00806577131152153015
0.98000001907348632800 0.00842019636183977127
0.99000000953674316400 0.00876834057271480561
1.00000000000000000000 0.00913510844111442566
