-1.00000000000000000000 -0.00447206618264317513
-0.99000000953674316400 -0.00448673684149980545
-0.98000001907348632800 -0.00448624184355139732
-0.97000002861022949200 -0.00448158709332346916
-0.95999997854232788100 -0.00447883317247033119
-0.94999998807907104500 -0.00447580497711896896
-0.93999999761581420900 -0.00446090288460254669
-0.93000000715255737300 -0.00446900213137269020
-0.92000001668930053700 -0.00447492906823754311
-0.91000002622604370100 -0.00447440799325704575
-0.89999997615814209000 -0.00448847096413373947
-0.88999998569488525400 -0.00448831310495734215
-0.87999999523162841800 -0.00450381916016340256
-0.87000000476837158200 -0.00450506107881665230
-0.86000001430511474600 -0.00449451804161071778
-0.85000002384185791000 -0.00449155922979116440
-0.83999997377395629900 -0.00448553496971726418
-0.82999998331069946300 -0.00447866786271333695
-0.81999999284744262700 -0.00448561413213610649
-0.81000000238418579100 -0.00449826195836067200
-0.80000001192092895500 -0.00449609104543924332
-0.79000002145767211900 -0.00450088689103722572
-0.77999997138977050800 -0.00450942199677228928
-0.76999998092651367200 -0.00449744798243045807
-0.75999999046325683600 -0.00449527520686388016
-0.75000000000000000000 -0.00449406821280717850
-0.74000000953674316400 -0.00447636703029274941
-0.73000001907348632800 -0.00447932910174131394
-0.72000002861022949200 -0.00448731100186705589
-0.70999997854232788100 -0.00448493100702762604
-0.69999998807907104500 -0.00449439510703086853
-0.68999999761581420900 -0.00449610920622944832
-0.68000000715255737300 -0.00449866289272904396
-0.67000001668930053700 -0.00449354806914925575
-0.66000002622604370100 -0.00449289707466959953
-0.64999997615814209000 -0.00448182597756385803
-0.63999998569488525400 -0.00447077490389347077
-0.62999999523162841800 -0.00447631208226084709
-0.62000000476837158200 -0.00447490904480218887
-0.61000001430511474600 -0.00448516476899385452
-0.60000002384185791000 -0.00448620505630970001
-0.58999997377395629900 -0.00449060183018445969
-0.57999998331069946300 -0.00449486216530203819
-0.56999999284744262700 -0.00448585906997323036
-0.56000000238418579100 -0.00448242202401161194
-0.55000001192092895500 -0.00448407186195254326
-0.54000002145767211900 -0.00446271989494562149
-0.52999997138977050800 -0.00446588313207030296
-0.51999998092651367200 -0.00447817891836166382
-0.50999999046325683600 -0.00447727600112557411
-0.50000000000000000000 -0.00447797914966940880
-0.49000000953674316400 -0.00448980880901217461
-0.47999998927116394000 -0.00448630191385746002
-0.46999999880790710400 -0.00446916976943612099
-0.46000000834465026800 -0.00447933888062834740
-0.44999998807907104500 -0.00446785520762205124
-0.43999999761581420900 -0.00444922409951686859
-0.43000000715255737300 -0.00447720009833574295
-0.41999998688697814900 -0.00447526620700955391
-0.40999999642372131300 -0.00447587296366691590
-0.40000000596046447700 -0.00448872009292244911
-0.38999998569488525400 -0.00449402816593647003
-0.37999999523162841800 -0.00448485510423779488
-0.37000000476837158200 -0.00448187021538615227
-0.36000001430511474600 -0.00448051188141107559
-0.34999999403953552200 -0.00446759490296244621
-0.34000000357627868600 -0.00446586310863494873
-0.33000001311302185100 -0.00446477578952908516
-0.31999999284744262700 -0.00446770386770367623
-0.31000000238418579100 -0.00448067905381321907
-0.30000001192092895500 -0.00447846297174692154
-0.28999999165534973100 -0.00447987392544746399
-0.28000000119209289500 -0.00448404718190431595
-0.27000001072883606000 -0.00446928106248378754
-0.25999999046325683600 -0.00446766195818781853
-0.25000000000000000000 -0.00446701515465974808
-0.23999999463558197000 -0.00445020990446209908
-0.23000000417232513400 -0.00445321900770068169
-0.21999999880790710400 -0.00446463422849774361
-0.20999999344348907500 -0.00446602096781134606
-0.20000000298023223900 -0.00446337601169943810
-0.18999999761581420900 -0.00447636516764760018
-0.18000000715255737300 -0.00446301698684692383
-0.17000000178813934300 -0.00444882409647107124
-0.15999999642372131300 -0.00445676082745194435
-0.15000000596046447800 -0.00444145780056715012
-0.14000000059604644800 -0.00443342188373208046
-0.12999999523162841800 -0.00444135209545493126
-0.11999999731779098500 -0.00444275513291358948
-0.10999999940395355200 -0.00444155698642134667
-0.10000000149011611900 -0.00445394311100244522
-0.09000000357627868650 -0.00445367489010095596
-0.07999999821186065670 -0.00444309087470173836
-0.07000000029802322390 -0.00443947408348321915
-0.05999999865889549260 -0.00443501677364110947
-0.05000000074505805970 -0.00441782316192984581
-0.03999999910593032840 -0.00441822176799178124
-0.02999999932944774630 -0.00441539613530039787
-0.01999999955296516420 -0.00441626505926251412
-0.00999999977648258210 -0.00442253006622195244
0.00000000000000000000 -0.00441997917369008064
0.00999999977648258210 -0.00442270515486598015
0.01999999955296516420 -0.00443237507715821266
0.02999999932944774630 -0.00441685691475868225
0.03999999910593032840 -0.00441350415349006653
0.05000000074505805970 -0.00440996093675494194
0.05999999865889549260 -0.00439080782234668732
0.07000000029802322390 -0.00439285906031727791
0.07999999821186065670 -0.00440441211685538292
0.09000000357627868650 -0.00439953897148370743
0.10000000149011611900 -0.00440082279965281487
0.10999999940395355200 -0.00440990598872303963
0.11999999731779098500 -0.00439679622650146485
0.12999999523162841800 -0.00437719980254769325
0.14000000059604644800 -0.00438472023233771324
0.15000000596046447800 -0.00436902418732643128
0.15999999642372131300 -0.00434903707355260849
0.17000000178813934300 -0.00435823714360594750
0.18000000715255737300 -0.00435227621346712113
0.18999999761581420900 -0.00434846896678209305
0.20000000298023223900 -0.00435081589967012406
0.20999999344348907500 -0.00434761401265859604
0.21999999880790710400 -0.00433083577081561089
0.23000000417232513400 -0.00431701214984059334
0.23999999463558197000 -0.00430586514994502068
0.25000000000000000000 -0.00428204284980893135
0.25999999046325683600 -0.00426778895780444145
0.27000001072883606000 -0.00425242818892002106
0.28000000119209289500 -0.00423821480944752693
0.28999999165534973100 -0.00422616582363843918
0.30000001192092895500 -0.00420307321473956108
0.31000000238418579100 -0.00418186699971556664
0.31999999284744262700 -0.00415208796039223671
0.33000001311302185100 -0.00410638097673654556
0.34000000357627868600 -0.00406846310943365097
0.34999999403953552200 -0.00401721289381384850
0.36000001430511474600 -0.00396060012280941010
0.37000000476837158200 -0.00390758085995912552
0.37999999523162841800 -0.00385364005342125893
0.38999998569488525400 -0.00378512707538902760
0.40000000596046447700 -0.00371380103752017021
0.40999999642372131300 -0.00364121911115944386
0.41999998688697814900 -0.00354494899511337280
0.43000000715255737300 -0.00344295706599950790
0.43999999761581420900 -0.00334597006440162659
0.44999998807907104500 -0.00323011702857911587
0.46000000834465026800 -0.00311027606949210167
0.46999999880790710400 -0.00299587589688599110
0.47999998927116394000 -0.00287075992673635483
0.49000000953674316400 -0.00273964810185134411
0.50000000000000000000 -0.00260711391456425190
0.50999999046325683600 -0.00246559106744825840
0.51999998092651367200 -0.00231569004245102406
0.52999997138977050800 -0.00216248794458806515
0.54000002145767211900 -0.00200711609795689583
0.55000001192092895500 -0.00184472405817359686
0.56000000238418579100 -0.00168425694573670626
0.56999999284744262700 -0.00152255804277956486
0.57999998331069946300 -0.00135908101219683886
0.58999997377395629900 -0.00119508604984730482
0.60000002384185791000 -0.00102683494333177805
0.61000001430511474600 -0.00086380087304860354
0.62000000476837158200 -0.00069150031777098775
0.62999999523162841800 -0.00051877018995583057
0.63999998569488525400 -0.00034806889016181231
0.64999997615814209000 -0.00017511380428913981
0.66000002622604370100 -0.00000469125598101527
0.67000001668930053700 0.00016581189993303269
0.68000000715255737300 0.00033975069527514279
0.68999999761581420900 0.00051531579811125994
0.69999998807907104500 0.00069073279155418277
0.70999997854232788100 0.00086613139137625694
0.72000002861022949200 0.00104306498542428017
0.73000001907348632800 0.00121823698282241821
0.74000000953674316400 0.00139856000896543264
0.75000000000000000000 0.00158044195268303156
0.75999999046325683600 0.00176388898398727179
0.76999998092651367200 0.00194909900892525911
0.77999997138977050800 0.00213619298301637173
0.79000002145767211900 0.00232660211622714996
0.80000001192092895500 0.00251945503987371922
0.81000000238418579100 0.00271434290334582329
0.81999999284744262700 0.00291440309956669808
0.82999998331069946300 0.00311923702247440815
0.83999997377395629900 0.00332690007053315640
0.85000002384185791000 0.00353802996687591076
0.86000001430511474600 0.00375528098084032536
0.87000000476837158200 0.00397426588460803032
0.87999999523162841800 0.00419450411573052406
0.88999998569488525400 0.00442433403804898262
0.89999997615814209000 0.00465454906225204468
0.91000002622604370100 0.00488732988014817238
0.92000001668930053700 0.00513210101053118706
0.93000000715255737300 0.00537829613313078880
0.93999999761581420900 0.00562920700758695603
0.94999998807907104500 0.00588702782988548279
0.95999997854232788100 0.00614811200648546219
0.97000002861022949200 0.00640985416248440743
0.98000001907348632800 0.00667795818299055100
0.99000000953674316400 0.00695146899670362473
1.00000000000000000000 0.00722499284893274308
