-1.00000000000000000000 -0.00447187386453151703
-0.99000000953674316400 -0.00448446581140160561
-0.98000001907348632800 -0.00446399021893739700
-0.97000002861022949200 -0.00445630913600325585
-0.95999997854232788100 -0.00446418579667806626
-0.94999998807907104500 -0.00444879895076155663
-0.93999999761581420900 -0.00443991413339972496
-0.93000000715255737300 -0.00445199711248278618
-0.92000001668930053700 -0.00445331679657101631
-0.91000002622604370100 -0.00445770192891359329
-0.89999997615814209000 -0.00446661887690424919
-0.88999998569488525400 -0.00446895603090524674
-0.87999999523162841800 -0.00446469895541667938
-0.87000000476837158200 -0.00445930380374193192
-0.86000001430511474600 -0.00445488980039954186
-0.85000002384185791000 -0.00444919895380735397
-0.83999997377395629900 -0.00444127898663282395
-0.82999998331069946300 -0.00443975720554590225
-0.81999999284744262700 -0.00444732001051306725
-0.81000000238418579100 -0.00445202412083745003
-0.80000001192092895500 -0.00445249816402792931
-0.79000002145767211900 -0.00446624308824539185
-0.77999997138977050800 -0.00445742718875408173
-0.76999998092651367200 -0.00444831000640988350
-0.75999999046325683600 -0.00445580994710326195
-0.75000000000000000000 -0.00444555189460515976
-0.74000000953674316400 -0.00444119004532694817
-0.73000001907348632800 -0.00445536011829972267
-0.72000002861022949200 -0.00445816013962030411
-0.70999997854232788100 -0.00445662019774317742
-0.69999998807907104500 -0.00446878513321280480
-0.68999999761581420900 -0.00447059608995914459
-0.68000000715255737300 -0.00446779886260628700
-0.67000001668930053700 -0.00447226921096444130
-0.66000002622604370100 -0.00446523213759064675
-0.64999997615814209000 -0.00444709695875644684
-0.63999998569488525400 -0.00445487117394804955
-0.62999999523162841800 -0.00445849401876330376
-0.62000000476837158200 -0.00445864489302039147
-0.61000001430511474600 -0.00446918280795216560
-0.60000002384185791000 -0.00447926297783851624
-0.58999997377395629900 -0.00448084482923150063
-0.57999998331069946300 -0.00447959592565894127
-0.56999999284744262700 -0.00447616586461663246
-0.56000000238418579100 -0.00446529593318700791
-0.55000001192092895500 -0.00445879576727747917
-0.54000002145767211900 -0.00446060905233025551
-0.52999997138977050800 -0.00447058677673339844
-0.51999998092651367200 -0.00448186090216040611
-0.50999999046325683600 -0.00448074983432888985
-0.50000000000000000000 -0.00448491005226969719
-0.49000000953674316400 -0.00449705310165882111
-0.47999998927116394000 -0.00448436383157968521
-0.46999999880790710400 -0.00448147207498550415
-0.46000000834465026800 -0.00448233215138316155
-0.44999998807907104500 -0.00446268310770392418
-0.43999999761581420900 -0.00446199299767613411
-0.43000000715255737300 -0.00447606388479471207
-0.41999998688697814900 -0.00447291694581508637
-0.40999999642372131300 -0.00447360519319772720
-0.40000000596046447700 -0.00448522996157407761
-0.38999998569488525400 -0.00448307907208800316
-0.37999999523162841800 -0.00446890201419591904
-0.37000000476837158200 -0.00448125600814819336
-0.36000001430511474600 -0.00447047501802444458
-0.34999999403953552200 -0.00445259921252727509
-0.34000000357627868600 -0.00446346402168273926
-0.33000001311302185100 -0.00446536811068654060
-0.31999999284744262700 -0.00446725822985172272
-0.31000000238418579100 -0.00448135891929268837
-0.30000001192092895500 -0.00448178313672542572
-0.28999999165534973100 -0.00447795307263731957
-0.28000000119209289500 -0.00447672000154852867
-0.27000001072883606000 -0.00447355210781097412
-0.25999999046325683600 -0.00446477718651294708
-0.25000000000000000000 -0.00445753382518887520
-0.23999999463558197000 -0.00445787981152534485
-0.23000000417232513400 -0.00447294395416975022
-0.21999999880790710400 -0.00448194518685340882
-0.20999999344348907500 -0.00448120897635817528
-0.20000000298023223900 -0.00448647420853376389
-0.18999999761581420900 -0.00448798201978206635
-0.18000000715255737300 -0.00447496678680181503
-0.17000000178813934300 -0.00447599403560161591
-0.15999999642372131300 -0.00446717720478773117
-0.15000000596046447800 -0.00445613497868180275
-0.14000000059604644800 -0.00446385378018021584
-0.12999999523162841800 -0.00446904078125953674
-0.11999999731779098500 -0.00446891691535711289
-0.10999999940395355200 -0.00447318283841013909
-0.10000000149011611900 -0.00448200386017560959
-0.09000000357627868650 -0.00446594180539250374
-0.07999999821186065670 -0.00446614110842347145
-0.07000000029802322390 -0.00446408381685614586
-0.05999999865889549260 -0.00444114487618207932
-0.05000000074505805970 -0.00444703083485364914
-0.03999999910593032840 -0.00445225881412625313
-0.02999999932944774630 -0.00445261085405945778
-0.01999999955296516420 -0.00445765396580100060
-0.00999999977648258210 -0.00446200510486960411
0.00000000000000000000 -0.00446231896057724953
0.00999999977648258210 -0.00445703603327274323
0.01999999955296516420 -0.00444883899763226509
0.02999999932944774630 -0.00444604502990841866
0.03999999910593032840 -0.00443255482241511345
0.05000000074505805970 -0.00442731380462646485
0.05999999865889549260 -0.00442885980010032654
0.07000000029802322390 -0.00442806305363774300
0.07999999821186065670 -0.00443627405911684036
0.09000000357627868650 -0.00443231221288442612
0.10000000149011611900 -0.00443884776905179024
0.10999999940395355200 -0.00443380884826183319
0.11999999731779098500 -0.00442045088857412338
0.12999999523162841800 -0.00442088302224874497
0.14000000059604644800 -0.00440812809392809868
0.15000000596046447800 -0.00439639808610081673
0.15999999642372131300 -0.00439377408474683762
0.17000000178813934300 -0.00440090382471680641
0.18000000715255737300 -0.00439803209155797958
0.18999999761581420900 -0.00439365487545728684
0.20000000298023223900 -0.00439837621524930000
0.20999999344348907500 -0.00438016513362526894
0.21999999880790710400 -0.00436762813478708267
0.23000000417232513400 -0.00436458596959710121
0.23999999463558197000 -0.00433974992483854294
0.25000000000000000000 -0.00432204920798540116
0.25999999046325683600 -0.00432159006595611572
0.27000001072883606000 -0.00430726492777466774
0.28000000119209289500 -0.00429643783718347550
0.28999999165534973100 -0.00428382679820060730
0.30000001192092895500 -0.00426637707278132439
0.31000000238418579100 -0.00423757918179035187
0.31999999284744262700 -0.00420873099938035011
0.33000001311302185100 -0.00417151721194386482
0.34000000357627868600 -0.00412435596808791161
0.34999999403953552200 -0.00408881297335028648
0.36000001430511474600 -0.00404560286551713944
0.37000000476837158200 -0.00400360813364386559
0.37999999523162841800 -0.00395145593211054802
0.38999998569488525400 -0.00389071297831833363
0.40000000596046447700 -0.00382917700335383415
0.40999999642372131300 -0.00375152309425175190
0.41999998688697814900 -0.00366555899381637573
0.43000000715255737300 -0.00357744703069329262
0.43999999761581420900 -0.00347248697653412819
0.44999998807907104500 -0.00337056210264563561
0.46000000834465026800 -0.00327044888399541378
0.46999999880790710400 -0.00315749109722673893
0.47999998927116394000 -0.00303603289648890495
0.49000000953674316400 -0.00290940795093774796
0.50000000000000000000 -0.00277825701050460339
0.50999999046325683600 -0.00263021001592278481
0.51999998092651367200 -0.00248545897193253040
0.52999997138977050800 -0.00233440706506371498
0.54000002145767211900 -0.00217358907684683800
0.55000001192092895500 -0.00201591406948864460
0.56000000238418579100 -0.00185876304749399424
0.56999999284744262700 -0.00169546401593834162
0.57999998331069946300 -0.00153195299208164215
0.58999997377395629900 -0.00136620097327977419
0.60000002384185791000 -0.00119727000128477812
0.61000001430511474600 -0.00102701399009674788
0.62000000476837158200 -0.00087081902893260121
0.62999999523162841800 -0.00069260317832231522
0.63999998569488525400 -0.00051947281463071704
0.64999997615814209000 -0.00034584620152600110
0.66000002622604370100 -0.00017398639465682209
0.67000001668930053700 -0.00001838410025811754
0.68000000715255737300 0.00015192509454209358
0.68999999761581420900 0.00032977660885080695
0.69999998807907104500 0.00050581200048327446
0.70999997854232788100 0.00068098952760919929
0.72000002861022949200 0.00085897021926939487
0.73000001907348632800 0.00103741802740842104
0.74000000953674316400 0.00121155602391809225
0.75000000000000000000 0.00139720400329679251
0.75999999046325683600 0.00158390903379768133
0.76999998092651367200 0.00177204702049493790
0.77999997138977050800 0.00196473090909421444
0.79000002145767211900 0.00216008699499070644
0.80000001192092895500 0.00235835206694900990
0.81000000238418579100 0.00256394501775503159
0.81999999284744262700 0.00277436710894107819
0.82999998331069946300 0.00299052405171096325
0.83999997377395629900 0.00320961489342153072
0.85000002384185791000 0.00343585200607776642
0.86000001430511474600 0.00366724492050707340
0.87000000476837158200 0.00390077708289027214
0.87999999523162841800 0.00414456706494092941
0.88999998569488525400 0.00439152121543884277
0.89999997615814209000 0.00464009819552302361
0.91000002622604370100 0.00490005314350128174
0.92000001668930053700 0.00516908895224332810
0.93000000715255737300 0.00544037297368049622
0.93999999761581420900 0.00571774691343307495
0.94999998807907104500 0.00600823899731040001
0.95999997854232788100 0.00629486190155148506
0.97000002861022949200 0.00658366596326231957
0.98000001907348632800 0.00689033605158329010
0.99000000953674316400 0.00719127617776393891
1.00000000000000000000 0.00749595602974295616
