-1.00000000000000000000 -0.00461856881156563759
-0.99000000953674316400 -0.00460991915315389633
-0.98000001907348632800 -0.00459399400278925896
-0.97000002861022949200 -0.00460061710327863693
-0.95999997854232788100 -0.00460271677002310753
-0.94999998807907104500 -0.00460292398929595947
-0.93999999761581420900 -0.00461789499968290329
-0.93000000715255737300 -0.00461690500378608704
-0.92000001668930053700 -0.00461722211912274361
-0.91000002622604370100 -0.00461782701313495636
-0.89999997615814209000 -0.00461066793650388718
-0.88999998569488525400 -0.00460990192368626595
-0.87999999523162841800 -0.00460760714486241341
-0.87000000476837158200 -0.00460242899134755135
-0.86000001430511474600 -0.00460579199716448784
-0.85000002384185791000 -0.00462167896330356598
-0.83999997377395629900 -0.00461641978472471237
-0.82999998331069946300 -0.00462001422420144081
-0.81999999284744262700 -0.00463541690260171890
-0.81000000238418579100 -0.00462428107857704163
-0.80000001192092895500 -0.00461388099938631058
-0.79000002145767211900 -0.00462163705378770828
-0.77999997138977050800 -0.00460146693512797356
-0.76999998092651367200 -0.00459750089794397354
-0.75999999046325683600 -0.00461202301084995270
-0.75000000000000000000 -0.00461040996015071869
-0.74000000953674316400 -0.00460973987355828285
-0.73000001907348632800 -0.00462481100112199783
-0.72000002861022949200 -0.00462972000241279602
-0.70999997854232788100 -0.00461847521364688873
-0.69999998807907104500 -0.00462052412331104279
-0.68999999761581420900 -0.00461830105632543564
-0.68000000715255737300 -0.00460239313542842865
-0.67000001668930053700 -0.00460438104346394539
-0.66000002622604370100 -0.00460489792749285698
-0.64999997615814209000 -0.00460950378328561783
-0.63999998569488525400 -0.00462248222902417183
-0.62999999523162841800 -0.00462158815935254097
-0.62000000476837158200 -0.00462290085852146149
-0.61000001430511474600 -0.00462811207398772240
-0.60000002384185791000 -0.00461249798536300659
-0.58999997377395629900 -0.00460557593032717705
-0.57999998331069946300 -0.00460161501541733742
-0.56999999284744262700 -0.00458525307476520538
-0.56000000238418579100 -0.00459246197715401650
-0.55000001192092895500 -0.00460443692281842232
-0.54000002145767211900 -0.00460589909926056862
-0.52999997138977050800 -0.00460200291126966477
-0.51999998092651367200 -0.00462112110108137131
-0.50999999046325683600 -0.00460631307214498520
-0.50000000000000000000 -0.00459214113652706146
-0.49000000953674316400 -0.00460143899545073509
-0.47999998927116394000 -0.00459105288609862328
-0.46999999880790710400 -0.00457602599635720253
-0.46000000834465026800 -0.00459067290648818016
-0.44999998807907104500 -0.00459288991987705231
-0.43999999761581420900 -0.00459206197410821915
-0.43000000715255737300 -0.00460485881194472313
-0.41999998688697814900 -0.00460454123094677925
-0.40999999642372131300 -0.00459922617301344872
-0.40000000596046447700 -0.00459587620571255684
-0.38999998569488525400 -0.00459493696689605713
-0.37999999523162841800 -0.00458207400515675545
-0.37000000476837158200 -0.00458012986928224564
-0.36000001430511474600 -0.00458411406725645065
-0.34999999403953552200 -0.00458502396941184998
-0.34000000357627868600 -0.00459478888660669327
-0.33000001311302185100 -0.00459100306034088135
-0.31999999284744262700 -0.00459755212068557739
-0.31000000238418579100 -0.00460319221019744873
-0.30000001192092895500 -0.00458728894591331482
-0.28999999165534973100 -0.00459501799196004868
-0.28000000119209289500 -0.00459716795012354851
-0.27000001072883606000 -0.00457862392067909241
-0.25999999046325683600 -0.00458176899701356888
-0.25000000000000000000 -0.00459465896710753441
-0.23999999463558197000 -0.00459379190579056740
-0.23000000417232513400 -0.00460317917168140412
-0.21999999880790710400 -0.00461862189695239067
-0.20999999344348907500 -0.00460968492552638054
-0.20000000298023223900 -0.00459724012762308121
-0.18999999761581420900 -0.00460800295695662499
-0.18000000715255737300 -0.00459323078393936157
-0.17000000178813934300 -0.00458435900509357453
-0.15999999642372131300 -0.00459269108250737190
-0.15000000596046447800 -0.00459423381835222244
-0.14000000059604644800 -0.00459981476888060570
-0.12999999523162841800 -0.00460503203794360161
-0.11999999731779098500 -0.00460945721715688706
-0.10999999940395355200 -0.00460606208071112633
-0.10000000149011611900 -0.00459779286757111550
-0.09000000357627868650 -0.00459549296647310257
-0.07999999821186065670 -0.00458272919058799744
-0.07000000029802322390 -0.00456830207258462906
-0.05999999865889549260 -0.00456916587427258492
-0.05000000074505805970 -0.00457312492653727532
-0.03999999910593032840 -0.00458045210689306259
-0.02999999932944774630 -0.00457768188789486885
-0.01999999955296516420 -0.00458284979686141014
-0.00999999977648258210 -0.00458574714139103890
0.00000000000000000000 -0.00456894701346755028
0.00999999977648258210 -0.00456129014492034912
0.01999999955296516420 -0.00455898512154817581
0.02999999932944774630 -0.00453678006306290627
0.03999999910593032840 -0.00453655514866113663
0.05000000074505805970 -0.00454592797905206680
0.05999999865889549260 -0.00454542692750692368
0.07000000029802322390 -0.00454308511689305306
0.07999999821186065670 -0.00455486588180065155
0.09000000357627868650 -0.00455130496993660927
0.10000000149011611900 -0.00454093888401985169
0.10999999940395355200 -0.00454259384423494339
0.11999999731779098500 -0.00453075999394059181
0.12999999523162841800 -0.00450783688575029373
0.14000000059604644800 -0.00451305508613586426
0.15000000596046447800 -0.00451108720153570175
0.15999999642372131300 -0.00449888920411467552
0.17000000178813934300 -0.00450566411018371582
0.18000000715255737300 -0.00449764588847756386
0.18999999761581420900 -0.00449767196550965309
0.20000000298023223900 -0.00448823906481266022
0.20999999344348907500 -0.00447553908452391625
0.21999999880790710400 -0.00446310499683022499
0.23000000417232513400 -0.00444395001977682114
0.23999999463558197000 -0.00442887982353568077
0.25000000000000000000 -0.00442646397277712822
0.25999999046325683600 -0.00442456221207976341
0.27000001072883606000 -0.00440809922292828560
0.28000000119209289500 -0.00439702393487095833
0.28999999165534973100 -0.00438633002340793610
0.30000001192092895500 -0.00435464689508080483
0.31000000238418579100 -0.00433319807052612305
0.31999999284744262700 -0.00431152619421482086
0.33000001311302185100 -0.00426676822826266289
0.34000000357627868600 -0.00423072883859276772
0.34999999403953552200 -0.00420478219166398049
0.36000001430511474600 -0.00415878789499402046
0.37000000476837158200 -0.00411722902208566666
0.37999999523162841800 -0.00406741583719849587
0.38999998569488525400 -0.00400873692706227303
0.40000000596046447700 -0.00393411004915833473
0.40999999642372131300 -0.00386065803468227387
0.41999998688697814900 -0.00376869994215667248
0.43000000715255737300 -0.00367014692164957523
0.43999999761581420900 -0.00357573688961565495
0.44999998807907104500 -0.00347163109108805657
0.46000000834465026800 -0.00337083102203905583
0.46999999880790710400 -0.00325741106644272804
0.47999998927116394000 -0.00312800798565149307
0.49000000953674316400 -0.00300093600526452065
0.50000000000000000000 -0.00285683409310877323
0.50999999046325683600 -0.00270732399076223374
0.51999998092651367200 -0.00255699804984033108
0.52999997138977050800 -0.00239338888786733151
0.54000002145767211900 -0.00222925399430096150
0.55000001192092895500 -0.00206996290944516659
0.56000000238418579100 -0.00190241902600973845
0.56999999284744262700 -0.00173233402892947197
0.57999998331069946300 -0.00156040000729262829
0.58999997377395629900 -0.00138633802998811007
0.60000002384185791000 -0.00120533502195030451
0.61000001430511474600 -0.00102723296731710434
0.62000000476837158200 -0.00086478429147973657
0.62999999523162841800 -0.00067777739604935050
0.63999998569488525400 -0.00049479212611913681
0.64999997615814209000 -0.00031425559427589178
0.66000002622604370100 -0.00013319170102477074
0.67000001668930053700 0.00003815122909145430
0.68000000715255737300 0.00021078890131320804
0.68999999761581420900 0.00039502911386080086
0.69999998807907104500 0.00057695078430697322
0.70999997854232788100 0.00075888168066740036
0.72000002861022949200 0.00094121642177924514
0.73000001907348632800 0.00111822201870381832
0.74000000953674316400 0.00130584603175520897
0.75000000000000000000 0.00149367097765207291
0.75999999046325683600 0.00168468500487506390
0.76999998092651367200 0.00187882303725928068
0.77999997138977050800 0.00207624398171901703
0.79000002145767211900 0.00227797799743711948
0.80000001192092895500 0.00248441705480217934
0.81000000238418579100 0.00269523099996149540
0.81999999284744262700 0.00290945800952613354
0.82999998331069946300 0.00313060008920729160
0.83999997377395629900 0.00335524394176900387
0.85000002384185791000 0.00358245591633021832
0.86000001430511474600 0.00382167194038629532
0.87000000476837158200 0.00406485190615057945
0.87999999523162841800 0.00431738700717687607
0.88999998569488525400 0.00457534799352288246
0.89999997615814209000 0.00483743194490671158
0.91000002622604370100 0.00510756904259324074
0.92000001668930053700 0.00538188777863979340
0.93000000715255737300 0.00566110294312238693
0.93999999761581420900 0.00594806903973221779
0.94999998807907104500 0.00623800000175833702
0.95999997854232788100 0.00653561810031533242
0.97000002861022949200 0.00684564979746937752
0.98000001907348632800 0.00716322101652622223
0.99000000953674316400 0.00748376687988638878
1.00000000000000000000 0.00781272444874048233
