-1.00000000000000000000 -0.00468341680243611336
-0.99000000953674316400 -0.00466205505654215813
-0.98000001907348632800 -0.00466176914051175118
-0.97000002861022949200 -0.00467655202373862267
-0.95999997854232788100 -0.00467456784099340439
-0.94999998807907104500 -0.00467786798253655434
-0.93999999761581420900 -0.00468767900019884110
-0.93000000715255737300 -0.00468980381265282631
-0.92000001668930053700 -0.00468233600258827210
-0.91000002622604370100 -0.00468459399417042732
-0.89999997615814209000 -0.00467348005622625351
-0.88999998569488525400 -0.00465780496597290039
-0.87999999523162841800 -0.00465238187462091446
-0.87000000476837158200 -0.00465271621942520142
-0.86000001430511474600 -0.00466137006878852844
-0.85000002384185791000 -0.00466691004112362862
-0.83999997377395629900 -0.00466568209230899811
-0.82999998331069946300 -0.00466917781159281731
-0.81999999284744262700 -0.00465993722900748253
-0.81000000238418579100 -0.00465083215385675430
-0.80000001192092895500 -0.00465216580778360367
-0.79000002145767211900 -0.00463838595896959305
-0.77999997138977050800 -0.00463045202195644379
-0.76999998092651367200 -0.00464327819645404816
-0.75999999046325683600 -0.00464661093428730965
-0.75000000000000000000 -0.00464565912261605263
-0.74000000953674316400 -0.00465232506394386292
-0.73000001907348632800 -0.00465942220762372017
-0.72000002861022949200 -0.00464719487354159355
-0.70999997854232788100 -0.00464976020157337189
-0.69999998807907104500 -0.00464781094342470169
-0.68999999761581420900 -0.00462821405380964279
-0.68000000715255737300 -0.00462866993620991707
-0.67000001668930053700 -0.00462944200262427330
-0.66000002622604370100 -0.00462935818359255791
-0.64999997615814209000 -0.00463961204513907433
-0.63999998569488525400 -0.00464388309046626091
-0.62999999523162841800 -0.00464252522215247154
-0.62000000476837158200 -0.00464707100763916969
-0.61000001430511474600 -0.00463549001142382622
-0.60000002384185791000 -0.00463370280340313912
-0.58999997377395629900 -0.00462551694363355637
-0.57999998331069946300 -0.00462258979678153992
-0.56999999284744262700 -0.00462261587381362915
-0.56000000238418579100 -0.00463490001857280731
-0.55000001192092895500 -0.00463895313441753388
-0.54000002145767211900 -0.00463540013879537583
-0.52999997138977050800 -0.00465485220775008202
-0.51999998092651367200 -0.00465464778244495392
-0.50999999046325683600 -0.00464080786332488060
-0.50000000000000000000 -0.00465086987242102623
-0.49000000953674316400 -0.00463372515514492989
-0.47999998927116394000 -0.00462369201704859734
-0.46999999880790710400 -0.00463513191789388657
-0.46000000834465026800 -0.00464111194014549256
-0.44999998807907104500 -0.00463823508471250534
-0.43999999761581420900 -0.00465475907549262047
-0.43000000715255737300 -0.00465416582301259041
-0.41999998688697814900 -0.00464555202051997185
-0.40999999642372131300 -0.00464471615850925446
-0.40000000596046447700 -0.00464256899431347847
-0.38999998569488525400 -0.00462382193654775620
-0.37999999523162841800 -0.00462840497493743897
-0.37000000476837158200 -0.00463688792660832405
-0.36000001430511474600 -0.00463779084384441376
-0.34999999403953552200 -0.00465302402153611183
-0.34000000357627868600 -0.00464769406244158745
-0.33000001311302185100 -0.00465238094329833985
-0.31999999284744262700 -0.00465436605736613274
-0.31000000238418579100 -0.00464152405038475990
-0.30000001192092895500 -0.00464019598439335823
-0.28999999165534973100 -0.00463429093360900879
-0.28000000119209289500 -0.00461981911212205887
-0.27000001072883606000 -0.00461686914786696434
-0.25999999046325683600 -0.00463128089904785156
-0.25000000000000000000 -0.00462881801649928093
-0.23999999463558197000 -0.00462849717587232590
-0.23000000417232513400 -0.00464262301102280617
-0.21999999880790710400 -0.00462274299934506416
-0.20999999344348907500 -0.00460872380062937737
-0.20000000298023223900 -0.00461751408874988556
-0.18999999761581420900 -0.00460096402093768120
-0.18000000715255737300 -0.00458809081465005875
-0.17000000178813934300 -0.00460470095276832581
-0.15999999642372131300 -0.00460280897095799446
-0.15000000596046447800 -0.00460332399234175682
-0.14000000059604644800 -0.00461726589128375054
-0.12999999523162841800 -0.00461938884109258652
-0.11999999731779098500 -0.00460933614522218704
-0.10999999940395355200 -0.00460854079574346542
-0.10000000149011611900 -0.00460678292438387871
-0.09000000357627868650 -0.00459492579102516174
-0.07999999821186065670 -0.00458989990875124931
-0.07000000029802322390 -0.00459130620583891869
-0.05999999865889549260 -0.00459283916279673576
-0.05000000074505805970 -0.00460508791729807854
-0.03999999910593032840 -0.00460218591615557671
-0.02999999932944774630 -0.00460526719689369202
-0.01999999955296516420 -0.00460962997749447823
-0.00999999977648258210 -0.00459169503301382065
0.00000000000000000000 -0.00459169503301382065
0.00999999977648258210 -0.00459283078089356423
0.01999999955296516420 -0.00458210101351141930
0.02999999932944774630 -0.00457736803218722344
0.03999999910593032840 -0.00459104077890515328
0.05000000074505805970 -0.00458909617736935616
0.05999999865889549260 -0.00458693597465753555
0.07000000029802322390 -0.00459665199741721153
0.07999999821186065670 -0.00459044100716710091
0.09000000357627868650 -0.00457622110843658447
0.10000000149011611900 -0.00458119390532374382
0.10999999940395355200 -0.00457090791314840317
0.11999999731779098500 -0.00454478617757558823
0.12999999523162841800 -0.00455452920868992806
0.14000000059604644800 -0.00455271219834685326
0.15000000596046447800 -0.00454777991399168968
0.15999999642372131300 -0.00455752899870276451
0.17000000178813934300 -0.00455898605287075043
0.18000000715255737300 -0.00455473177134990692
0.18999999761581420900 -0.00455084303393959999
0.20000000298023223900 -0.00453725922852754593
0.20999999344348907500 -0.00452356599271297455
0.21999999880790710400 -0.00450939312577247620
0.23000000417232513400 -0.00449783215299248696
0.23999999463558197000 -0.00448980415239930153
0.25000000000000000000 -0.00449174595996737480
0.25999999046325683600 -0.00447815284132957459
0.27000001072883606000 -0.00446323584765195847
0.28000000119209289500 -0.00445844978094100952
0.28999999165534973100 -0.00442621205002069473
0.30000001192092895500 -0.00440229102969169617
0.31000000238418579100 -0.00437942286953330040
0.31999999284744262700 -0.00433296617120504379
0.33000001311302185100 -0.00429796986281871796
0.34000000357627868600 -0.00427888985723257065
0.34999999403953552200 -0.00423392513766884804
0.36000001430511474600 -0.00418879091739654541
0.37000000476837158200 -0.00414907094091176987
0.37999999523162841800 -0.00409117387607693672
0.38999998569488525400 -0.00401708809658885002
0.40000000596046447700 -0.00395648786798119545
0.40999999642372131300 -0.00387146510183811188
0.41999998688697814900 -0.00377041101455688477
0.43000000715255737300 -0.00368700991384685040
0.43999999761581420900 -0.00358982104808092117
0.44999998807907104500 -0.00348539301194250584
0.46000000834465026800 -0.00337624805979430676
0.46999999880790710400 -0.00325741199776530266
0.47999998927116394000 -0.00312896701507270336
0.49000000953674316400 -0.00299314595758914948
0.50000000000000000000 -0.00284919794648885727
0.50999999046325683600 -0.00269887107424438000
0.51999998092651367200 -0.00254103611223399639
0.52999997138977050800 -0.00238857395015656948
0.54000002145767211900 -0.00222906400449573994
0.55000001192092895500 -0.00206706998869776726
0.56000000238418579100 -0.00189755903556942940
0.56999999284744262700 -0.00172496901359409094
0.57999998331069946300 -0.00155549694318324328
0.58999997377395629900 -0.00137434399221092463
0.60000002384185791000 -0.00119701004587113857
0.61000001430511474600 -0.00101845304016023874
0.62000000476837158200 -0.00085548422066494823
0.62999999523162841800 -0.00066710799001157284
0.63999998569488525400 -0.00048832001630216837
0.64999997615814209000 -0.00030641630291938782
0.66000002622604370100 -0.00012661349319387227
0.67000001668930053700 0.00003982855923823081
0.68000000715255737300 0.00021114280389156193
0.68999999761581420900 0.00039399918750859797
0.69999998807907104500 0.00057375768665224314
0.70999997854232788100 0.00075232150265946984
0.72000002861022949200 0.00093184172874316573
0.73000001907348632800 0.00110624195076525211
0.74000000953674316400 0.00129056698642671108
0.75000000000000000000 0.00147616094909608364
0.75999999046325683600 0.00166472396813333035
0.76999998092651367200 0.00185507198330014944
0.77999997138977050800 0.00204939511604607105
0.79000002145767211900 0.00224928511306643486
0.80000001192092895500 0.00245070294477045536
0.81000000238418579100 0.00265607098117470741
0.81999999284744262700 0.00287059904076159000
0.82999998331069946300 0.00308400997892022133
0.83999997377395629900 0.00330349197611212730
0.85000002384185791000 0.00353473308496177197
0.86000001430511474600 0.00376879703253507614
0.87000000476837158200 0.00400885799899697304
0.87999999523162841800 0.00425806222483515740
0.88999998569488525400 0.00450929813086986542
0.89999997615814209000 0.00476641021668910980
0.91000002622604370100 0.00503127416595816612
0.92000001668930053700 0.00530161894857883454
0.93000000715255737300 0.00557641079649329186
0.93999999761581420900 0.00585837801918387413
0.94999998807907104500 0.00615055812522768974
0.95999997854232788100 0.00644801184535026550
0.97000002861022949200 0.00675615994259715080
0.98000001907348632800 0.00706369988620281220
0.99000000953674316400 0.00738315377384424210
1.00000000000000000000 0.00771045498549938202
