-1.00000000000000000000 -0.00478198099881410599
-0.99000000953674316400 -0.00478102592751383782
-0.98000001907348632800 -0.00477219698950648308
-0.97000002861022949200 -0.00475420011207461357
-0.95999997854232788100 -0.00473813619464635849
-0.94999998807907104500 -0.00474024098366498947
-0.93999999761581420900 -0.00473983678966760636
-0.93000000715255737300 -0.00475033512338995934
-0.92000001668930053700 -0.00475321011617779732
-0.91000002622604370100 -0.00475230021402239800
-0.89999997615814209000 -0.00476439623162150383
-0.88999998569488525400 -0.00475136376917362213
-0.87999999523162841800 -0.00474755000323057175
-0.87000000476837158200 -0.00474986992776393891
-0.86000001430511474600 -0.00472848489880561829
-0.85000002384185791000 -0.00472685415297746658
-0.83999997377395629900 -0.00474280118942260742
-0.82999998331069946300 -0.00473557505756616593
-0.81999999284744262700 -0.00472815800458192825
-0.81000000238418579100 -0.00473958719521760941
-0.80000001192092895500 -0.00473341718316078186
-0.79000002145767211900 -0.00472181010991334915
-0.77999997138977050800 -0.00473251799121499062
-0.76999998092651367200 -0.00472230417653918266
-0.75999999046325683600 -0.00470239901915192604
-0.75000000000000000000 -0.00471608014777302742
-0.74000000953674316400 -0.00471741519868373871
-0.73000001907348632800 -0.00471589900553226471
-0.72000002861022949200 -0.00473149912431836128
-0.70999997854232788100 -0.00472998013719916344
-0.69999998807907104500 -0.00472956011071801186
-0.68999999761581420900 -0.00473133521154522896
-0.68000000715255737300 -0.00472491793334484100
-0.67000001668930053700 -0.00471435301005840302
-0.66000002622604370100 -0.00470720604062080383
-0.64999997615814209000 -0.00470216479152441025
-0.63999998569488525400 -0.00470544211566448212
-0.62999999523162841800 -0.00472239777445793152
-0.62000000476837158200 -0.00471855606883764267
-0.61000001430511474600 -0.00472237588837742806
-0.60000002384185791000 -0.00473742000758647919
-0.58999997377395629900 -0.00472446111962199211
-0.57999998331069946300 -0.00472280802205204964
-0.56999999284744262700 -0.00472606485709547997
-0.56000000238418579100 -0.00470299599692225456
-0.55000001192092895500 -0.00469836499541997910
-0.54000002145767211900 -0.00471632415428757668
-0.52999997138977050800 -0.00471465289592742920
-0.51999998092651367200 -0.00471614906564354897
-0.50999999046325683600 -0.00472930213436484337
-0.50000000000000000000 -0.00472705718129873276
-0.49000000953674316400 -0.00471543101593852043
-0.47999998927116394000 -0.00472644483670592308
-0.46999999880790710400 -0.00471208477392792702
-0.46000000834465026800 -0.00469020893797278404
-0.44999998807907104500 -0.00470773410052061081
-0.43999999761581420900 -0.00470259599387645722
-0.43000000715255737300 -0.00470524094998836518
-0.41999998688697814900 -0.00471669808030128479
-0.40999999642372131300 -0.00471496023237705231
-0.40000000596046447700 -0.00471829203888773918
-0.38999998569488525400 -0.00471781380474567413
-0.37999999523162841800 -0.00471593299880623818
-0.37000000476837158200 -0.00471254996955394745
-0.36000001430511474600 -0.00470619415864348412
-0.34999999403953552200 -0.00469964416697621346
-0.34000000357627868600 -0.00470618018880486488
-0.33000001311302185100 -0.00471741007640957832
-0.31999999284744262700 -0.00471862079575657845
-0.31000000238418579100 -0.00471912696957588196
-0.30000001192092895500 -0.00473234988749027252
-0.28999999165534973100 -0.00471850391477346420
-0.28000000119209289500 -0.00471544498577713967
-0.27000001072883606000 -0.00471641682088375092
-0.25999999046325683600 -0.00469283014535903931
-0.25000000000000000000 -0.00469598406925797463
-0.23999999463558197000 -0.00470595015212893486
-0.23000000417232513400 -0.00470709195360541344
-0.21999999880790710400 -0.00470668589696288109
-0.20999999344348907500 -0.00471864920109510422
-0.20000000298023223900 -0.00471888203173875809
-0.18999999761581420900 -0.00470931781455874443
-0.18000000715255737300 -0.00471382122486829758
-0.17000000178813934300 -0.00470160599797964096
-0.15999999642372131300 -0.00468167988583445549
-0.15000000596046447800 -0.00468913419172167778
-0.14000000059604644800 -0.00469035794958472252
-0.12999999523162841800 -0.00469301687553524971
-0.11999999731779098500 -0.00470328377559781075
-0.10999999940395355200 -0.00469798082485795021
-0.10000000149011611900 -0.00470183696597814560
-0.09000000357627868650 -0.00469760503619909287
-0.07999999821186065670 -0.00468405103310942650
-0.07000000029802322390 -0.00467526493594050408
-0.05999999865889549260 -0.00465393811464309693
-0.05000000074505805970 -0.00464822584763169289
-0.03999999910593032840 -0.00465863989666104317
-0.02999999932944774630 -0.00466474378481507301
-0.01999999955296516420 -0.00465934211388230324
-0.00999999977648258210 -0.00467173103243112564
0.00000000000000000000 -0.00466909119859337807
0.00999999977648258210 -0.00465726898983120918
0.01999999955296516420 -0.00465522380545735359
0.02999999932944774630 -0.00465071387588977814
0.03999999910593032840 -0.00462969020009040833
0.05000000074505805970 -0.00463458895683288574
0.05999999865889549260 -0.00463719200342893601
0.07000000029802322390 -0.00463138893246650696
0.07999999821186065670 -0.00463885581120848656
0.09000000357627868650 -0.00464096013456583023
0.10000000149011611900 -0.00463904580101370812
0.10999999940395355200 -0.00462725805118680000
0.11999999731779098500 -0.00462520401924848557
0.12999999523162841800 -0.00460834521800279617
0.14000000059604644800 -0.00459069991484284401
0.15000000596046447800 -0.00458976719528436661
0.15999999642372131300 -0.00458459695801138878
0.17000000178813934300 -0.00459115579724311829
0.18000000715255737300 -0.00458465609699487686
0.18999999761581420900 -0.00457819690927863121
0.20000000298023223900 -0.00457799807190895081
0.20999999344348907500 -0.00456184009090065956
0.21999999880790710400 -0.00454141385853290558
0.23000000417232513400 -0.00452800281345844269
0.23999999463558197000 -0.00449576601386070252
0.25000000000000000000 -0.00447381287813186646
0.25999999046325683600 -0.00447591580450534821
0.27000001072883606000 -0.00445490283891558647
0.28000000119209289500 -0.00443528592586517334
0.28999999165534973100 -0.00442194705829024315
0.30000001192092895500 -0.00439309189096093178
0.31000000238418579100 -0.00434704497456550598
0.31999999284744262700 -0.00432256609201431275
0.33000001311302185100 -0.00427432404831051827
0.34000000357627868600 -0.00421136710792779923
0.34999999403953552200 -0.00417379010468721390
0.36000001430511474600 -0.00411991681903600693
0.37000000476837158200 -0.00405940506607294083
0.37999999523162841800 -0.00400229217484593392
0.38999998569488525400 -0.00392983295023441315
0.40000000596046447700 -0.00384549307636916638
0.40999999642372131300 -0.00376093504019081593
0.41999998688697814900 -0.00366299808956682682
0.43000000715255737300 -0.00355491600930690766
0.43999999761581420900 -0.00344630400650203228
0.44999998807907104500 -0.00332953105680644512
0.46000000834465026800 -0.00321266800165176392
0.46999999880790710400 -0.00309388199821114540
0.47999998927116394000 -0.00296176690608263016
0.49000000953674316400 -0.00282428902573883534
0.50000000000000000000 -0.00268913805484771729
0.50999999046325683600 -0.00253442488610744476
0.51999998092651367200 -0.00238295597955584526
0.52999997138977050800 -0.00222996110096573830
0.54000002145767211900 -0.00206595496274530888
0.55000001192092895500 -0.00190743198618292809
0.56000000238418579100 -0.00174926605541259050
0.56999999284744262700 -0.00158523500431329012
0.57999998331069946300 -0.00141888996586203575
0.58999997377395629900 -0.00125791702885180712
0.60000002384185791000 -0.00108870095573365688
0.61000001430511474600 -0.00093359092716127634
0.62000000476837158200 -0.00076280528446659446
0.62999999523162841800 -0.00059508538106456399
0.63999998569488525400 -0.00042743800440803170
0.64999997615814209000 -0.00026183569571003318
0.66000002622604370100 -0.00011470470053609461
0.67000001668930053700 0.00004896581958746538
0.68000000715255737300 0.00020778950420208275
0.68999999761581420900 0.00037491679540835321
0.69999998807907104500 0.00053865107474848628
0.70999997854232788100 0.00070152379339560866
0.72000002861022949200 0.00086563918739557266
0.73000001907348632800 0.00103014800697565079
0.74000000953674316400 0.00119075295515358448
0.75000000000000000000 0.00136069895233958960
0.75999999046325683600 0.00153099803719669581
0.76999998092651367200 0.00170382205396890640
0.77999997138977050800 0.00187973794527351856
0.79000002145767211900 0.00205821101553738117
0.80000001192092895500 0.00224124710075557232
0.81000000238418579100 0.00242944201454520226
0.81999999284744262700 0.00262181903235614300
0.82999998331069946300 0.00282054790295660496
0.83999997377395629900 0.00302223302423954010
0.85000002384185791000 0.00323076895438134670
0.86000001430511474600 0.00344348209910094738
0.87000000476837158200 0.00366027397103607655
0.87999999523162841800 0.00388265703804790974
0.88999998569488525400 0.00411128578707575798
0.89999997615814209000 0.00434426497668027878
0.91000002622604370100 0.00458704214543104172
0.92000001668930053700 0.00483783613890409470
0.93000000715255737300 0.00509192189201712608
0.93999999761581420900 0.00535163702443242073
0.94999998807907104500 0.00562053080648183823
0.95999997854232788100 0.00588804204016923905
0.97000002861022949200 0.00616606092080473900
0.98000001907348632800 0.00644969800487160683
0.99000000953674316400 0.00673139188438653946
1.00000000000000000000 0.00702788913622498512
