-1.00000000000000000000 -0.00473913503810763359
-0.99000000953674316400 -0.00471766712144017220
-0.98000001907348632800 -0.00472823204472661019
-0.97000002861022949200 -0.00473736505955457688
-0.95999997854232788100 -0.00473782885819673538
-0.94999998807907104500 -0.00474047288298606873
-0.93999999761581420900 -0.00475601386278867722
-0.93000000715255737300 -0.00474386615678668022
-0.92000001668930053700 -0.00473957508802413941
-0.91000002622604370100 -0.00474641099572181702
-0.89999997615814209000 -0.00473324907943606377
-0.88999998569488525400 -0.00472102407366037369
-0.87999999523162841800 -0.00473388377577066422
-0.87000000476837158200 -0.00473410915583372116
-0.86000001430511474600 -0.00473941816017031670
-0.85000002384185791000 -0.00475045712664723396
-0.83999997377395629900 -0.00475088180974125862
-0.82999998331069946300 -0.00475041987374424935
-0.81999999284744262700 -0.00473997415974736214
-0.81000000238418579100 -0.00473750615492463112
-0.80000001192092895500 -0.00473206816241145134
-0.79000002145767211900 -0.00472323782742023468
-0.77999997138977050800 -0.00472367182374000549
-0.76999998092651367200 -0.00473324907943606377
-0.75999999046325683600 -0.00474078580737113953
-0.75000000000000000000 -0.00473777018487453461
-0.74000000953674316400 -0.00475781410932540894
-0.73000001907348632800 -0.00474759098142385483
-0.72000002861022949200 -0.00473215198144316673
-0.70999997854232788100 -0.00474261678755283356
-0.69999998807907104500 -0.00473165418952703476
-0.68999999761581420900 -0.00471278699114918709
-0.68000000715255737300 -0.00472718803212046623
-0.67000001668930053700 -0.00473547400906682015
-0.66000002622604370100 -0.00472943810746073723
-0.64999997615814209000 -0.00474509410560131073
-0.63999998569488525400 -0.00474850507453083992
-0.62999999523162841800 -0.00474003609269857407
-0.62000000476837158200 -0.00473662884905934334
-0.61000001430511474600 -0.00473773293197154999
-0.60000002384185791000 -0.00472102919593453407
-0.58999997377395629900 -0.00472125504165887833
-0.57999998331069946300 -0.00472267484292387962
-0.56999999284744262700 -0.00472261616960167885
-0.56000000238418579100 -0.00473586888983845711
-0.55000001192092895500 -0.00473530916497111321
-0.54000002145767211900 -0.00473880814388394356
-0.52999997138977050800 -0.00474052922800183296
-0.51999998092651367200 -0.00472775101661682129
-0.50999999046325683600 -0.00472291605547070503
-0.50000000000000000000 -0.00472201220691204071
-0.49000000953674316400 -0.00471074599772691727
-0.47999998927116394000 -0.00471295509487390518
-0.46999999880790710400 -0.00472733099013566971
-0.46000000834465026800 -0.00472885183990001679
-0.44999998807907104500 -0.00472881877794861794
-0.43999999761581420900 -0.00474311085417866707
-0.43000000715255737300 -0.00473489193245768547
-0.41999998688697814900 -0.00472111813724040985
-0.40999999642372131300 -0.00473240204155445099
-0.40000000596046447700 -0.00471629109233617783
-0.38999998569488525400 -0.00470214383676648140
-0.37999999523162841800 -0.00471861893311142922
-0.37000000476837158200 -0.00472087878733873367
-0.36000001430511474600 -0.00471910508349537850
-0.34999999403953552200 -0.00473135896027088165
-0.34000000357627868600 -0.00473901815712451935
-0.33000001311302185100 -0.00472597591578960419
-0.31999999284744262700 -0.00472614495083689690
-0.31000000238418579100 -0.00472471397370100022
-0.30000001192092895500 -0.00470528006553649902
-0.28999999165534973100 -0.00470589799806475640
-0.28000000119209289500 -0.00470895785838365555
-0.27000001072883606000 -0.00470732012763619423
-0.25999999046325683600 -0.00471868785098195076
-0.25000000000000000000 -0.00472095608711242676
-0.23999999463558197000 -0.00472083920612931252
-0.23000000417232513400 -0.00472416309639811516
-0.21999999880790710400 -0.00470716087147593498
-0.20999999344348907500 -0.00470395106822252274
-0.20000000298023223900 -0.00470228679478168488
-0.18999999761581420900 -0.00468718307092785835
-0.18000000715255737300 -0.00468962593004107475
-0.17000000178813934300 -0.00470456294715404511
-0.15999999642372131300 -0.00470355805009603501
-0.15000000596046447800 -0.00470096385106444359
-0.14000000059604644800 -0.00471798703074455261
-0.12999999523162841800 -0.00470495922490954399
-0.11999999731779098500 -0.00468979403376579285
-0.10999999940395355200 -0.00469835195690393448
-0.10000000149011611900 -0.00468023587018251419
-0.09000000357627868650 -0.00467118015512824059
-0.07999999821186065670 -0.00468618096783757210
-0.07000000029802322390 -0.00468566408380866051
-0.05999999865889549260 -0.00468389503657817841
-0.05000000074505805970 -0.00469962693750858307
-0.03999999910593032840 -0.00469799805432558060
-0.02999999932944774630 -0.00468670576810836792
-0.01999999955296516420 -0.00468754908069968224
-0.00999999977648258210 -0.00468001980334520340
0.00000000000000000000 -0.00465708505362272263
0.00999999977648258210 -0.00466351117938756943
0.01999999955296516420 -0.00466247508302330971
0.02999999932944774630 -0.00465777609497308731
0.03999999910593032840 -0.00467004906386137009
0.05000000074505805970 -0.00466533796861767769
0.05999999865889549260 -0.00466882903128862381
0.07000000029802322390 -0.00466949911788105965
0.07999999821186065670 -0.00465056393295526505
0.09000000357627868650 -0.00464677298441529274
0.10000000149011611900 -0.00464412709698081017
0.10999999940395355200 -0.00462490785866975784
0.11999999731779098500 -0.00461977208033204079
0.12999999523162841800 -0.00463431887328624726
0.14000000059604644800 -0.00462608179077506066
0.15000000596046447800 -0.00462090596556663513
0.15999999642372131300 -0.00463183317333459854
0.17000000178813934300 -0.00461549591273069382
0.18000000715255737300 -0.00458828918635845184
0.18999999761581420900 -0.00459395488724112511
0.20000000298023223900 -0.00456565618515014649
0.20999999344348907500 -0.00454213703051209450
0.21999999880790710400 -0.00454420503228902817
0.23000000417232513400 -0.00452832691371440888
0.23999999463558197000 -0.00451124785467982292
0.25000000000000000000 -0.00450479378923773766
0.25999999046325683600 -0.00448870100080966950
0.27000001072883606000 -0.00445420900359749794
0.28000000119209289500 -0.00442701904103159905
0.28999999165534973100 -0.00439430307596921921
0.30000001192092895500 -0.00434233201667666435
0.31000000238418579100 -0.00431035179644823074
0.31999999284744262700 -0.00426365807652473450
0.33000001311302185100 -0.00422025378793478012
0.34000000357627868600 -0.00417838990688323975
0.34999999403953552200 -0.00411917688325047493
0.36000001430511474600 -0.00405961694195866585
0.37000000476837158200 -0.00399406999349594116
0.37999999523162841800 -0.00391066679731011391
0.38999998569488525400 -0.00382650503888726235
0.40000000596046447700 -0.00373732205480337143
0.40999999642372131300 -0.00363757205195724964
0.41999998688697814900 -0.00353706604801118374
0.43000000715255737300 -0.00343997892923653126
0.43999999761581420900 -0.00332855503074824810
0.44999998807907104500 -0.00320942909456789494
0.46000000834465026800 -0.00309739890508353710
0.46999999880790710400 -0.00296132499352097511
0.47999998927116394000 -0.00282358308322727680
0.49000000953674316400 -0.00269046798348426819
0.50000000000000000000 -0.00254133506678044796
0.50999999046325683600 -0.00239306292496621609
0.51999998092651367200 -0.00225173309445381165
0.52999997138977050800 -0.00210073590278625488
0.54000002145767211900 -0.00194636301603168249
0.55000001192092895500 -0.00179569097235798836
0.56000000238418579100 -0.00163855601567775011
0.56999999284744262700 -0.00147626700345426798
0.57999998331069946300 -0.00131605402566492558
0.58999997377395629900 -0.00115442997775971890
0.60000002384185791000 -0.00100724503863602877
0.61000001430511474600 -0.00083837902639061213
0.62000000476837158200 -0.00067356298677623272
0.62999999523162841800 -0.00050975731573998928
0.63999998569488525400 -0.00034639710793271661
0.64999997615814209000 -0.00018476700643077493
0.66000002622604370100 -0.00003181663123541512
0.67000001668930053700 0.00012598589819390327
0.68000000715255737300 0.00029299370362423360
0.68999999761581420900 0.00045623729238286614
0.69999998807907104500 0.00061951542738825083
0.70999997854232788100 0.00078313250560313463
0.72000002861022949200 0.00094848679145798087
0.73000001907348632800 0.00111091695725917816
0.74000000953674316400 0.00128014897927641869
0.75000000000000000000 0.00145031604915857315
0.75999999046325683600 0.00162350898608565331
0.76999998092651367200 0.00179820496123284102
0.77999997138977050800 0.00197615590877830982
0.79000002145767211900 0.00215716590173542500
0.80000001192092895500 0.00234097801148891449
0.81000000238418579100 0.00252783810719847679
0.81999999284744262700 0.00271972408518195152
0.82999998331069946300 0.00291552604176104069
0.83999997377395629900 0.00311698694713413715
0.85000002384185791000 0.00332495500333607197
0.86000001430511474600 0.00353537197224795818
0.87000000476837158200 0.00375113589689135552
0.87999999523162841800 0.00397485587745904923
0.88999998569488525400 0.00419574696570634842
0.89999997615814209000 0.00442647188901901245
0.91000002622604370100 0.00466404901817440987
0.92000001668930053700 0.00489835999906063080
0.93000000715255737300 0.00514560891315340996
0.93999999761581420900 0.00540351588279008866
0.94999998807907104500 0.00565968919545412064
0.95999997854232788100 0.00592303322628140450
0.97000002861022949200 0.00619770912453532219
0.98000001907348632800 0.00646836915984749794
0.99000000953674316400 0.00674242200329899788
1.00000000000000000000 0.00703305192291736603
