-1.00000000000000000000 -0.00479228189215064049
-0.99000000953674316400 -0.00479933992028236389
-0.98000001907348632800 -0.00480530317872762680
-0.97000002861022949200 -0.00478691793978214264
-0.95999997854232788100 -0.00479288119822740555
-0.94999998807907104500 -0.00478802016004920006
-0.93999999761581420900 -0.00476549100130796433
-0.93000000715255737300 -0.00477923406288027764
-0.92000001668930053700 -0.00478166295215487480
-0.91000002622604370100 -0.00478124711662530899
-0.89999997615814209000 -0.00478751910850405693
-0.88999998569488525400 -0.00479313405230641365
-0.87999999523162841800 -0.00478440104052424431
-0.87000000476837158200 -0.00478160101920366287
-0.86000001430511474600 -0.00477966712787747383
-0.85000002384185791000 -0.00476785888895392418
-0.83999997377395629900 -0.00475528510287404061
-0.82999998331069946300 -0.00475857919082045555
-0.81999999284744262700 -0.00475814193487167359
-0.81000000238418579100 -0.00476792920380830765
-0.80000001192092895500 -0.00477245822548866272
-0.79000002145767211900 -0.00476828310638666153
-0.77999997138977050800 -0.00477662077173590660
-0.76999998092651367200 -0.00476182112470269203
-0.75999999046325683600 -0.00475818896666169167
-0.75000000000000000000 -0.00475756078958511353
-0.74000000953674316400 -0.00473762908950448036
-0.73000001907348632800 -0.00473919603973627091
-0.72000002861022949200 -0.00475019402801990509
-0.70999997854232788100 -0.00475169112905859947
-0.69999998807907104500 -0.00474887900054454804
-0.68999999761581420900 -0.00476098479703068733
-0.68000000715255737300 -0.00475956406444311142
-0.67000001668930053700 -0.00473990989848971367
-0.66000002622604370100 -0.00474567385390400887
-0.64999997615814209000 -0.00473812315613031387
-0.63999998569488525400 -0.00471821008250117302
-0.62999999523162841800 -0.00472857384011149407
-0.62000000476837158200 -0.00473417714238166809
-0.61000001430511474600 -0.00472780084237456322
-0.60000002384185791000 -0.00474295718595385552
-0.58999997377395629900 -0.00474339211359620094
-0.57999998331069946300 -0.00473784888163208962
-0.56999999284744262700 -0.00473451800644397736
-0.56000000238418579100 -0.00473366817459464073
-0.55000001192092895500 -0.00472036283463239670
-0.54000002145767211900 -0.00471305893734097481
-0.52999997138977050800 -0.00471591297537088394
-0.51999998092651367200 -0.00471281819045543671
-0.50999999046325683600 -0.00472803507000207901
-0.50000000000000000000 -0.00472516799345612526
-0.49000000953674316400 -0.00472577800974249840
-0.47999998927116394000 -0.00473415805026888848
-0.46999999880790710400 -0.00471889786422252655
-0.46000000834465026800 -0.00471500586718320847
-0.44999998807907104500 -0.00471786782145500183
-0.43999999761581420900 -0.00469845021143555641
-0.43000000715255737300 -0.00469383597373962402
-0.41999998688697814900 -0.00471125496551394463
-0.40999999642372131300 -0.00471040699630975723
-0.40000000596046447700 -0.00470694480463862419
-0.38999998569488525400 -0.00472071301192045212
-0.37999999523162841800 -0.00471473112702369690
-0.37000000476837158200 -0.00469679478555917740
-0.36000001430511474600 -0.00470927497372031212
-0.34999999403953552200 -0.00469748489558696747
-0.34000000357627868600 -0.00467460881918668747
-0.33000001311302185100 -0.00469282781705260277
-0.31999999284744262700 -0.00468820007517933846
-0.31000000238418579100 -0.00468741916120052338
-0.30000001192092895500 -0.00469794310629367829
-0.28999999165534973100 -0.00470109516754746437
-0.28000000119209289500 -0.00469007901847362518
-0.27000001072883606000 -0.00468846084550023079
-0.25999999046325683600 -0.00468804687261581421
-0.25000000000000000000 -0.00467063207179307938
-0.23999999463558197000 -0.00466362899169325829
-0.23000000417232513400 -0.00466419290751218796
-0.21999999880790710400 -0.00466357078403234482
-0.20999999344348907500 -0.00467430520802736282
-0.20000000298023223900 -0.00466455100104212761
-0.18999999761581420900 -0.00466451887041330338
-0.18000000715255737300 -0.00467408588156104088
-0.17000000178813934300 -0.00465284101665019989
-0.15999999642372131300 -0.00463968981057405472
-0.15000000596046447800 -0.00463870121166110039
-0.14000000059604644800 -0.00461813202127814293
-0.12999999523162841800 -0.00461630988866090775
-0.11999999731779098500 -0.00462967902421951294
-0.10999999940395355200 -0.00462853116914629936
-0.10000000149011611900 -0.00462560495361685753
-0.09000000357627868650 -0.00463903183117508888
-0.07999999821186065670 -0.00462799193337559700
-0.07000000029802322390 -0.00461294502019882202
-0.05999999865889549260 -0.00462320121005177498
-0.05000000074505805970 -0.00460970401763916016
-0.03999999910593032840 -0.00458669615909457207
-0.02999999932944774630 -0.00460022222250699997
-0.01999999955296516420 -0.00459896586835384369
-0.00999999977648258210 -0.00458641210570931435
0.00000000000000000000 -0.00459717400372028351
0.00999999977648258210 -0.00459061190485954285
0.01999999955296516420 -0.00458826310932636261
0.02999999932944774630 -0.00458485400304198265
0.03999999910593032840 -0.00457467697560787201
0.05000000074505805970 -0.00456155510619282723
0.05999999865889549260 -0.00455348100513219834
0.07000000029802322390 -0.00454731006175279617
0.07999999821186065670 -0.00454525509849190712
0.09000000357627868650 -0.00455506611615419388
0.10000000149011611900 -0.00454839877784252167
0.10999999940395355200 -0.00454575289040803909
0.11999999731779098500 -0.00455088494345545769
0.12999999523162841800 -0.00453139096498489380
0.14000000059604644800 -0.00451817922294139862
0.15000000596046447800 -0.00451330421492457390
0.15999999642372131300 -0.00448389491066336632
0.17000000178813934300 -0.00447346176952123642
0.18000000715255737300 -0.00448024598881602287
0.18999999761581420900 -0.00446425378322601318
0.20000000298023223900 -0.00445429002866148949
0.20999999344348907500 -0.00445019407197833061
0.21999999880790710400 -0.00443219114094972611
0.23000000417232513400 -0.00440418720245361328
0.23999999463558197000 -0.00439187511801719666
0.25000000000000000000 -0.00436899717897176743
0.25999999046325683600 -0.00432795798406004906
0.27000001072883606000 -0.00431043189018964768
0.28000000119209289500 -0.00427968986332416535
0.28999999165534973100 -0.00425021722912788391
0.30000001192092895500 -0.00421946821734309197
0.31000000238418579100 -0.00418029678985476494
0.31999999284744262700 -0.00413154391571879387
0.33000001311302185100 -0.00407766085118055344
0.34000000357627868600 -0.00401987601071596146
0.34999999403953552200 -0.00395319098606705666
0.36000001430511474600 -0.00387957110069692135
0.37000000476837158200 -0.00380872888490557671
0.37999999523162841800 -0.00373461004346609116
0.38999998569488525400 -0.00365647301077842713
0.40000000596046447700 -0.00356721109710633755
0.40999999642372131300 -0.00347484904341399670
0.41999998688697814900 -0.00337627902626991272
0.43000000715255737300 -0.00325851188972592354
0.43999999761581420900 -0.00314912199974060059
0.44999998807907104500 -0.00303022493608295918
0.46000000834465026800 -0.00289755803532898426
0.46999999880790710400 -0.00277420505881309509
0.47999998927116394000 -0.00264809001237154007
0.49000000953674316400 -0.00251244497485458851
0.50000000000000000000 -0.00237578502856194973
0.50999999046325683600 -0.00223945104517042637
0.51999998092651367200 -0.00209079403430223465
0.52999997138977050800 -0.00194005703087896109
0.54000002145767211900 -0.00179275905247777700
0.55000001192092895500 -0.00163632503245025873
0.56000000238418579100 -0.00148030405398458242
0.56999999284744262700 -0.00132632197346538305
0.57999998331069946300 -0.00117150496225804091
0.58999997377395629900 -0.00101785897277295589
0.60000002384185791000 -0.00086899608140811324
0.61000001430511474600 -0.00070441357092931867
0.62000000476837158200 -0.00054459227249026299
0.62999999523162841800 -0.00038606498856097460
0.63999998569488525400 -0.00022389850346371531
0.64999997615814209000 -0.00006915920675965026
0.66000002622604370100 0.00005590257933363318
0.67000001668930053700 0.00025169178843498230
0.68000000715255737300 0.00041647319449111819
0.68999999761581420900 0.00058122380869463086
0.69999998807907104500 0.00074753782246261835
0.70999997854232788100 0.00091352302115410566
0.72000002861022949200 0.00107744499109685421
0.73000001907348632800 0.00124882196541875601
0.74000000953674316400 0.00142020802013576031
0.75000000000000000000 0.00159444601740688086
0.75999999046325683600 0.00177036703098565340
0.76999998092651367200 0.00194771494716405869
0.77999997138977050800 0.00212955102324485779
0.79000002145767211900 0.00231436803005635738
0.80000001192092895500 0.00250374199822545052
0.81000000238418579100 0.00269874092191457748
0.81999999284744262700 0.00289684999734163284
0.82999998331069946300 0.00309763802215456963
0.83999997377395629900 0.00330260489135980606
0.85000002384185791000 0.00351078994572162628
0.86000001430511474600 0.00372305209748446942
0.87000000476837158200 0.00394065910950303078
0.87999999523162841800 0.00416266312822699547
0.88999998569488525400 0.00439418386667966843
0.89999997615814209000 0.00463217496871948242
0.91000002622604370100 0.00487138703465461731
0.92000001668930053700 0.00511583918705582619
0.93000000715255737300 0.00537149189040064812
0.93999999761581420900 0.00562088517472147942
0.94999998807907104500 0.00587882380932569504
0.95999997854232788100 0.00614395597949624062
0.97000002861022949200 0.00640473095700144768
0.98000001907348632800 0.00668246904388070107
0.99000000953674316400 0.00696600601077079773
1.00000000000000000000 0.00725192297250032425
