-1.00000000000000000000 -0.00465508596971631050
-0.99000000953674316400 -0.00465594092383980751
-0.98000001907348632800 -0.00465811882168054581
-0.97000002861022949200 -0.00467056315392255783
-0.95999997854232788100 -0.00466497102752327919
-0.94999998807907104500 -0.00465231388807296753
-0.93999999761581420900 -0.00466761877760291100
-0.93000000715255737300 -0.00465566804632544518
-0.92000001668930053700 -0.00464481115341186524
-0.91000002622604370100 -0.00465907109901309014
-0.89999997615814209000 -0.00465986691415309906
-0.88999998569488525400 -0.00465808715671300888
-0.87999999523162841800 -0.00466827210038900376
-0.87000000476837158200 -0.00467351777479052544
-0.86000001430511474600 -0.00466282386332750321
-0.85000002384185791000 -0.00466593587771058083
-0.83999997377395629900 -0.00466256402432918549
-0.82999998331069946300 -0.00464222300797700882
-0.81999999284744262700 -0.00465092388913035393
-0.81000000238418579100 -0.00465176999568939209
-0.80000001192092895500 -0.00465543800964951515
-0.79000002145767211900 -0.00466487603262066841
-0.77999997138977050800 -0.00466626510024070740
-0.76999998092651367200 -0.00466769002377986908
-0.75999999046325683600 -0.00466672284528613091
-0.75000000000000000000 -0.00466053886339068413
-0.74000000953674316400 -0.00465108593925833702
-0.73000001907348632800 -0.00465082377195358277
-0.72000002861022949200 -0.00465141097083687782
-0.70999997854232788100 -0.00465689785778522492
-0.69999998807907104500 -0.00466915220022201538
-0.68999999761581420900 -0.00466995406895875931
-0.68000000715255737300 -0.00467106886208057404
-0.67000001668930053700 -0.00468622706830501557
-0.66000002622604370100 -0.00466971285641193390
-0.64999997615814209000 -0.00466917688027024269
-0.63999998569488525400 -0.00466596987098455429
-0.62999999523162841800 -0.00463990587741136551
-0.62000000476837158200 -0.00464074919000267983
-0.61000001430511474600 -0.00465511577203869820
-0.60000002384185791000 -0.00465572113171219826
-0.58999997377395629900 -0.00465497281402349472
-0.57999998331069946300 -0.00467085605487227440
-0.56999999284744262700 -0.00466999784111976624
-0.56000000238418579100 -0.00465794419869780541
-0.55000001192092895500 -0.00466665579006075859
-0.54000002145767211900 -0.00465885922312736511
-0.52999997138977050800 -0.00463584996759891510
-0.51999998092651367200 -0.00465034181252121926
-0.50999999046325683600 -0.00465136393904685974
-0.50000000000000000000 -0.00465126708149909973
-0.49000000953674316400 -0.00465649086982011795
-0.47999998927116394000 -0.00465305102989077568
-0.46999999880790710400 -0.00465450622141361237
-0.46000000834465026800 -0.00464943191036581993
-0.44999998807907104500 -0.00464509101584553719
-0.43999999761581420900 -0.00463819177821278572
-0.43000000715255737300 -0.00462302705273032189
-0.41999998688697814900 -0.00461684586480259895
-0.40999999642372131300 -0.00462293112650513649
-0.40000000596046447700 -0.00463218102231621742
-0.38999998569488525400 -0.00463165622204542160
-0.37999999523162841800 -0.00463784998282790184
-0.37000000476837158200 -0.00464011495932936669
-0.36000001430511474600 -0.00463223410770297051
-0.34999999403953552200 -0.00462811114266514778
-0.34000000357627868600 -0.00462557515129446984
-0.33000001311302185100 -0.00460694218054413796
-0.31999999284744262700 -0.00460794102400541306
-0.31000000238418579100 -0.00462436396628618240
-0.30000001192092895500 -0.00461857579648494721
-0.28999999165534973100 -0.00462726084515452385
-0.28000000119209289500 -0.00463961903005838394
-0.27000001072883606000 -0.00464164186269044876
-0.25999999046325683600 -0.00463190209120512009
-0.25000000000000000000 -0.00463805207982659340
-0.23999999463558197000 -0.00462749414145946503
-0.23000000417232513400 -0.00461048213765025139
-0.21999999880790710400 -0.00461827777326107025
-0.20999999344348907500 -0.00461913179606199265
-0.20000000298023223900 -0.00462664803490042687
-0.18999999761581420900 -0.00463874777778983116
-0.18000000715255737300 -0.00464262580499053002
-0.17000000178813934300 -0.00464435713365674019
-0.15999999642372131300 -0.00463737687095999718
-0.15000000596046447800 -0.00463451305404305458
-0.14000000059604644800 -0.00462983921170234680
-0.12999999523162841800 -0.00462383404374122620
-0.11999999731779098500 -0.00462645292282104492
-0.10999999940395355200 -0.00463679991662502289
-0.10000000149011611900 -0.00464111100882291794
-0.09000000357627868650 -0.00464073382318019867
-0.07999999821186065670 -0.00464738812297582626
-0.07000000029802322390 -0.00465376302599906922
-0.05999999865889549260 -0.00463796313852071762
-0.05000000074505805970 -0.00464088702574372292
-0.03999999910593032840 -0.00463667605072259903
-0.02999999932944774630 -0.00461600488051772118
-0.01999999955296516420 -0.00462246593087911606
-0.00999999977648258210 -0.00462868297472596169
0.00000000000000000000 -0.00462971488013863564
0.00999999977648258210 -0.00462964596226811409
0.01999999955296516420 -0.00463985605165362358
0.02999999932944774630 -0.00464300811290740967
0.03999999910593032840 -0.00463306810706853867
0.05000000074505805970 -0.00463033188134431839
0.05999999865889549260 -0.00462435185909271240
0.07000000029802322390 -0.00460717687383294106
0.07999999821186065670 -0.00460361503064632416
0.09000000357627868650 -0.00460748886689543724
0.10000000149011611900 -0.00460749585181474686
0.10999999940395355200 -0.00462128315120935440
0.11999999731779098500 -0.00461962213739752770
0.12999999523162841800 -0.00462079700082540512
0.14000000059604644800 -0.00461542187258601189
0.15000000596046447800 -0.00460573378950357437
0.15999999642372131300 -0.00459958706051111221
0.17000000178813934300 -0.00458710221573710442
0.18000000715255737300 -0.00457421690225601196
0.18999999761581420900 -0.00457567116245627403
0.20000000298023223900 -0.00458149099722504616
0.20999999344348907500 -0.00457404181361198425
0.21999999880790710400 -0.00457035982981324196
0.23000000417232513400 -0.00456901500001549721
0.23999999463558197000 -0.00455030100420117378
0.25000000000000000000 -0.00453299097716808319
0.25999999046325683600 -0.00452073290944099426
0.27000001072883606000 -0.00448578596115112305
0.28000000119209289500 -0.00447102589532732964
0.28999999165534973100 -0.00446322886273264885
0.30000001192092895500 -0.00444222288206219673
0.31000000238418579100 -0.00442286115139722824
0.31999999284744262700 -0.00440024491399526596
0.33000001311302185100 -0.00437212688848376274
0.34000000357627868600 -0.00432819500565528870
0.34999999403953552200 -0.00429164990782737732
0.36000001430511474600 -0.00424239505082368851
0.37000000476837158200 -0.00418075593188405037
0.37999999523162841800 -0.00412828614935278893
0.38999998569488525400 -0.00406903401017189026
0.40000000596046447700 -0.00400694087147712708
0.40999999642372131300 -0.00393666280433535576
0.41999998688697814900 -0.00385259091854095459
0.43000000715255737300 -0.00376316905021667481
0.43999999761581420900 -0.00366317201405763626
0.44999998807907104500 -0.00354771595448255539
0.46000000834465026800 -0.00343138491734862328
0.46999999880790710400 -0.00329372496344149113
0.47999998927116394000 -0.00315260700881481171
0.49000000953674316400 -0.00301772193051874638
0.50000000000000000000 -0.00287270802073180676
0.50999999046325683600 -0.00271795201115310192
0.51999998092651367200 -0.00255879992619156838
0.52999997138977050800 -0.00239566410891711712
0.54000002145767211900 -0.00221801991574466229
0.55000001192092895500 -0.00204110797494649887
0.56000000238418579100 -0.00186208705417811871
0.56999999284744262700 -0.00167481496464461088
0.57999998331069946300 -0.00149188900832086802
0.58999997377395629900 -0.00131040601991117001
0.60000002384185791000 -0.00112822500523179770
0.61000001430511474600 -0.00096543668769299984
0.62000000476837158200 -0.00077446829527616501
0.62999999523162841800 -0.00059278612025082111
0.63999998569488525400 -0.00041327020153403282
0.64999997615814209000 -0.00023760680051054806
0.66000002622604370100 -0.00007579800876555964
0.67000001668930053700 0.00005557061012950726
0.68000000715255737300 0.00025770149659365416
0.68999999761581420900 0.00043270128662697971
0.69999998807907104500 0.00060330372070893645
0.70999997854232788100 0.00077310192864388227
0.72000002861022949200 0.00094371108571067452
0.73000001907348632800 0.00110597698949277401
0.74000000953674316400 0.00128291302826255560
0.75000000000000000000 0.00146093196235597134
0.75999999046325683600 0.00164159201085567474
0.76999998092651367200 0.00182653695810586214
0.77999997138977050800 0.00201547308824956417
0.79000002145767211900 0.00220801401883363724
0.80000001192092895500 0.00240912102162837982
0.81000000238418579100 0.00261595402844250202
0.81999999284744262700 0.00282907392829656601
0.82999998331069946300 0.00304799899458885193
0.83999997377395629900 0.00327428197488188744
0.85000002384185791000 0.00350661505945026875
0.86000001430511474600 0.00374506297521293163
0.87000000476837158200 0.00399223109707236290
0.87999999523162841800 0.00424500601366162300
0.88999998569488525400 0.00450312113389372826
0.89999997615814209000 0.00477407313883304596
0.91000002622604370100 0.00505283800885081291
0.92000001668930053700 0.00533962901681661606
0.93000000715255737300 0.00563384406268596649
0.93999999761581420900 0.00593809084966778755
0.94999998807907104500 0.00624420912936329842
0.95999997854232788100 0.00655535887926816940
0.97000002861022949200 0.00688378419727087021
0.98000001907348632800 0.00721317902207374573
0.99000000953674316400 0.00755006587132811547
1.00000000000000000000 0.00790270604193210602
