-1.00000000000000000000 -0.00477023702114820480
-0.99000000953674316400 -0.00478948606178164482
-0.98000001907348632800 -0.00478825997561216355
-0.97000002861022949200 -0.00479663489386439324
-0.95999997854232788100 -0.00481359707191586495
-0.94999998807907104500 -0.00480554811656475067
-0.93999999761581420900 -0.00478980317711830139
-0.93000000715255737300 -0.00480445986613631249
-0.92000001668930053700 -0.00479553686454892159
-0.91000002622604370100 -0.00477544218301773071
-0.89999997615814209000 -0.00479135382920503616
-0.88999998569488525400 -0.00479249004274606705
-0.87999999523162841800 -0.00479480205103754997
-0.87000000476837158200 -0.00480560120195150376
-0.86000001430511474600 -0.00481014279648661614
-0.85000002384185791000 -0.00480278022587299347
-0.83999997377395629900 -0.00480290409177541733
-0.82999998331069946300 -0.00480173807591199875
-0.81999999284744262700 -0.00478973798453807831
-0.81000000238418579100 -0.00478770677000284195
-0.80000001192092895500 -0.00478343619033694267
-0.79000002145767211900 -0.00479599786922335625
-0.77999997138977050800 -0.00480928691104054451
-0.76999998092651367200 -0.00481156120076775551
-0.75999999046325683600 -0.00481238495558500290
-0.75000000000000000000 -0.00482437899336218834
-0.74000000953674316400 -0.00481026386842131615
-0.73000001907348632800 -0.00480855489149689675
-0.72000002861022949200 -0.00480757793411612511
-0.70999997854232788100 -0.00478619895875453949
-0.69999998807907104500 -0.00478819897398352623
-0.68999999761581420900 -0.00480232294648885727
-0.68000000715255737300 -0.00480175903066992760
-0.67000001668930053700 -0.00480413995683193207
-0.66000002622604370100 -0.00481492280960083008
-0.64999997615814209000 -0.00481599895283579826
-0.63999998569488525400 -0.00480695301666855812
-0.62999999523162841800 -0.00481218099594116211
-0.62000000476837158200 -0.00480174599215388298
-0.61000001430511474600 -0.00478296587243676186
-0.60000002384185791000 -0.00478924391791224480
-0.58999997377395629900 -0.00479241088032722473
-0.57999998331069946300 -0.00479477783665060997
-0.56999999284744262700 -0.00480481702834367752
-0.56000000238418579100 -0.00480173202231526375
-0.55000001192092895500 -0.00480955792590975762
-0.54000002145767211900 -0.00480853393673896790
-0.52999997138977050800 -0.00480209710076451302
-0.51999998092651367200 -0.00479758298024535179
-0.50999999046325683600 -0.00478662084788084030
-0.50000000000000000000 -0.00478023989126086235
-0.49000000953674316400 -0.00478224409744143486
-0.47999998927116394000 -0.00479624886065721512
-0.46999999880790710400 -0.00479751918464899063
-0.46000000834465026800 -0.00479674618691205979
-0.44999998807907104500 -0.00480725290253758431
-0.43999999761581420900 -0.00479265721514821053
-0.43000000715255737300 -0.00478525878861546517
-0.41999998688697814900 -0.00479383114725351334
-0.40999999642372131300 -0.00477698119357228279
-0.40000000596046447700 -0.00477020908147096634
-0.38999998569488525400 -0.00478474004194140434
-0.37999999523162841800 -0.00478506600484251976
-0.37000000476837158200 -0.00478870980441570282
-0.36000001430511474600 -0.00479703303426504135
-0.34999999403953552200 -0.00480615906417369843
-0.34000000357627868600 -0.00479754293337464333
-0.33000001311302185100 -0.00479243090376257897
-0.31999999284744262700 -0.00478651002049446106
-0.31000000238418579100 -0.00477723404765129090
-0.30000001192092895500 -0.00477643497288227081
-0.28999999165534973100 -0.00477385008707642555
-0.28000000119209289500 -0.00478087505325675011
-0.27000001072883606000 -0.00478947302326560021
-0.25999999046325683600 -0.00478746788576245308
-0.25000000000000000000 -0.00479596294462680817
-0.23999999463558197000 -0.00479826796799898148
-0.23000000417232513400 -0.00477858819067478180
-0.21999999880790710400 -0.00478705810382962227
-0.20999999344348907500 -0.00478167179971933365
-0.20000000298023223900 -0.00476243207231163979
-0.18999999761581420900 -0.00475947279483079910
-0.18000000715255737300 -0.00476992176845669747
-0.17000000178813934300 -0.00476714177057147026
-0.15999999642372131300 -0.00476882001385092735
-0.15000000596046447800 -0.00478532817214727402
-0.14000000059604644800 -0.00477313390001654625
-0.12999999523162841800 -0.00476470915600657463
-0.11999999731779098500 -0.00477454997599124909
-0.10999999940395355200 -0.00475872308015823364
-0.10000000149011611900 -0.00474318210035562515
-0.09000000357627868650 -0.00475453492254018784
-0.07999999821186065670 -0.00475485809147357941
-0.07000000029802322390 -0.00474660797044634819
-0.05999999865889549260 -0.00475625786930322647
-0.05000000074505805970 -0.00475232303142547608
-0.03999999910593032840 -0.00474809482693672180
-0.02999999932944774630 -0.00473956717178225517
-0.01999999955296516420 -0.00473513081669807434
-0.00999999977648258210 -0.00472793914377689362
0.00000000000000000000 -0.00471173692494630814
0.00999999977648258210 -0.00471399491652846336
0.01999999955296516420 -0.00471309013664722443
0.02999999932944774630 -0.00472481502220034599
0.03999999910593032840 -0.00471930997446179390
0.05000000074505805970 -0.00472108088433742523
0.05999999865889549260 -0.00473530497401952744
0.07000000029802322390 -0.00472090579569339752
0.07999999821186065670 -0.00470854016020894051
0.09000000357627868650 -0.00471722381189465523
0.10000000149011611900 -0.00469790911301970482
0.10999999940395355200 -0.00468795187771320343
0.11999999731779098500 -0.00470242882147431374
0.12999999523162841800 -0.00469677802175283432
0.14000000059604644800 -0.00469567207619547844
0.15000000596046447800 -0.00470286421477794647
0.15999999642372131300 -0.00470537878572940827
0.17000000178813934300 -0.00469263782724738121
0.18000000715255737300 -0.00468675978481769562
0.18999999761581420900 -0.00467573804780840874
0.20000000298023223900 -0.00465556979179382324
0.20999999344348907500 -0.00465040979906916618
0.21999999880790710400 -0.00464407587423920632
0.23000000417232513400 -0.00464262487366795540
0.23999999463558197000 -0.00464185001328587532
0.25000000000000000000 -0.00462829787284135819
0.25999999046325683600 -0.00462254881858825684
0.27000001072883606000 -0.00460879690945148468
0.28000000119209289500 -0.00457804603502154350
0.28999999165534973100 -0.00456306291744112969
0.30000001192092895500 -0.00453699612990021706
0.31000000238418579100 -0.00449502794072031975
0.31999999284744262700 -0.00447820592671632767
0.33000001311302185100 -0.00445578899234533310
0.34000000357627868600 -0.00441972818225622177
0.34999999403953552200 -0.00438203522935509682
0.36000001430511474600 -0.00434857793152332306
0.37000000476837158200 -0.00428782077506184578
0.37999999523162841800 -0.00422237999737262726
0.38999998569488525400 -0.00416690902784466744
0.40000000596046447700 -0.00407991604879498482
0.40999999642372131300 -0.00400164397433400154
0.41999998688697814900 -0.00392191018909215927
0.43000000715255737300 -0.00382773904129862785
0.43999999761581420900 -0.00372503208927810192
0.44999998807907104500 -0.00361988507211208344
0.46000000834465026800 -0.00349786807782948017
0.46999999880790710400 -0.00336733390577137470
0.47999998927116394000 -0.00322326901368796826
0.49000000953674316400 -0.00307684298604726791
0.50000000000000000000 -0.00292222690768539906
0.50999999046325683600 -0.00275572109967470169
0.51999998092651367200 -0.00259206094779074192
0.52999997138977050800 -0.00242805597372353077
0.54000002145767211900 -0.00225570891052484512
0.55000001192092895500 -0.00207465491257607937
0.56000000238418579100 -0.00189379800576716662
0.56999999284744262700 -0.00170894700568169355
0.57999998331069946300 -0.00151630304753780365
0.58999997377395629900 -0.00132949696853756905
0.60000002384185791000 -0.00113945396151393652
0.61000001430511474600 -0.00097347801784053445
0.62000000476837158200 -0.00077233702177181840
0.62999999523162841800 -0.00058430177159607410
0.63999998569488525400 -0.00039285828825086355
0.64999997615814209000 -0.00020573950314428657
0.66000002622604370100 -0.00004074014941579662
0.67000001668930053700 0.00013427970407065004
0.68000000715255737300 0.00032286299392580986
0.68999999761581420900 0.00050780258607119322
0.69999998807907104500 0.00069045397685840726
0.70999997854232788100 0.00087211502250283957
0.72000002861022949200 0.00104465102776885033
0.73000001907348632800 0.00123307597823441029
0.74000000953674316400 0.00141988205723464489
0.75000000000000000000 0.00161011901218444109
0.75999999046325683600 0.00180284795351326466
0.76999998092651367200 0.00199823989532887936
0.77999997138977050800 0.00219993898645043373
0.79000002145767211900 0.00240436010062694550
0.80000001192092895500 0.00261176610365509987
0.81000000238418579100 0.00282892188988626003
0.81999999284744262700 0.00304841296747326851
0.82999998331069946300 0.00327126309275627136
0.83999997377395629900 0.00350640411488711834
0.85000002384185791000 0.00374607788398861885
0.86000001430511474600 0.00399103993549942970
0.87000000476837158200 0.00424555409699678421
0.87999999523162841800 0.00450553698465228081
0.88999998569488525400 0.00477047683671116829
0.89999997615814209000 0.00504176598042249680
0.91000002622604370100 0.00532108405604958534
0.92000001668930053700 0.00560770696029067040
0.93000000715255737300 0.00589936319738626480
0.93999999761581420900 0.00620227120816707611
0.94999998807907104500 0.00651034899055957794
0.95999997854232788100 0.00683123711496591568
0.97000002861022949200 0.00715268403291702271
0.98000001907348632800 0.00748518295586109162
0.99000000953674316400 0.00782654900103807450
1.00000000000000000000 0.00816516205668449402
