-1.00000000000000000000 -0.00480327615514397621
-0.99000000953674316400 -0.00480739120393991470
-0.98000001907348632800 -0.00480240490287542343
-0.97000002861022949200 -0.00483274599537253380
-0.95999997854232788100 -0.00483404286205768585
-0.94999998807907104500 -0.00482629984617233277
-0.93999999761581420900 -0.00482752313837409020
-0.93000000715255737300 -0.00480604497715830803
-0.92000001668930053700 -0.00480640586465597153
-0.91000002622604370100 -0.00481984391808509827
-0.89999997615814209000 -0.00482212100178003311
-0.88999998569488525400 -0.00481751700863242150
-0.87999999523162841800 -0.00483455695211887360
-0.87000000476837158200 -0.00483344681560993195
-0.86000001430511474600 -0.00482225185260176659
-0.85000002384185791000 -0.00483033480122685433
-0.83999997377395629900 -0.00482403999194502831
-0.82999998331069946300 -0.00480007706210017204
-0.81999999284744262700 -0.00482531404122710228
-0.81000000238418579100 -0.00482672778889536858
-0.80000001192092895500 -0.00482644792646169663
-0.79000002145767211900 -0.00484320521354675293
-0.77999997138977050800 -0.00484050111845135689
-0.76999998092651367200 -0.00484174583107233048
-0.75999999046325683600 -0.00484341988340020180
-0.75000000000000000000 -0.00483535882085561752
-0.74000000953674316400 -0.00482719112187623978
-0.73000001907348632800 -0.00482148118317127228
-0.72000002861022949200 -0.00481917522847652435
-0.70999997854232788100 -0.00481839617714285851
-0.69999998807907104500 -0.00483410805463790894
-0.68999999761581420900 -0.00483217183500528336
-0.68000000715255737300 -0.00483625102788209915
-0.67000001668930053700 -0.00484952377155423165
-0.66000002622604370100 -0.00483739003539085388
-0.64999997615814209000 -0.00482622999697923660
-0.63999998569488525400 -0.00483635114505887032
-0.62999999523162841800 -0.00481552490964531899
-0.62000000476837158200 -0.00480348290875554085
-0.61000001430511474600 -0.00482706306502223015
-0.60000002384185791000 -0.00482292892411351204
-0.58999997377395629900 -0.00482466677203774452
-0.57999998331069946300 -0.00483815884217619896
-0.56999999284744262700 -0.00483867805451154709
-0.56000000238418579100 -0.00482901977375149727
-0.55000001192092895500 -0.00483275903388857842
-0.54000002145767211900 -0.00482775922864675522
-0.52999997138977050800 -0.00480842823162674904
-0.51999998092651367200 -0.00481655402109026909
-0.50999999046325683600 -0.00481271417811512947
-0.50000000000000000000 -0.00481384899467229843
-0.49000000953674316400 -0.00482817087322473526
-0.47999998927116394000 -0.00482577411457896233
-0.46999999880790710400 -0.00482937321066856384
-0.46000000834465026800 -0.00483047496527433396
-0.44999998807907104500 -0.00481681991368532181
-0.43999999761581420900 -0.00481527904048562050
-0.43000000715255737300 -0.00481380196288228035
-0.41999998688697814900 -0.00479996390640735626
-0.40999999642372131300 -0.00480302982032299042
-0.40000000596046447700 -0.00481731910258531571
-0.38999998569488525400 -0.00481776706874370575
-0.37999999523162841800 -0.00481205293908715248
-0.37000000476837158200 -0.00483745802193880081
-0.36000001430511474600 -0.00482117198407649994
-0.34999999403953552200 -0.00480834580957889557
-0.34000000357627868600 -0.00482153892517089844
-0.33000001311302185100 -0.00480351084843277931
-0.31999999284744262700 -0.00479305395856499672
-0.31000000238418579100 -0.00480960588902235031
-0.30000001192092895500 -0.00481124315410852432
-0.28999999165534973100 -0.00481212418526411057
-0.28000000119209289500 -0.00482753105461597443
-0.27000001072883606000 -0.00482900487259030342
-0.25999999046325683600 -0.00482191611081361771
-0.25000000000000000000 -0.00481930794194340706
-0.23999999463558197000 -0.00481712399050593376
-0.23000000417232513400 -0.00480069592595100403
-0.21999999880790710400 -0.00479772081598639488
-0.20999999344348907500 -0.00480063678696751595
-0.20000000298023223900 -0.00480259908363223076
-0.18999999761581420900 -0.00481549184769392014
-0.18000000715255737300 -0.00481324410066008568
-0.17000000178813934300 -0.00481932703405618668
-0.15999999642372131300 -0.00482096010819077492
-0.15000000596046447800 -0.00480652414262294769
-0.14000000059604644800 -0.00480313412845134735
-0.12999999523162841800 -0.00480251107364892960
-0.11999999731779098500 -0.00478283502161502838
-0.10999999940395355200 -0.00478247320279479027
-0.10000000149011611900 -0.00480194296687841416
-0.09000000357627868650 -0.00479673221707344055
-0.07999999821186065670 -0.00479602813720703125
-0.07000000029802322390 -0.00480899401009082794
-0.05999999865889549260 -0.00480041094124317169
-0.05000000074505805970 -0.00478245411068201065
-0.03999999910593032840 -0.00479531800374388695
-0.02999999932944774630 -0.00478272419422864914
-0.01999999955296516420 -0.00476252706721425057
-0.00999999977648258210 -0.00477599492296576500
0.00000000000000000000 -0.00477515021339058876
0.00999999977648258210 -0.00477250898256897926
0.01999999955296516420 -0.00478231301531195641
0.02999999932944774630 -0.00478276517242193222
0.03999999910593032840 -0.00477691506966948509
0.05000000074505805970 -0.00477820308879017830
0.05999999865889549260 -0.00477055879309773445
0.07000000029802322390 -0.00475603900849819184
0.07999999821186065670 -0.00474702613428235054
0.09000000357627868650 -0.00474143121391534805
0.10000000149011611900 -0.00474419398233294487
0.10999999940395355200 -0.00475562410429120064
0.11999999731779098500 -0.00475156307220458985
0.12999999523162841800 -0.00474937492981553078
0.14000000059604644800 -0.00476103788241744042
0.15000000596046447800 -0.00474059488624334335
0.15999999642372131300 -0.00473331892862915993
0.17000000178813934300 -0.00473351590335369110
0.18000000715255737300 -0.00470452383160591126
0.18999999761581420900 -0.00469883996993303299
0.20000000298023223900 -0.00471197208389639855
0.20999999344348907500 -0.00470472918823361397
0.21999999880790710400 -0.00469584995880723000
0.23000000417232513400 -0.00469010509550571442
0.23999999463558197000 -0.00467064278200268746
0.25000000000000000000 -0.00465053785592317581
0.25999999046325683600 -0.00464588077738881111
0.27000001072883606000 -0.00462096417322754860
0.28000000119209289500 -0.00458547892048954964
0.28999999165534973100 -0.00457683298736810684
0.30000001192092895500 -0.00455965101718902588
0.31000000238418579100 -0.00453377002850174904
0.31999999284744262700 -0.00452107703313231468
0.33000001311302185100 -0.00448973709717392922
0.34000000357627868600 -0.00445512821897864342
0.34999999403953552200 -0.00441330205649137497
0.36000001430511474600 -0.00436436012387275696
0.37000000476837158200 -0.00430510286241769791
0.37999999523162841800 -0.00423389812931418419
0.38999998569488525400 -0.00416473811492323876
0.40000000596046447700 -0.00409444421529769898
0.40999999642372131300 -0.00402754591777920723
0.41999998688697814900 -0.00393911683931946755
0.43000000715255737300 -0.00384874199517071247
0.43999999761581420900 -0.00375171611085534096
0.44999998807907104500 -0.00363234989345073700
0.46000000834465026800 -0.00351154292002320290
0.46999999880790710400 -0.00338283600285649300
0.47999998927116394000 -0.00323645793832838535
0.49000000953674316400 -0.00309549388475716114
0.50000000000000000000 -0.00295176706276834011
0.50999999046325683600 -0.00279354001395404339
0.51999998092651367200 -0.00263264495879411697
0.52999997138977050800 -0.00246888003312051296
0.54000002145767211900 -0.00230115698650479317
0.55000001192092895500 -0.00211890507489442825
0.56000000238418579100 -0.00193962396588176489
0.56999999284744262700 -0.00175309495534747839
0.57999998331069946300 -0.00156249199062585831
0.58999997377395629900 -0.00137891294434666634
0.60000002384185791000 -0.00119353702757507563
0.61000001430511474600 -0.00101024797186255455
0.62000000476837158200 -0.00084455398609861732
0.62999999523162841800 -0.00065183691913262010
0.63999998569488525400 -0.00046985520748421550
0.64999997615814209000 -0.00029034868930466473
0.66000002622604370100 -0.00011377569899195805
0.67000001668930053700 0.00004824674033443443
0.68000000715255737300 0.00021185510559007525
0.68999999761581420900 0.00039049139013513923
0.69999998807907104500 0.00056364771444350481
0.70999997854232788100 0.00073460332350805402
0.72000002861022949200 0.00090639310656115413
0.73000001907348632800 0.00106944097205996513
0.74000000953674316400 0.00124532799236476421
0.75000000000000000000 0.00142218102701008320
0.75999999046325683600 0.00160075898747891188
0.76999998092651367200 0.00178188004065304995
0.77999997138977050800 0.00196708901785314083
0.79000002145767211900 0.00215570209547877312
0.80000001192092895500 0.00234880810603499413
0.81000000238418579100 0.00254805805161595345
0.81999999284744262700 0.00275284098461270332
0.82999998331069946300 0.00296401605010032654
0.83999997377395629900 0.00318029988557100296
0.85000002384185791000 0.00340308994054794312
0.86000001430511474600 0.00363329891115427017
0.87000000476837158200 0.00386627390980720520
0.87999999523162841800 0.00410725595429539681
0.88999998569488525400 0.00435633677989244461
0.89999997615814209000 0.00460520992055535317
0.91000002622604370100 0.00486819492653012276
0.92000001668930053700 0.00514023518189787865
0.93000000715255737300 0.00541524309664964676
0.93999999761581420900 0.00569946784526109696
0.94999998807907104500 0.00599331501871347428
0.95999997854232788100 0.00629027886316180229
0.97000002861022949200 0.00659134099259972573
0.98000001907348632800 0.00690519483759999275
0.99000000953674316400 0.00722044799476861954
1.00000000000000000000 0.00753950420767068863
