-1.00000000000000000000 -0.00477641401812434197
-0.99000000953674316400 -0.00477878609672188759
-0.98000001907348632800 -0.00477549014613032341
-0.97000002861022949200 -0.00477322703227400780
-0.95999997854232788100 -0.00476968102157115936
-0.94999998807907104500 -0.00475872121751308441
-0.93999999761581420900 -0.00475054187700152397
-0.93000000715255737300 -0.00475405110046267510
-0.92000001668930053700 -0.00475822715088725090
-0.91000002622604370100 -0.00476879812777042389
-0.89999997615814209000 -0.00476984120905399323
-0.88999998569488525400 -0.00477166194468736649
-0.87999999523162841800 -0.00478364899754524231
-0.87000000476837158200 -0.00476513477042317391
-0.86000001430511474600 -0.00476727122440934181
-0.85000002384185791000 -0.00476605491712689400
-0.83999997377395629900 -0.00474578514695167542
-0.82999998331069946300 -0.00475327391177415848
-0.81999999284744262700 -0.00476338900625705719
-0.81000000238418579100 -0.00476607121527194977
-0.80000001192092895500 -0.00476574990898370743
-0.79000002145767211900 -0.00478096585720777512
-0.77999997138977050800 -0.00477586686611175537
-0.76999998092651367200 -0.00476375315338373184
-0.75999999046325683600 -0.00477450620383024216
-0.75000000000000000000 -0.00476081622764468193
-0.74000000953674316400 -0.00474481377750635147
-0.73000001907348632800 -0.00476181786507368088
-0.72000002861022949200 -0.00476210517808794975
-0.70999997854232788100 -0.00476029096171259880
-0.69999998807907104500 -0.00477522378787398338
-0.68999999761581420900 -0.00477641588076949120
-0.68000000715255737300 -0.00477079395204782486
-0.67000001668930053700 -0.00476518319919705391
-0.66000002622604370100 -0.00476221181452274323
-0.64999997615814209000 -0.00475336285308003426
-0.63999998569488525400 -0.00474819587543606758
-0.62999999523162841800 -0.00475367903709411621
-0.62000000476837158200 -0.00476290797814726830
-0.61000001430511474600 -0.00477517489343881607
-0.60000002384185791000 -0.00477220397442579270
-0.58999997377395629900 -0.00478013884276151657
-0.57999998331069946300 -0.00478490581735968590
-0.56999999284744262700 -0.00476614711806178093
-0.56000000238418579100 -0.00477212900295853615
-0.55000001192092895500 -0.00476756505668163300
-0.54000002145767211900 -0.00475354492664337158
-0.52999997138977050800 -0.00475441990420222283
-0.51999998092651367200 -0.00476804701611399651
-0.50999999046325683600 -0.00476739695295691490
-0.50000000000000000000 -0.00477082002907991409
-0.49000000953674316400 -0.00478081777691841126
-0.47999998927116394000 -0.00477303797379136086
-0.46999999880790710400 -0.00476574618369340897
-0.46000000834465026800 -0.00477345380932092667
-0.44999998807907104500 -0.00475663784891366959
-0.43999999761581420900 -0.00474764499813318253
-0.43000000715255737300 -0.00475884880870580673
-0.41999998688697814900 -0.00475875008851289749
-0.40999999642372131300 -0.00476477481424808502
-0.40000000596046447700 -0.00476947892457246781
-0.38999998569488525400 -0.00477426918223500252
-0.37999999523162841800 -0.00477148685604333878
-0.37000000476837158200 -0.00476205209270119667
-0.36000001430511474600 -0.00475768977776169777
-0.34999999403953552200 -0.00475275702774524689
-0.34000000357627868600 -0.00474428199231624603
-0.33000001311302185100 -0.00474815489724278450
-0.31999999284744262700 -0.00475652702152729035
-0.31000000238418579100 -0.00476351520046591759
-0.30000001192092895500 -0.00476167397573590279
-0.28999999165534973100 -0.00477835210040211678
-0.28000000119209289500 -0.00477096205577254296
-0.27000001072883606000 -0.00475271418690681458
-0.25999999046325683600 -0.00476349098607897759
-0.25000000000000000000 -0.00475269183516502381
-0.23999999463558197000 -0.00473525002598762512
-0.23000000417232513400 -0.00474690599367022514
-0.21999999880790710400 -0.00475317798554897308
-0.20999999344348907500 -0.00475279521197080612
-0.20000000298023223900 -0.00476289214566349983
-0.18999999761581420900 -0.00477296812459826470
-0.18000000715255737300 -0.00475936802104115486
-0.17000000178813934300 -0.00475928885862231255
-0.15999999642372131300 -0.00475860806182026863
-0.15000000596046447800 -0.00474080396816134453
-0.14000000059604644800 -0.00473975110799074173
-0.12999999523162841800 -0.00474149687215685845
-0.11999999731779098500 -0.00474231597036123276
-0.10999999940395355200 -0.00474876118823885918
-0.10000000149011611900 -0.00475399522110819817
-0.09000000357627868650 -0.00475301221013069153
-0.07999999821186065670 -0.00475367205217480660
-0.07000000029802322390 -0.00474017718806862831
-0.05999999865889549260 -0.00473559182137250900
-0.05000000074505805970 -0.00473207700997591019
-0.03999999910593032840 -0.00471973000094294548
-0.02999999932944774630 -0.00472154794260859490
-0.01999999955296516420 -0.00473140412941575050
-0.00999999977648258210 -0.00473727378994226456
0.00000000000000000000 -0.00473209377378225327
0.00999999977648258210 -0.00474005891010165215
0.01999999955296516420 -0.00473805377259850502
0.02999999932944774630 -0.00471970578655600548
0.03999999910593032840 -0.00472519500181078911
0.05000000074505805970 -0.00471646199002861977
0.05999999865889549260 -0.00469588721171021462
0.07000000029802322390 -0.00470299879088997841
0.07999999821186065670 -0.00470909802243113518
0.09000000357627868650 -0.00470455922186374664
0.10000000149011611900 -0.00471024820581078530
0.10999999940395355200 -0.00471586314961314202
0.11999999731779098500 -0.00470050610601902008
0.12999999523162841800 -0.00468542193993926048
0.14000000059604644800 -0.00468450412154197693
0.15000000596046447800 -0.00466606020927429199
0.15999999642372131300 -0.00465681497007608414
0.17000000178813934300 -0.00466213421896100044
0.18000000715255737300 -0.00465669715777039528
0.18999999761581420900 -0.00466209696605801582
0.20000000298023223900 -0.00464677810668945313
0.20999999344348907500 -0.00464276410639286041
0.21999999880790710400 -0.00463237101212143898
0.23000000417232513400 -0.00461377389729022980
0.23999999463558197000 -0.00459977285936474800
0.25000000000000000000 -0.00458838976919651032
0.25999999046325683600 -0.00456960685551166535
0.27000001072883606000 -0.00455124303698539734
0.28000000119209289500 -0.00454546697437763214
0.28999999165534973100 -0.00452762003988027573
0.30000001192092895500 -0.00450793420895934105
0.31000000238418579100 -0.00449680816382169724
0.31999999284744262700 -0.00446118181571364403
0.33000001311302185100 -0.00441834796220064163
0.34000000357627868600 -0.00439164508134126663
0.34999999403953552200 -0.00433036498725414276
0.36000001430511474600 -0.00427685398608446121
0.37000000476837158200 -0.00423878617584705353
0.37999999523162841800 -0.00418323418125510216
0.38999998569488525400 -0.00412022415548563004
0.40000000596046447700 -0.00405764579772949219
0.40999999642372131300 -0.00398215884342789650
0.41999998688697814900 -0.00388520001433789730
0.43000000715255737300 -0.00379350711591541767
0.43999999761581420900 -0.00368432607501745224
0.44999998807907104500 -0.00356019008904695511
0.46000000834465026800 -0.00344601809047162533
0.46999999880790710400 -0.00331668788567185402
0.47999998927116394000 -0.00318246404640376568
0.49000000953674316400 -0.00304577988572418690
0.50000000000000000000 -0.00289596896618604660
0.50999999046325683600 -0.00273890211246907711
0.51999998092651367200 -0.00257540796883404255
0.52999997138977050800 -0.00240336800925433636
0.54000002145767211900 -0.00222791498526930809
0.55000001192092895500 -0.00204885704442858696
0.56000000238418579100 -0.00186649896204471588
0.56999999284744262700 -0.00168626697268337011
0.57999998331069946300 -0.00150436395779252052
0.58999997377395629900 -0.00131801899988204241
0.60000002384185791000 -0.00113046797923743725
0.61000001430511474600 -0.00096122681861743331
0.62000000476837158200 -0.00076492462540045381
0.62999999523162841800 -0.00057393719907850027
0.63999998569488525400 -0.00039002520497888327
0.64999997615814209000 -0.00020306950318627059
0.66000002622604370100 -0.00002812517050188035
0.67000001668930053700 0.00014304929936770350
0.68000000715255737300 0.00032896338962018490
0.68999999761581420900 0.00051346799591556191
0.69999998807907104500 0.00069520977558568120
0.70999997854232788100 0.00087601359700784087
0.72000002861022949200 0.00104837701655924320
0.73000001907348632800 0.00123458204325288534
0.74000000953674316400 0.00141923094633966684
0.75000000000000000000 0.00160603399854153395
0.75999999046325683600 0.00179517199285328388
0.76999998092651367200 0.00198565400205552578
0.77999997138977050800 0.00218080496415495873
0.79000002145767211900 0.00238096504472196102
0.80000001192092895500 0.00258394097909331322
0.81000000238418579100 0.00279179704375565052
0.81999999284744262700 0.00300701288506388664
0.82999998331069946300 0.00322354189120233059
0.83999997377395629900 0.00344478711485862732
0.85000002384185791000 0.00367536395788192749
0.86000001430511474600 0.00390759296715259552
0.87000000476837158200 0.00414599804207682610
0.87999999523162841800 0.00439508398994803429
0.88999998569488525400 0.00464634085074067116
0.89999997615814209000 0.00490405922755599022
0.91000002622604370100 0.00517127895727753639
0.92000001668930053700 0.00544195109978318215
0.93000000715255737300 0.00571619719266891480
0.93999999761581420900 0.00600196421146392822
0.94999998807907104500 0.00628716219216585160
0.95999997854232788100 0.00657472712919116020
0.97000002861022949200 0.00687762815505266190
0.98000001907348632800 0.00718625402078032494
0.99000000953674316400 0.00749934092164039612
1.00000000000000000000 0.00782429706305265427
