-1.00000000000000000000 -0.00470162881538271904
-0.99000000953674316400 -0.00470022810623049736
-0.98000001907348632800 -0.00470228679478168488
-0.97000002861022949200 -0.00472408719360828400
-0.95999997854232788100 -0.00471001816913485527
-0.94999998807907104500 -0.00470932899042963982
-0.93999999761581420900 -0.00471190176904201508
-0.93000000715255737300 -0.00468816887587308884
-0.92000001668930053700 -0.00469333818182349205
-0.91000002622604370100 -0.00470224209129810333
-0.89999997615814209000 -0.00470372615382075310
-0.88999998569488525400 -0.00470549892634153366
-0.87999999523162841800 -0.00471815280616283417
-0.87000000476837158200 -0.00471394881606101990
-0.86000001430511474600 -0.00470933411270380020
-0.85000002384185791000 -0.00471078883856534958
-0.83999997377395629900 -0.00470110215246677399
-0.82999998331069946300 -0.00468546897172927857
-0.81999999284744262700 -0.00468859402462840080
-0.81000000238418579100 -0.00469199521467089653
-0.80000001192092895500 -0.00469643902033567429
-0.79000002145767211900 -0.00470661884173750878
-0.77999997138977050800 -0.00470040319487452507
-0.76999998092651367200 -0.00471297884359955788
-0.75999999046325683600 -0.00470581790432333946
-0.75000000000000000000 -0.00469829980283975601
-0.74000000953674316400 -0.00469951285049319267
-0.73000001907348632800 -0.00468468200415372849
-0.72000002861022949200 -0.00467606121674180031
-0.70999997854232788100 -0.00469455309212207794
-0.69999998807907104500 -0.00469636311754584313
-0.68999999761581420900 -0.00469076307490468025
-0.68000000715255737300 -0.00470788916572928429
-0.67000001668930053700 -0.00470614107325673103
-0.66000002622604370100 -0.00469126086682081223
-0.64999997615814209000 -0.00470154313370585442
-0.63999998569488525400 -0.00469380104914307594
-0.62999999523162841800 -0.00467121507972478867
-0.62000000476837158200 -0.00468281004577875137
-0.61000001430511474600 -0.00468608085066080094
-0.60000002384185791000 -0.00468395417556166649
-0.58999997377395629900 -0.00469948211684823036
-0.57999998331069946300 -0.00469609815627336502
-0.56999999284744262700 -0.00469517987221479416
-0.56000000238418579100 -0.00469782901927828789
-0.55000001192092895500 -0.00469184899702668190
-0.54000002145767211900 -0.00468045799061655998
-0.52999997138977050800 -0.00467573711648583412
-0.51999998092651367200 -0.00467559415847063065
-0.50999999046325683600 -0.00467464607208967209
-0.50000000000000000000 -0.00469213584437966347
-0.49000000953674316400 -0.00468520680442452431
-0.47999998927116394000 -0.00467943819239735603
-0.46999999880790710400 -0.00469235191121697426
-0.46000000834465026800 -0.00467857206240296364
-0.44999998807907104500 -0.00467413198202848435
-0.43999999761581420900 -0.00467902002856135368
-0.43000000715255737300 -0.00465654302388429642
-0.41999998688697814900 -0.00465316511690616608
-0.40999999642372131300 -0.00467004301026463509
-0.40000000596046447700 -0.00466693798080086708
-0.38999998569488525400 -0.00466994103044271469
-0.37999999523162841800 -0.00468117883428931236
-0.37000000476837158200 -0.00467049796134233475
-0.36000001430511474600 -0.00465716281905770302
-0.34999999403953552200 -0.00466704787686467171
-0.34000000357627868600 -0.00465315999463200569
-0.33000001311302185100 -0.00463551189750432968
-0.31999999284744262700 -0.00464369915425777435
-0.31000000238418579100 -0.00464316504076123238
-0.30000001192092895500 -0.00464843120425939560
-0.28999999165534973100 -0.00465587899088859558
-0.28000000119209289500 -0.00465441122651100159
-0.27000001072883606000 -0.00465519679710268974
-0.25999999046325683600 -0.00465220492333173752
-0.25000000000000000000 -0.00464461790397763252
-0.23999999463558197000 -0.00463718408718705177
-0.23000000417232513400 -0.00462685897946357727
-0.21999999880790710400 -0.00461881700903177262
-0.20999999344348907500 -0.00462612509727478028
-0.20000000298023223900 -0.00463374098762869835
-0.18999999761581420900 -0.00462981220334768295
-0.18000000715255737300 -0.00464457692578434944
-0.17000000178813934300 -0.00465522613376379013
-0.15999999642372131300 -0.00463757803663611412
-0.15000000596046447800 -0.00463975686579942703
-0.14000000059604644800 -0.00463818386197090149
-0.12999999523162841800 -0.00461764819920063019
-0.11999999731779098500 -0.00461681513115763664
-0.10999999940395355200 -0.00462967390194535256
-0.10000000149011611900 -0.00462666014209389687
-0.09000000357627868650 -0.00463116215541958809
-0.07999999821186065670 -0.00463978806510567665
-0.07000000029802322390 -0.00463525997474789620
-0.05999999865889549260 -0.00463122408837080002
-0.05000000074505805970 -0.00462832022458314896
-0.03999999910593032840 -0.00461776601150631905
-0.02999999932944774630 -0.00460560293868184090
-0.01999999955296516420 -0.00460733287036418915
-0.00999999977648258210 -0.00460151582956314087
0.00000000000000000000 -0.00460668699815869332
0.00999999977648258210 -0.00461551314219832420
0.01999999955296516420 -0.00460666790604591370
0.02999999932944774630 -0.00461640488356351853
0.03999999910593032840 -0.00461438298225402832
0.05000000074505805970 -0.00459679402410984039
0.05999999865889549260 -0.00459599401801824570
0.07000000029802322390 -0.00458977418020367623
0.07999999821186065670 -0.00456491485238075256
0.09000000357627868650 -0.00456019490957260132
0.10000000149011611900 -0.00457207206636667252
0.10999999940395355200 -0.00456363009288907051
0.11999999731779098500 -0.00456436118111014366
0.12999999523162841800 -0.00457187788560986519
0.14000000059604644800 -0.00455831689760088921
0.15000000596046447800 -0.00454343110322952271
0.15999999642372131300 -0.00454992800951004028
0.17000000178813934300 -0.00453209178522229195
0.18000000715255737300 -0.00450805202126502991
0.18999999761581420900 -0.00451671285554766655
0.20000000298023223900 -0.00450857402756810188
0.20999999344348907500 -0.00450776796787977219
0.21999999880790710400 -0.00450666295364499092
0.23000000417232513400 -0.00449970504269003868
0.23999999463558197000 -0.00448539108037948609
0.25000000000000000000 -0.00446605915203690529
0.25999999046325683600 -0.00445142621174454689
0.27000001072883606000 -0.00442710984498262406
0.28000000119209289500 -0.00440257508307695389
0.28999999165534973100 -0.00437881518155336380
0.30000001192092895500 -0.00437312200665473938
0.31000000238418579100 -0.00435177003964781761
0.31999999284744262700 -0.00432493817061185837
0.33000001311302185100 -0.00430942978709936142
0.34000000357627868600 -0.00427353195846080780
0.34999999403953552200 -0.00421848893165588379
0.36000001430511474600 -0.00418923096731305122
0.37000000476837158200 -0.00413246592506766319
0.37999999523162841800 -0.00407303823158144951
0.38999998569488525400 -0.00402583181858062744
0.40000000596046447700 -0.00396337918937206268
0.40999999642372131300 -0.00388871808536350727
0.41999998688697814900 -0.00382369197905063629
0.43000000715255737300 -0.00374148506671190262
0.43999999761581420900 -0.00363861699588596821
0.44999998807907104500 -0.00353386299684643746
0.46000000834465026800 -0.00342033291235566139
0.46999999880790710400 -0.00328931910917162895
0.47999998927116394000 -0.00315644103102385998
0.49000000953674316400 -0.00301685207523405552
0.50000000000000000000 -0.00287288590334355831
0.50999999046325683600 -0.00272598792798817158
0.51999998092651367200 -0.00256585492752492428
0.52999997138977050800 -0.00239870301447808743
0.54000002145767211900 -0.00223168102093040943
0.55000001192092895500 -0.00204948405735194683
0.56000000238418579100 -0.00186537601985037327
0.56999999284744262700 -0.00168334203772246838
0.57999998331069946300 -0.00148876896128058434
0.58999997377395629900 -0.00129759602714329958
0.60000002384185791000 -0.00110976805444806814
0.61000001430511474600 -0.00093242159346118569
0.62000000476837158200 -0.00072637217817828059
0.62999999523162841800 -0.00053215818479657173
0.63999998569488525400 -0.00033658210304565728
0.64999997615814209000 -0.00014032309991307557
0.66000002622604370100 0.00004335465928306803
0.67000001668930053700 0.00023282649635802954
0.68000000715255737300 0.00043114979052916169
0.68999999761581420900 0.00062626361614093184
0.69999998807907104500 0.00082160992315039039
0.70999997854232788100 0.00101689901202917099
0.72000002861022949200 0.00120681605767458677
0.73000001907348632800 0.00140787998680025339
0.74000000953674316400 0.00160820304881781340
0.75000000000000000000 0.00181205500848591328
0.75999999046325683600 0.00201876205392181873
0.76999998092651367200 0.00222661392763257027
0.77999997138977050800 0.00244007399305701256
0.79000002145767211900 0.00265759695321321488
0.80000001192092895500 0.00287626706995069981
0.81000000238418579100 0.00310572702437639237
0.81999999284744262700 0.00334018189460039139
0.82999998331069946300 0.00357845495454967022
0.83999997377395629900 0.00382480304688215256
0.85000002384185791000 0.00407902896404266358
0.86000001430511474600 0.00433391705155372620
0.87000000476837158200 0.00459583383053541184
0.87999999523162841800 0.00486782612279057503
0.88999998569488525400 0.00514187384396791458
0.89999997615814209000 0.00542158586904406548
0.91000002622604370100 0.00571302697062492371
0.92000001668930053700 0.00600855983793735504
0.93000000715255737300 0.00631518522277474404
0.93999999761581420900 0.00662863301113247872
0.94999998807907104500 0.00694286823272705078
0.95999997854232788100 0.00727037712931632996
0.97000002861022949200 0.00759775517508387566
0.98000001907348632800 0.00793327670544385910
0.99000000953674316400 0.00827692076563835144
1.00000000000000000000 0.00861915387213230133
