-1.00000000000000000000 -0.00476317200809717178
-0.99000000953674316400 -0.00475701689720153809
-0.98000001907348632800 -0.00475803203880786896
-0.97000002861022949200 -0.00477257790043950081
-0.95999997854232788100 -0.00477379700168967247
-0.94999998807907104500 -0.00477109802886843682
-0.93999999761581420900 -0.00478898780420422554
-0.93000000715255737300 -0.00477750599384307861
-0.92000001668930053700 -0.00476682698354125023
-0.91000002622604370100 -0.00477497000247240067
-0.89999997615814209000 -0.00475473515689373016
-0.88999998569488525400 -0.00475108576938509941
-0.87999999523162841800 -0.00476116780191659928
-0.87000000476837158200 -0.00476315012201666832
-0.86000001430511474600 -0.00475967908278107643
-0.85000002384185791000 -0.00477647082880139351
-0.83999997377395629900 -0.00477664312347769737
-0.82999998331069946300 -0.00476509984582662583
-0.81999999284744262700 -0.00477013085037469864
-0.81000000238418579100 -0.00476676411926746369
-0.80000001192092895500 -0.00474574696272611618
-0.79000002145767211900 -0.00475403200834989548
-0.77999997138977050800 -0.00475759012624621391
-0.76999998092651367200 -0.00475544203072786331
-0.75999999046325683600 -0.00476979883387684822
-0.75000000000000000000 -0.00477078510448336601
-0.74000000953674316400 -0.00477461004629731178
-0.73000001907348632800 -0.00477555580437183380
-0.72000002861022949200 -0.00476243812590837479
-0.70999997854232788100 -0.00475846882909536362
-0.69999998807907104500 -0.00475539499893784523
-0.68999999761581420900 -0.00474722683429718018
-0.68000000715255737300 -0.00475105410441756249
-0.67000001668930053700 -0.00476576201617717743
-0.66000002622604370100 -0.00476352591067552567
-0.64999997615814209000 -0.00476420996710658074
-0.63999998569488525400 -0.00478217378258705139
-0.62999999523162841800 -0.00476721487939357758
-0.62000000476837158200 -0.00475451210513710976
-0.61000001430511474600 -0.00476529123261570931
-0.60000002384185791000 -0.00474828714504837990
-0.58999997377395629900 -0.00473568309098482132
-0.57999998331069946300 -0.00475780293345451355
-0.56999999284744262700 -0.00475450977683067322
-0.56000000238418579100 -0.00475681386888027191
-0.55000001192092895500 -0.00477121118456125260
-0.54000002145767211900 -0.00477477209642529488
-0.52999997138977050800 -0.00476184021681547165
-0.51999998092651367200 -0.00476679392158985138
-0.50999999046325683600 -0.00476200319826602936
-0.50000000000000000000 -0.00474655907601118088
-0.49000000953674316400 -0.00474888505414128304
-0.47999998927116394000 -0.00475232396274805069
-0.46999999880790710400 -0.00475180102512240410
-0.46000000834465026800 -0.00476611685007810593
-0.44999998807907104500 -0.00476561812683939934
-0.43999999761581420900 -0.00476939883083105087
-0.43000000715255737300 -0.00477197300642728806
-0.41999998688697814900 -0.00475500198081135750
-0.40999999642372131300 -0.00475430907681584358
-0.40000000596046447700 -0.00475326785817742348
-0.38999998569488525400 -0.00473588891327381134
-0.37999999523162841800 -0.00473082717508077622
-0.37000000476837158200 -0.00473725982010364533
-0.36000001430511474600 -0.00473290821537375450
-0.34999999403953552200 -0.00472987303510308266
-0.34000000357627868600 -0.00474993605166673660
-0.33000001311302185100 -0.00473599601536989212
-0.31999999284744262700 -0.00471976306289434433
-0.31000000238418579100 -0.00473176315426826477
-0.30000001192092895500 -0.00471613276749849320
-0.28999999165534973100 -0.00470451498404145241
-0.28000000119209289500 -0.00471830414608120918
-0.27000001072883606000 -0.00472082197666168213
-0.25999999046325683600 -0.00471948878839612007
-0.25000000000000000000 -0.00473387911915779114
-0.23999999463558197000 -0.00473481090739369393
-0.23000000417232513400 -0.00472352094948291779
-0.21999999880790710400 -0.00471095694229006767
-0.20999999344348907500 -0.00470350589603185654
-0.20000000298023223900 -0.00468866294249892235
-0.18999999761581420900 -0.00468858517706394196
-0.18000000715255737300 -0.00468861218541860581
-0.17000000178813934300 -0.00468811299651861191
-0.15999999642372131300 -0.00470032915472984314
-0.15000000596046447800 -0.00469850702211260796
-0.14000000059604644800 -0.00470582582056522370
-0.12999999523162841800 -0.00470459088683128357
-0.11999999731779098500 -0.00468945177271962166
-0.10999999940395355200 -0.00469171302393078804
-0.10000000149011611900 -0.00468363706022500992
-0.09000000357627868650 -0.00466804113239049912
-0.07999999821186065670 -0.00468322681263089180
-0.07000000029802322390 -0.00470036501064896584
-0.05999999865889549260 -0.00469904206693172455
-0.05000000074505805970 -0.00470814201980829239
-0.03999999910593032840 -0.00471602287143468857
-0.02999999932944774630 -0.00470295501872897148
-0.01999999955296516420 -0.00470224395394325256
-0.00999999977648258210 -0.00470173684880137444
0.00000000000000000000 -0.00468012178316712380
0.00999999977648258210 -0.00467817718163132668
0.01999999955296516420 -0.00468866294249892235
0.02999999932944774630 -0.00468670018017292023
0.03999999910593032840 -0.00468980893492698670
0.05000000074505805970 -0.00469800503924489021
0.05999999865889549260 -0.00469998316839337349
0.07000000029802322390 -0.00469094887375831604
0.07999999821186065670 -0.00468320399522781372
0.09000000357627868650 -0.00467727286741137505
0.10000000149011611900 -0.00466982694342732430
0.10999999940395355200 -0.00466028321534395218
0.11999999731779098500 -0.00465699797496199608
0.12999999523162841800 -0.00466459710150957108
0.14000000059604644800 -0.00466838805004954338
0.15000000596046447800 -0.00466226506978273392
0.15999999642372131300 -0.00467547494918107987
0.17000000178813934300 -0.00466454587876796723
0.18000000715255737300 -0.00463914917781949043
0.18999999761581420900 -0.00464406097307801247
0.20000000298023223900 -0.00462654419243335724
0.20999999344348907500 -0.00460363086313009262
0.21999999880790710400 -0.00461058598011732102
0.23000000417232513400 -0.00460590887814760208
0.23999999463558197000 -0.00459411321207880974
0.25000000000000000000 -0.00459612207487225533
0.25999999046325683600 -0.00458919908851385117
0.27000001072883606000 -0.00456389179453253746
0.28000000119209289500 -0.00454799691215157509
0.28999999165534973100 -0.00452961819246411324
0.30000001192092895500 -0.00449134083464741707
0.31000000238418579100 -0.00446818210184574127
0.31999999284744262700 -0.00444515887647867203
0.33000001311302185100 -0.00441382313147187233
0.34000000357627868600 -0.00438953610137104988
0.34999999403953552200 -0.00435135001316666603
0.36000001430511474600 -0.00430546421557664871
0.37000000476837158200 -0.00426185317337512970
0.37999999523162841800 -0.00419357977807521820
0.38999998569488525400 -0.00412686681374907494
0.40000000596046447700 -0.00405536498874425888
0.40999999642372131300 -0.00396391982212662697
0.41999998688697814900 -0.00387793988920748234
0.43000000715255737300 -0.00379189895465970040
0.43999999761581420900 -0.00368827907368540764
0.44999998807907104500 -0.00357401091605424881
0.46000000834465026800 -0.00346520799212157726
0.46999999880790710400 -0.00332956900820136070
0.47999998927116394000 -0.00318364310078322888
0.49000000953674316400 -0.00304689491167664528
0.50000000000000000000 -0.00288944295607507229
0.50999999046325683600 -0.00272468291223049164
0.51999998092651367200 -0.00256965402513742447
0.52999997138977050800 -0.00240028998814523220
0.54000002145767211900 -0.00222687097266316414
0.55000001192092895500 -0.00205499702133238316
0.56000000238418579100 -0.00187437201384454966
0.56999999284744262700 -0.00168685102835297585
0.57999998331069946300 -0.00149922701530158520
0.58999997377395629900 -0.00130950799211859703
0.60000002384185791000 -0.00111592002213001251
0.61000001430511474600 -0.00094509398331865668
0.62000000476837158200 -0.00074388901703059673
0.62999999523162841800 -0.00054882181575521827
0.63999998569488525400 -0.00035526169813238084
0.64999997615814209000 -0.00016330070502590388
0.66000002622604370100 0.00001538827018521260
0.67000001668930053700 0.00019845459610223770
0.68000000715255737300 0.00039433999336324632
0.68999999761581420900 0.00058555341092869639
0.69999998807907104500 0.00077442527981474996
0.70999997854232788100 0.00096326391212642193
0.72000002861022949200 0.00114731700159609318
0.73000001907348632800 0.00134028005413711071
0.74000000953674316400 0.00153246195986866951
0.75000000000000000000 0.00172644597478210926
0.75999999046325683600 0.00192306202370673418
0.76999998092651367200 0.00212158099748194218
0.77999997138977050800 0.00232412200421094894
0.79000002145767211900 0.00252930191345512867
0.80000001192092895500 0.00273786694742739201
0.81000000238418579100 0.00295113702304661274
0.81999999284744262700 0.00316887791268527508
0.82999998331069946300 0.00339117902331054211
0.83999997377395629900 0.00362013210542500019
0.85000002384185791000 0.00385510991327464581
0.86000001430511474600 0.00409513013437390328
0.87000000476837158200 0.00433994596824049950
0.87999999523162841800 0.00459496211260557175
0.88999998569488525400 0.00485034612938761711
0.89999997615814209000 0.00511097302660346031
0.91000002622604370100 0.00538220303133130074
0.92000001668930053700 0.00565459486097097397
0.93000000715255737300 0.00593246100470423699
0.93999999761581420900 0.00622497219592332840
0.94999998807907104500 0.00652036489918828011
0.95999997854232788100 0.00682123703882098198
0.97000002861022949200 0.00713266618549823761
0.98000001907348632800 0.00744853680953383446
0.99000000953674316400 0.00776512688025832176
1.00000000000000000000 0.00809428468346595764
