-1.00000000000000000000 -0.00469102989882230759
-0.99000000953674316400 -0.00468938099220395088
-0.98000001907348632800 -0.00467288400977849960
-0.97000002861022949200 -0.00467645516619086266
-0.95999997854232788100 -0.00467390893027186394
-0.94999998807907104500 -0.00467826519161462784
-0.93999999761581420900 -0.00468968413770198822
-0.93000000715255737300 -0.00469172187149524689
-0.92000001668930053700 -0.00469355378299951554
-0.91000002622604370100 -0.00469829095527529717
-0.89999997615814209000 -0.00468707410618662834
-0.88999998569488525400 -0.00468492507934570313
-0.87999999523162841800 -0.00468218978494405747
-0.87000000476837158200 -0.00467140320688486099
-0.86000001430511474600 -0.00467516295611858368
-0.85000002384185791000 -0.00468791602179408074
-0.83999997377395629900 -0.00469072815030813217
-0.82999998331069946300 -0.00469100289046764374
-0.81999999284744262700 -0.00470485398545861244
-0.81000000238418579100 -0.00468973489478230477
-0.80000001192092895500 -0.00468188803642988205
-0.79000002145767211900 -0.00468662520870566368
-0.77999997138977050800 -0.00467126490548253060
-0.76999998092651367200 -0.00466756895184516907
-0.75999999046325683600 -0.00467798393219709396
-0.75000000000000000000 -0.00467877089977264404
-0.74000000953674316400 -0.00469126086682081223
-0.73000001907348632800 -0.00470470404252409935
-0.72000002861022949200 -0.00470314407721161842
-0.70999997854232788100 -0.00469593796879053116
-0.69999998807907104500 -0.00469856522977352142
-0.68999999761581420900 -0.00468734605237841606
-0.68000000715255737300 -0.00467553501948714256
-0.67000001668930053700 -0.00467511592432856560
-0.66000002622604370100 -0.00467891385778784752
-0.64999997615814209000 -0.00468526594340801239
-0.63999998569488525400 -0.00469292700290679932
-0.62999999523162841800 -0.00468977587297558785
-0.62000000476837158200 -0.00470289401710033417
-0.61000001430511474600 -0.00469322502613067627
-0.60000002384185791000 -0.00469048600643873215
-0.58999997377395629900 -0.00468949088826775551
-0.57999998331069946300 -0.00467415107414126396
-0.56999999284744262700 -0.00466979295015335083
-0.56000000238418579100 -0.00468491623178124428
-0.55000001192092895500 -0.00468878215178847313
-0.54000002145767211900 -0.00468446919694542885
-0.52999997138977050800 -0.00470100389793515206
-0.51999998092651367200 -0.00469581177458167076
-0.50999999046325683600 -0.00467960815876722336
-0.50000000000000000000 -0.00468774186447262764
-0.49000000953674316400 -0.00468224519863724709
-0.47999998927116394000 -0.00466113304719328880
-0.46999999880790710400 -0.00467272615060210228
-0.46000000834465026800 -0.00467731012031435967
-0.44999998807907104500 -0.00467574922367930412
-0.43999999761581420900 -0.00468129385262727738
-0.43000000715255737300 -0.00468100979924201965
-0.41999998688697814900 -0.00467415805906057358
-0.40999999642372131300 -0.00467307586222887039
-0.40000000596046447700 -0.00467314291745424271
-0.38999998569488525400 -0.00465619191527366638
-0.37999999523162841800 -0.00465579284355044365
-0.37000000476837158200 -0.00465627200901508331
-0.36000001430511474600 -0.00464836880564689636
-0.34999999403953552200 -0.00466281408444046974
-0.34000000357627868600 -0.00466390699148178101
-0.33000001311302185100 -0.00466647511348128319
-0.31999999284744262700 -0.00466889794915914536
-0.31000000238418579100 -0.00465680798515677452
-0.30000001192092895500 -0.00465754186734557152
-0.28999999165534973100 -0.00465042516589164734
-0.28000000119209289500 -0.00464309798553586006
-0.27000001072883606000 -0.00464147096499800682
-0.25999999046325683600 -0.00465623382478952408
-0.25000000000000000000 -0.00465271202847361565
-0.23999999463558197000 -0.00465782685205340386
-0.23000000417232513400 -0.00466939806938171387
-0.21999999880790710400 -0.00465892395004630089
-0.20999999344348907500 -0.00463741179555654526
-0.20000000298023223900 -0.00464305188506841660
-0.18999999761581420900 -0.00462539400905370712
-0.18000000715255737300 -0.00461831083521246910
-0.17000000178813934300 -0.00463433703407645226
-0.15999999642372131300 -0.00463211396709084511
-0.15000000596046447800 -0.00463360408321022988
-0.14000000059604644800 -0.00464412104338407517
-0.12999999523162841800 -0.00464840419590473175
-0.11999999731779098500 -0.00463600689545273781
-0.10999999940395355200 -0.00463614519685506821
-0.10000000149011611900 -0.00462569110095500946
-0.09000000357627868650 -0.00461099809035658836
-0.07999999821186065670 -0.00461559509858489037
-0.07000000029802322390 -0.00461126584559679032
-0.05999999865889549260 -0.00461708987131714821
-0.05000000074505805970 -0.00462276581674814224
-0.03999999910593032840 -0.00462354999035596848
-0.02999999932944774630 -0.00462778517976403237
-0.01999999955296516420 -0.00462775211781263352
-0.00999999977648258210 -0.00461408402770757675
0.00000000000000000000 -0.00461220508441329003
0.00999999977648258210 -0.00461087282747030258
0.01999999955296516420 -0.00459243217483162880
0.02999999932944774630 -0.00459577515721321106
0.03999999910593032840 -0.00460586603730916977
0.05000000074505805970 -0.00460508419200778008
0.05999999865889549260 -0.00460219383239746094
0.07000000029802322390 -0.00461725704371929169
0.07999999821186065670 -0.00460354704409837723
0.09000000357627868650 -0.00459531089290976524
0.10000000149011611900 -0.00460509816184639931
0.10999999940395355200 -0.00459149992093443871
0.11999999731779098500 -0.00457416893914341927
0.12999999523162841800 -0.00458361115306615830
0.14000000059604644800 -0.00458347378298640251
0.15000000596046447800 -0.00458084512501955032
0.15999999642372131300 -0.00458816811442375183
0.17000000178813934300 -0.00458837486803531647
0.18000000715255737300 -0.00457539316266775131
0.18999999761581420900 -0.00456635793671011925
0.20000000298023223900 -0.00455780094489455223
0.20999999344348907500 -0.00453968718647956848
0.21999999880790710400 -0.00453175604343414307
0.23000000417232513400 -0.00452433805912733078
0.23999999463558197000 -0.00451901182532310486
0.25000000000000000000 -0.00452050985768437386
0.25999999046325683600 -0.00450543779879808426
0.27000001072883606000 -0.00449902517721056938
0.28000000119209289500 -0.00448330119252204895
0.28999999165534973100 -0.00445201387628912926
0.30000001192092895500 -0.00443297903984785080
0.31000000238418579100 -0.00441287597641348839
0.31999999284744262700 -0.00437318114563822746
0.33000001311302185100 -0.00435113720595836640
0.34000000357627868600 -0.00432389602065086365
0.34999999403953552200 -0.00428040884435176850
0.36000001430511474600 -0.00424080900847911835
0.37000000476837158200 -0.00420023500919342041
0.37999999523162841800 -0.00413276208564639092
0.38999998569488525400 -0.00406179204583168030
0.40000000596046447700 -0.00399626512080430985
0.40999999642372131300 -0.00390658294782042503
0.41999998688697814900 -0.00381534406915307045
0.43000000715255737300 -0.00372873689047992230
0.43999999761581420900 -0.00362594891339540482
0.44999998807907104500 -0.00352222099900245667
0.46000000834465026800 -0.00340638705529272556
0.46999999880790710400 -0.00328373000957071781
0.47999998927116394000 -0.00314706307835876942
0.49000000953674316400 -0.00300187407992780209
0.50000000000000000000 -0.00285189808346331120
0.50999999046325683600 -0.00269633904099464417
0.51999998092651367200 -0.00253304094076156616
0.52999997138977050800 -0.00236898497678339481
0.54000002145767211900 -0.00220365799032151699
0.55000001192092895500 -0.00203079590573906899
0.56000000238418579100 -0.00185270002111792564
0.56999999284744262700 -0.00167627795599400997
0.57999998331069946300 -0.00148977001663297415
0.58999997377395629900 -0.00129791803192347288
0.60000002384185791000 -0.00111208704765886068
0.61000001430511474600 -0.00093845458468422294
0.62000000476837158200 -0.00073650368722155690
0.62999999523162841800 -0.00054546969477087259
0.63999998569488525400 -0.00035146519076079130
0.64999997615814209000 -0.00015499419532716274
0.66000002622604370100 0.00002357230005145539
0.67000001668930053700 0.00020963039423804730
0.68000000715255737300 0.00040696960058994591
0.68999999761581420900 0.00060236157150939107
0.69999998807907104500 0.00079523999011144042
0.70999997854232788100 0.00098881567828357220
0.72000002861022949200 0.00117784400936216116
0.73000001907348632800 0.00137591396924108267
0.74000000953674316400 0.00157266494352370501
0.75000000000000000000 0.00177193596027791500
0.75999999046325683600 0.00197331910021603108
0.76999998092651367200 0.00217652600258588791
0.77999997138977050800 0.00238297111354768276
0.79000002145767211900 0.00259363907389342785
0.80000001192092895500 0.00280498294159770012
0.81000000238418579100 0.00302220205776393414
0.81999999284744262700 0.00324378209188580513
0.82999998331069946300 0.00346600101329386234
0.83999997377395629900 0.00369598693214356899
0.85000002384185791000 0.00393388094380497933
0.86000001430511474600 0.00417284620925784111
0.87000000476837158200 0.00441846717149019241
0.87999999523162841800 0.00467235408723354340
0.88999998569488525400 0.00492753507569432259
0.89999997615814209000 0.00518625089898705483
0.91000002622604370100 0.00545529322698712349
0.92000001668930053700 0.00572430295869708061
0.93000000715255737300 0.00599620910361409188
0.93999999761581420900 0.00628289487212896347
0.94999998807907104500 0.00657211802899837494
0.95999997854232788100 0.00686739897355437279
0.97000002861022949200 0.00717157311737537384
0.98000001907348632800 0.00747819384559988976
0.99000000953674316400 0.00778946001082658768
1.00000000000000000000 0.00810469500720500946
