-1.00000000000000000000 -0.00435439823195338249
-0.99000000953674316400 -0.00435526017099618912
-0.98000001907348632800 -0.00436698319390416145
-0.97000002861022949200 -0.00436856690794229508
-0.95999997854232788100 -0.00436719600111246109
-0.94999998807907104500 -0.00437689386308193207
-0.93999999761581420900 -0.00436202296987175942
-0.93000000715255737300 -0.00436327094212174416
-0.92000001668930053700 -0.00436204578727483750
-0.91000002622604370100 -0.00434779981151223183
-0.89999997615814209000 -0.00434678513556718826
-0.88999998569488525400 -0.00435931701213121414
-0.87999999523162841800 -0.00436109118163585663
-0.87000000476837158200 -0.00435633212327957153
-0.86000001430511474600 -0.00437358114868402481
-0.85000002384185791000 -0.00435939198359847069
-0.83999997377395629900 -0.00434216810390353203
-0.82999998331069946300 -0.00435354607179760933
-0.81999999284744262700 -0.00434052618220448494
-0.81000000238418579100 -0.00432931911200284958
-0.80000001192092895500 -0.00433731405064463616
-0.79000002145767211900 -0.00434173922985792160
-0.77999997138977050800 -0.00433798879384994507
-0.76999998092651367200 -0.00435903901234269142
-0.75999999046325683600 -0.00436743395403027535
-0.75000000000000000000 -0.00435836799442768097
-0.74000000953674316400 -0.00435569696128368378
-0.73000001907348632800 -0.00435663480311632156
-0.72000002861022949200 -0.00434319488704204559
-0.70999997854232788100 -0.00433894386515021324
-0.69999998807907104500 -0.00434316182509064675
-0.68999999761581420900 -0.00434319302439689636
-0.68000000715255737300 -0.00435465481132268906
-0.67000001668930053700 -0.00435558706521987915
-0.66000002622604370100 -0.00435833493247628212
-0.64999997615814209000 -0.00435929792001843453
-0.63999998569488525400 -0.00434580119326710701
-0.62999999523162841800 -0.00434400700032711029
-0.62000000476837158200 -0.00434838002547621727
-0.61000001430511474600 -0.00434280605986714363
-0.60000002384185791000 -0.00434160791337490082
-0.58999997377395629900 -0.00435753213241696358
-0.57999998331069946300 -0.00435575796291232109
-0.56999999284744262700 -0.00435804389417171478
-0.56000000238418579100 -0.00437031593173742294
-0.55000001192092895500 -0.00436946004629135132
-0.54000002145767211900 -0.00435991398990154266
-0.52999997138977050800 -0.00437116203829646111
-0.51999998092651367200 -0.00435601407662034035
-0.50999999046325683600 -0.00434701377525925636
-0.50000000000000000000 -0.00436200108379125595
-0.49000000953674316400 -0.00436067814007401466
-0.47999998927116394000 -0.00436323601752519608
-0.46999999880790710400 -0.00437573296949267388
-0.46000000834465026800 -0.00437683891505002976
-0.44999998807907104500 -0.00436707213521003723
-0.43999999761581420900 -0.00437234481796622276
-0.43000000715255737300 -0.00436461390927433968
-0.41999998688697814900 -0.00434555998072028160
-0.40999999642372131300 -0.00435250578448176384
-0.40000000596046447700 -0.00435311719775199890
-0.38999998569488525400 -0.00435705296695232392
-0.37999999523162841800 -0.00436769798398017883
-0.37000000476837158200 -0.00436676107347011566
-0.36000001430511474600 -0.00436475407332181931
-0.34999999403953552200 -0.00436608586460351944
-0.34000000357627868600 -0.00435610814020037651
-0.33000001311302185100 -0.00435063801705837250
-0.31999999284744262700 -0.00434646103531122208
-0.31000000238418579100 -0.00433724606409668923
-0.30000001192092895500 -0.00434363400563597679
-0.28999999165534973100 -0.00435307109728455544
-0.28000000119209289500 -0.00435207318514585495
-0.27000001072883606000 -0.00435145199298858643
-0.25999999046325683600 -0.00436420505866408348
-0.25000000000000000000 -0.00435061613097786904
-0.23999999463558197000 -0.00434546498581767082
-0.23000000417232513400 -0.00434705289080739021
-0.21999999880790710400 -0.00432612281292676926
-0.20999999344348907500 -0.00432304479181766510
-0.20000000298023223900 -0.00433612894266843796
-0.18999999761581420900 -0.00433594686910510063
-0.18000000715255737300 -0.00433257501572370529
-0.17000000178813934300 -0.00433744816109538078
-0.15999999642372131300 -0.00433176895603537560
-0.15000000596046447800 -0.00431916210800409317
-0.14000000059604644800 -0.00432662200182676315
-0.12999999523162841800 -0.00431561702862381935
-0.11999999731779098500 -0.00429493188858032227
-0.10999999940395355200 -0.00430870102718472481
-0.10000000149011611900 -0.00429816916584968567
-0.09000000357627868650 -0.00429492117837071419
-0.07999999821186065670 -0.00430604815483093262
-0.07000000029802322390 -0.00430445093661546707
-0.05999999865889549260 -0.00430080108344554901
-0.05000000074505805970 -0.00429703202098608017
-0.03999999910593032840 -0.00429442804306745529
-0.02999999932944774630 -0.00427836086601018906
-0.01999999955296516420 -0.00426583876833319664
-0.00999999977648258210 -0.00426572188735008240
0.00000000000000000000 -0.00426271185278892517
0.00999999977648258210 -0.00427246512845158577
0.01999999955296516420 -0.00426765996962785721
0.02999999932944774630 -0.00426610978320240975
0.03999999910593032840 -0.00427480181679129601
0.05000000074505805970 -0.00426060380414128304
0.05999999865889549260 -0.00425381585955619812
0.07000000029802322390 -0.00425424613058567047
0.07999999821186065670 -0.00423183199018239975
0.09000000357627868650 -0.00422846805304288864
0.10000000149011611900 -0.00423914985731244087
0.10999999940395355200 -0.00423374818637967110
0.11999999731779098500 -0.00423046899959445000
0.12999999523162841800 -0.00423805089667439461
0.14000000059604644800 -0.00422761309891939163
0.15000000596046447800 -0.00420677894726395607
0.15999999642372131300 -0.00421262718737125397
0.17000000178813934300 -0.00419531995430588722
0.18000000715255737300 -0.00417278800159692764
0.18999999761581420900 -0.00417965510860085488
0.20000000298023223900 -0.00417815521359443665
0.20999999344348907500 -0.00417145807296037674
0.21999999880790710400 -0.00417149486020207405
0.23000000417232513400 -0.00416400702670216560
0.23999999463558197000 -0.00414355285465717316
0.25000000000000000000 -0.00412576785311102867
0.25999999046325683600 -0.00410956609994173050
0.27000001072883606000 -0.00407790299504995346
0.28000000119209289500 -0.00406555784866213799
0.28999999165534973100 -0.00403757393360137940
0.30000001192092895500 -0.00401531020179390907
0.31000000238418579100 -0.00399245508015155792
0.31999999284744262700 -0.00395886600017547608
0.33000001311302185100 -0.00392294209450483322
0.34000000357627868600 -0.00388271198607981205
0.34999999403953552200 -0.00382394203916192055
0.36000001430511474600 -0.00377591489814221859
0.37000000476837158200 -0.00371300708502531052
0.37999999523162841800 -0.00363574409857392311
0.38999998569488525400 -0.00356955802999436855
0.40000000596046447700 -0.00350158894434571266
0.40999999642372131300 -0.00341865210793912411
0.41999998688697814900 -0.00332822208292782307
0.43000000715255737300 -0.00324440910480916500
0.43999999761581420900 -0.00313449301756918430
0.44999998807907104500 -0.00301930890418589115
0.46000000834465026800 -0.00291221891529858112
0.46999999880790710400 -0.00278148008510470390
0.47999998927116394000 -0.00265418691560626030
0.49000000953674316400 -0.00253007188439369202
0.50000000000000000000 -0.00239585805684328079
0.50999999046325683600 -0.00225820299237966538
0.51999998092651367200 -0.00212230905890464783
0.52999997138977050800 -0.00197681202553212643
0.54000002145767211900 -0.00182629504706710577
0.55000001192092895500 -0.00167633302044123411
0.56000000238418579100 -0.00152196094859391451
0.56999999284744262700 -0.00136350502725690603
0.57999998331069946300 -0.00121122994460165501
0.58999997377395629900 -0.00105686404276639223
0.60000002384185791000 -0.00091821717796847224
0.61000001430511474600 -0.00075325922807678580
0.62000000476837158200 -0.00059551227604970336
0.62999999523162841800 -0.00043958990136161447
0.63999998569488525400 -0.00028511049458757043
0.64999997615814209000 -0.00012884409807156771
0.66000002622604370100 0.00001733524914016016
0.67000001668930053700 0.00016707180475350469
0.68000000715255737300 0.00032688191276974976
0.68999999761581420900 0.00048571798834018409
0.69999998807907104500 0.00064410531194880605
0.70999997854232788100 0.00080373929813504219
0.72000002861022949200 0.00096466782269999385
0.73000001907348632800 0.00112016103230416775
0.74000000953674316400 0.00128804100677371025
0.75000000000000000000 0.00145670096389949322
0.75999999046325683600 0.00162827002350240946
0.76999998092651367200 0.00180347205605357885
0.77999997138977050800 0.00198069610632956028
0.79000002145767211900 0.00216226791962981224
0.80000001192092895500 0.00235063489526510239
0.81000000238418579100 0.00254287105053663254
0.81999999284744262700 0.00274189189076423645
0.82999998331069946300 0.00294527597725391388
0.83999997377395629900 0.00315332203172147274
0.85000002384185791000 0.00336653506383299828
0.86000001430511474600 0.00358175695873796940
0.87000000476837158200 0.00380596704781055451
0.87999999523162841800 0.00403403490781784058
0.88999998569488525400 0.00426738290116190910
0.89999997615814209000 0.00450891302898526192
0.91000002622604370100 0.00475934986025094986
0.92000001668930053700 0.00501390406861901283
0.93000000715255737300 0.00527297006919980049
0.93999999761581420900 0.00554461078718304634
0.94999998807907104500 0.00581006007269024849
0.95999997854232788100 0.00608029076829552651
0.97000002861022949200 0.00636549619957804680
0.98000001907348632800 0.00664436398074030876
0.99000000953674316400 0.00692952284589409828
1.00000000000000000000 0.00723546184599399567
