-1.00000000000000000000 -0.00454519176855683327
-0.99000000953674316400 -0.00453941710293292999
-0.98000001907348632800 -0.00453094113618135452
-0.97000002861022949200 -0.00452400511130690575
-0.95999997854232788100 -0.00452414993196725845
-0.94999998807907104500 -0.00452648010104894638
-0.93999999761581420900 -0.00454135891050100327
-0.93000000715255737300 -0.00453962385654449463
-0.92000001668930053700 -0.00454427301883697510
-0.91000002622604370100 -0.00455607520416378975
-0.89999997615814209000 -0.00454691611230373383
-0.88999998569488525400 -0.00453978218138217926
-0.87999999523162841800 -0.00454275822266936302
-0.87000000476837158200 -0.00452299416065216065
-0.86000001430511474600 -0.00452028121799230576
-0.85000002384185791000 -0.00453372299671173096
-0.83999997377395629900 -0.00453378306701779366
-0.82999998331069946300 -0.00453531695529818535
-0.81999999284744262700 -0.00454498594626784325
-0.81000000238418579100 -0.00454739481210708618
-0.80000001192092895500 -0.00453271484002470970
-0.79000002145767211900 -0.00454209512099623680
-0.77999997138977050800 -0.00453074602410197258
-0.76999998092651367200 -0.00451124599203467369
-0.75999999046325683600 -0.00452244002372026444
-0.75000000000000000000 -0.00452628778293728829
-0.74000000953674316400 -0.00452350405976176262
-0.73000001907348632800 -0.00453721778467297554
-0.72000002861022949200 -0.00454211886972188950
-0.70999997854232788100 -0.00453293509781360626
-0.69999998807907104500 -0.00453062402084469795
-0.68999999761581420900 -0.00453413603827357292
-0.68000000715255737300 -0.00452041300013661385
-0.67000001668930053700 -0.00451412098482251167
-0.66000002622604370100 -0.00451575405895709992
-0.64999997615814209000 -0.00451756222173571587
-0.63999998569488525400 -0.00452898582443594933
-0.62999999523162841800 -0.00452935183420777321
-0.62000000476837158200 -0.00453248806297779083
-0.61000001430511474600 -0.00453632604330778122
-0.60000002384185791000 -0.00452094711363315582
-0.58999997377395629900 -0.00452259695157408714
-0.57999998331069946300 -0.00451856618747115135
-0.56999999284744262700 -0.00450633419677615166
-0.56000000238418579100 -0.00450627179816365242
-0.55000001192092895500 -0.00451934477314352989
-0.54000002145767211900 -0.00452038785442709923
-0.52999997138977050800 -0.00451860809698700905
-0.51999998092651367200 -0.00453686714172363281
-0.50999999046325683600 -0.00452408287674188614
-0.50000000000000000000 -0.00451339688152074814
-0.49000000953674316400 -0.00452165585011243820
-0.47999998927116394000 -0.00450735818594694138
-0.46999999880790710400 -0.00449736183509230614
-0.46000000834465026800 -0.00451502110809087753
-0.44999998807907104500 -0.00451690796762704849
-0.43999999761581420900 -0.00451427977532148361
-0.43000000715255737300 -0.00452984496951103211
-0.41999998688697814900 -0.00453424686565995216
-0.40999999642372131300 -0.00452393898740410805
-0.40000000596046447700 -0.00453611882403492928
-0.38999998569488525400 -0.00453073717653751373
-0.37999999523162841800 -0.00451214285567402840
-0.37000000476837158200 -0.00451558409258723259
-0.36000001430511474600 -0.00452414993196725845
-0.34999999403953552200 -0.00452166888862848282
-0.34000000357627868600 -0.00453516514971852303
-0.33000001311302185100 -0.00453277491033077240
-0.31999999284744262700 -0.00453598890453577042
-0.31000000238418579100 -0.00453046895563602448
-0.30000001192092895500 -0.00452889408916234970
-0.28999999165534973100 -0.00451914314180612564
-0.28000000119209289500 -0.00450739497318863869
-0.27000001072883606000 -0.00451192213222384453
-0.25999999046325683600 -0.00451282877475023270
-0.25000000000000000000 -0.00452381419017910957
-0.23999999463558197000 -0.00452140998095273972
-0.23000000417232513400 -0.00452596601098775864
-0.21999999880790710400 -0.00452705705538392067
-0.20999999344348907500 -0.00451270677149295807
-0.20000000298023223900 -0.00451391097158193588
-0.18999999761581420900 -0.00451125018298625946
-0.18000000715255737300 -0.00449386099353432655
-0.17000000178813934300 -0.00449646497145295143
-0.15999999642372131300 -0.00450891721993684769
-0.15000000596046447800 -0.00450699590146541596
-0.14000000059604644800 -0.00451141595840454102
-0.12999999523162841800 -0.00452004093676805496
-0.11999999731779098500 -0.00450910814106464386
-0.10999999940395355200 -0.00450206501409411430
-0.10000000149011611900 -0.00450346618890762329
-0.09000000357627868650 -0.00448465719819068909
-0.07999999821186065670 -0.00448600482195615769
-0.07000000029802322390 -0.00449085887521505356
-0.05999999865889549260 -0.00448853801935911179
-0.05000000074505805970 -0.00449934601783752442
-0.03999999910593032840 -0.00450077792629599571
-0.02999999932944774630 -0.00449789222329854965
-0.01999999955296516420 -0.00449397414922714234
-0.00999999977648258210 -0.00448813708499073982
0.00000000000000000000 -0.00447568576782941818
0.00999999977648258210 -0.00446910504251718521
0.01999999955296516420 -0.00446847919374704361
0.02999999932944774630 -0.00446636695414781571
0.03999999910593032840 -0.00447431299835443497
0.05000000074505805970 -0.00447515817359089852
0.05999999865889549260 -0.00447406992316246033
0.07000000029802322390 -0.00448274100199341774
0.07999999821186065670 -0.00447297794744372368
0.09000000357627868650 -0.00446319999173283577
0.10000000149011611900 -0.00446156784892082214
0.10999999940395355200 -0.00444787507876753807
0.11999999731779098500 -0.00443639699369668961
0.12999999523162841800 -0.00444749696180224419
0.14000000059604644800 -0.00444469880312681198
0.15000000596046447800 -0.00444089714437723160
0.15999999642372131300 -0.00444747600704431534
0.17000000178813934300 -0.00444538891315460205
0.18000000715255737300 -0.00442661810666322708
0.18999999761581420900 -0.00443049380555748940
0.20000000298023223900 -0.00441491277888417244
0.20999999344348907500 -0.00439373217523097992
0.21999999880790710400 -0.00439657410606741905
0.23000000417232513400 -0.00439472310245037079
0.23999999463558197000 -0.00438633980229496956
0.25000000000000000000 -0.00438778381794691086
0.25999999046325683600 -0.00438224710524082184
0.27000001072883606000 -0.00436309492215514183
0.28000000119209289500 -0.00434674089774489403
0.28999999165534973100 -0.00433031003922224045
0.30000001192092895500 -0.00430289190262556076
0.31000000238418579100 -0.00427788402885198593
0.31999999284744262700 -0.00425700983032584190
0.33000001311302185100 -0.00423312094062566757
0.34000000357627868600 -0.00421143695712089539
0.34999999403953552200 -0.00417867396026849747
0.36000001430511474600 -0.00414055911824107170
0.37000000476837158200 -0.00409730896353721619
0.37999999523162841800 -0.00403409916907548905
0.38999998569488525400 -0.00397444097325205803
0.40000000596046447700 -0.00390749704092741013
0.40999999642372131300 -0.00382802402600646019
0.41999998688697814900 -0.00374935590662062168
0.43000000715255737300 -0.00366922607645392418
0.43999999761581420900 -0.00357235199771821499
0.44999998807907104500 -0.00346681103110313416
0.46000000834465026800 -0.00336471688933670521
0.46999999880790710400 -0.00323496595956385136
0.47999998927116394000 -0.00310118799097836018
0.49000000953674316400 -0.00296877697110176087
0.50000000000000000000 -0.00281860795803368092
0.50999999046325683600 -0.00266672205179929733
0.51999998092651367200 -0.00251792697235941887
0.52999997138977050800 -0.00235744495876133442
0.54000002145767211900 -0.00219102110713720322
0.55000001192092895500 -0.00202640891075134277
0.56000000238418579100 -0.00185231002978980541
0.56999999284744262700 -0.00167280994355678558
0.57999998331069946300 -0.00149430800229310989
0.58999997377395629900 -0.00131086201872676611
0.60000002384185791000 -0.00112385500688105822
0.61000001430511474600 -0.00095884199254214764
0.62000000476837158200 -0.00076767132850363851
0.62999999523162841800 -0.00057964731240645051
0.63999998569488525400 -0.00039404438575729728
0.64999997615814209000 -0.00021025609748903662
0.66000002622604370100 -0.00003800868944381364
0.67000001668930053700 0.00013964339450467378
0.68000000715255737300 0.00032636249670758843
0.68999999761581420900 0.00050862197531387210
0.69999998807907104500 0.00068947882391512394
0.70999997854232788100 0.00086944457143545151
0.72000002861022949200 0.00105000496841967106
0.73000001907348632800 0.00122483994346112013
0.74000000953674316400 0.00140746205579489470
0.75000000000000000000 0.00159003294538706541
0.75999999046325683600 0.00177410594187676907
0.76999998092651367200 0.00195904099382460117
0.77999997138977050800 0.00214594090357422829
0.79000002145767211900 0.00233588600531220436
0.80000001192092895500 0.00252766208723187447
0.81000000238418579100 0.00272179697640240192
0.81999999284744262700 0.00292210793122649193
0.82999998331069946300 0.00312463892623782158
0.83999997377395629900 0.00333176599815487862
0.85000002384185791000 0.00354488496668636799
0.86000001430511474600 0.00376055901870131493
0.87000000476837158200 0.00398060400038957596
0.87999999523162841800 0.00420594820752739906
0.88999998569488525400 0.00443291291594505310
0.89999997615814209000 0.00466583482921123505
0.91000002622604370100 0.00490272790193557739
0.92000001668930053700 0.00514587620273232460
0.93000000715255737300 0.00539481779560446739
0.93999999761581420900 0.00565154710784554482
0.94999998807907104500 0.00590922590345144272
0.95999997854232788100 0.00617293780669569969
0.97000002861022949200 0.00644528400152921677
0.98000001907348632800 0.00671360222622752190
0.99000000953674316400 0.00699074706062674523
1.00000000000000000000 0.00727474177256226540
