-1.00000000000000000000 -0.00448690401390194893
-0.99000000953674316400 -0.00447447411715984345
-0.98000001907348632800 -0.00446134991943836212
-0.97000002861022949200 -0.00446611596271395683
-0.95999997854232788100 -0.00446954183280467987
-0.94999998807907104500 -0.00447739893570542336
-0.93999999761581420900 -0.00448026088997721672
-0.93000000715255737300 -0.00448132213205099106
-0.92000001668930053700 -0.00448760110884904862
-0.91000002622604370100 -0.00448142504319548607
-0.89999997615814209000 -0.00447638612240552902
-0.88999998569488525400 -0.00447618402540683746
-0.87999999523162841800 -0.00446183886379003525
-0.87000000476837158200 -0.00445839110761880875
-0.86000001430511474600 -0.00447427993640303612
-0.85000002384185791000 -0.00447311997413635254
-0.83999997377395629900 -0.00447514187544584274
-0.82999998331069946300 -0.00448666093870997429
-0.81999999284744262700 -0.00448577897623181343
-0.81000000238418579100 -0.00447145197540521622
-0.80000001192092895500 -0.00448773009702563286
-0.79000002145767211900 -0.00448161922395229340
-0.77999997138977050800 -0.00446227006614208222
-0.76999998092651367200 -0.00447701290249824524
-0.75999999046325683600 -0.00448045879602432251
-0.75000000000000000000 -0.00448207277804613114
-0.74000000953674316400 -0.00449075689539313316
-0.73000001907348632800 -0.00449683284386992455
-0.72000002861022949200 -0.00449110008776187897
-0.70999997854232788100 -0.00449747685343027115
-0.69999998807907104500 -0.00449906522408127785
-0.68999999761581420900 -0.00448714289814233780
-0.68000000715255737300 -0.00448141386732459068
-0.67000001668930053700 -0.00448216777294874191
-0.66000002622604370100 -0.00448624696582555771
-0.64999997615814209000 -0.00449920305982232094
-0.63999998569488525400 -0.00449935486540198326
-0.62999999523162841800 -0.00450187781825661659
-0.62000000476837158200 -0.00450440682470798493
-0.61000001430511474600 -0.00449036294594407082
-0.60000002384185791000 -0.00448961695656180382
-0.58999997377395629900 -0.00448896083980798721
-0.57999998331069946300 -0.00447451416403055191
-0.56999999284744262700 -0.00448025297373533249
-0.56000000238418579100 -0.00449101999402046204
-0.55000001192092895500 -0.00449120020493865013
-0.54000002145767211900 -0.00449115596711635590
-0.52999997138977050800 -0.00450679380446672440
-0.51999998092651367200 -0.00449692085385322571
-0.50999999046325683600 -0.00448377383872866631
-0.50000000000000000000 -0.00448374403640627861
-0.49000000953674316400 -0.00447037303820252419
-0.47999998927116394000 -0.00446232594549655914
-0.46999999880790710400 -0.00447295419871807099
-0.46000000834465026800 -0.00447367504239082337
-0.44999998807907104500 -0.00447367317974567413
-0.43999999761581420900 -0.00448670284822583199
-0.43000000715255737300 -0.00448627397418022156
-0.41999998688697814900 -0.00448170397430658341
-0.40999999642372131300 -0.00446996698155999184
-0.40000000596046447700 -0.00446667894721031189
-0.38999998569488525400 -0.00445010606199502945
-0.37999999523162841800 -0.00444948393851518631
-0.37000000476837158200 -0.00445351703092455864
-0.36000001430511474600 -0.00445553287863731384
-0.34999999403953552200 -0.00446682004258036614
-0.34000000357627868600 -0.00446416018530726433
-0.33000001311302185100 -0.00447183800861239433
-0.31999999284744262700 -0.00446919491514563561
-0.31000000238418579100 -0.00445944210514426232
-0.30000001192092895500 -0.00445904396474361420
-0.28999999165534973100 -0.00445220805704593659
-0.28000000119209289500 -0.00444208504632115364
-0.27000001072883606000 -0.00444852700456976891
-0.25999999046325683600 -0.00446719583123922348
-0.25000000000000000000 -0.00446798093616962433
-0.23999999463558197000 -0.00447386503219604492
-0.23000000417232513400 -0.00447872420772910118
-0.21999999880790710400 -0.00446803914383053780
-0.20999999344348907500 -0.00446898490190505982
-0.20000000298023223900 -0.00447207782417535782
-0.18999999761581420900 -0.00445445487275719643
-0.18000000715255737300 -0.00445808516815304756
-0.17000000178813934300 -0.00446789199486374855
-0.15999999642372131300 -0.00446545518934726715
-0.15000000596046447800 -0.00447563920170068741
-0.14000000059604644800 -0.00447780219838023186
-0.12999999523162841800 -0.00447983993217349053
-0.11999999731779098500 -0.00447407178580760956
-0.10999999940395355200 -0.00447261799126863480
-0.10000000149011611900 -0.00445915199816226959
-0.09000000357627868650 -0.00445265881717205048
-0.07999999821186065670 -0.00445339595898985863
-0.07000000029802322390 -0.00444991793483495712
-0.05999999865889549260 -0.00446313619613647461
-0.05000000074505805970 -0.00445996690541505814
-0.03999999910593032840 -0.00445827795192599297
-0.02999999932944774630 -0.00446679210290312767
-0.01999999955296516420 -0.00445713615044951439
-0.00999999977648258210 -0.00444977497681975365
0.00000000000000000000 -0.00444987416267395020
0.00999999977648258210 -0.00443080486729741097
0.01999999955296516420 -0.00442792102694511414
0.02999999932944774630 -0.00443893298506736756
0.03999999910593032840 -0.00443712389096617699
0.05000000074505805970 -0.00443560210987925530
0.05999999865889549260 -0.00444007292389869690
0.07000000029802322390 -0.00444420985877513886
0.07999999821186065670 -0.00442861905321478844
0.09000000357627868650 -0.00442994199693202973
0.10000000149011611900 -0.00443125888705253601
0.10999999940395355200 -0.00440945196896791458
0.11999999731779098500 -0.00442012818530201912
0.12999999523162841800 -0.00441739009693264961
0.14000000059604644800 -0.00441374722868204117
0.15000000596046447800 -0.00442068791016936302
0.15999999642372131300 -0.00441861990839242935
0.17000000178813934300 -0.00441522803157567978
0.18000000715255737300 -0.00440985197201371193
0.18999999761581420900 -0.00439891917631030083
0.20000000298023223900 -0.00438528088852763176
0.20999999344348907500 -0.00437102792784571648
0.21999999880790710400 -0.00436260784044861794
0.23000000417232513400 -0.00435718009248375893
0.23999999463558197000 -0.00435760477557778359
0.25000000000000000000 -0.00435187108814716339
0.25999999046325683600 -0.00434068311005830765
0.27000001072883606000 -0.00433992408215999603
0.28000000119209289500 -0.00431528687477111817
0.28999999165534973100 -0.00429378310218453407
0.30000001192092895500 -0.00427786819636821747
0.31000000238418579100 -0.00423893798142671585
0.31999999284744262700 -0.00421010795980691910
0.33000001311302185100 -0.00419460190460085869
0.34000000357627868600 -0.00417147716507315636
0.34999999403953552200 -0.00413284497335553169
0.36000001430511474600 -0.00410123402252793312
0.37000000476837158200 -0.00405367277562618256
0.37999999523162841800 -0.00399079080671072006
0.38999998569488525400 -0.00393452215939760208
0.40000000596046447700 -0.00386193697340786457
0.40999999642372131300 -0.00377079797908663750
0.41999998688697814900 -0.00369531591422855854
0.43000000715255737300 -0.00360931199975311756
0.43999999761581420900 -0.00351063208654522896
0.44999998807907104500 -0.00341353588737547398
0.46000000834465026800 -0.00329948402941226959
0.46999999880790710400 -0.00317931105382740498
0.47999998927116394000 -0.00304777990095317364
0.49000000953674316400 -0.00290698604658246040
0.50000000000000000000 -0.00275910692289471626
0.50999999046325683600 -0.00260514998808503151
0.51999998092651367200 -0.00244756089523434639
0.52999997138977050800 -0.00228828098624944687
0.54000002145767211900 -0.00212883600033819676
0.55000001192092895500 -0.00195864704437553883
0.56000000238418579100 -0.00178585399407893419
0.56999999284744262700 -0.00161577900871634483
0.57999998331069946300 -0.00143432803452014923
0.58999997377395629900 -0.00125318998470902443
0.60000002384185791000 -0.00107523996848613024
0.61000001430511474600 -0.00091399380471557379
0.62000000476837158200 -0.00072155031375586987
0.62999999523162841800 -0.00054218451259657741
0.63999998569488525400 -0.00036006490699946880
0.64999997615814209000 -0.00017849290452431887
0.66000002622604370100 -0.00002492110070306808
0.67000001668930053700 0.00014660089800599962
0.68000000715255737300 0.00032912718597799540
0.68999999761581420900 0.00050954311154782772
0.69999998807907104500 0.00068904052022844553
0.70999997854232788100 0.00086778687546029687
0.72000002861022949200 0.00104788399767130613
0.73000001907348632800 0.00122238998301327229
0.74000000953674316400 0.00140797498170286417
0.75000000000000000000 0.00159524404443800449
0.75999999046325683600 0.00178556900937110186
0.76999998092651367200 0.00197624601423740387
0.77999997138977050800 0.00217365706339478493
0.79000002145767211900 0.00237693707458674908
0.80000001192092895500 0.00258219195529818535
0.81000000238418579100 0.00279368599876761437
0.81999999284744262700 0.00301340199075639248
0.82999998331069946300 0.00323487911373376846
0.83999997377395629900 0.00346044707112014294
0.85000002384185791000 0.00369684398174285889
0.86000001430511474600 0.00393352517858147621
0.87000000476837158200 0.00417412305250763893
0.87999999523162841800 0.00442910380661487580
0.88999998569488525400 0.00468654511496424675
0.89999997615814209000 0.00495169498026371002
0.91000002622604370100 0.00522582093253731728
0.92000001668930053700 0.00550224911421537399
0.93000000715255737300 0.00578513415530323982
0.93999999761581420900 0.00607357081025838852
0.94999998807907104500 0.00636701192706823349
0.95999997854232788100 0.00666420580819249153
0.97000002861022949200 0.00696985609829425812
0.98000001907348632800 0.00728131877258419991
0.99000000953674316400 0.00760414497926831246
1.00000000000000000000 0.00793464202433824539
