-1.00000000000000000000 -0.00451528280973434448
-0.99000000953674316400 -0.00451931823045015335
-0.98000001907348632800 -0.00453502591699361801
-0.97000002861022949200 -0.00453495606780052185
-0.95999997854232788100 -0.00454608816653490067
-0.94999998807907104500 -0.00454588420689105988
-0.93999999761581420900 -0.00455231685191392899
-0.93000000715255737300 -0.00454783393070101738
-0.92000001668930053700 -0.00454266788437962532
-0.91000002622604370100 -0.00453574210405349732
-0.89999997615814209000 -0.00452579976990818978
-0.88999998569488525400 -0.00452230311930179596
-0.87999999523162841800 -0.00452605588361620903
-0.87000000476837158200 -0.00453896308317780495
-0.86000001430511474600 -0.00453984504565596581
-0.85000002384185791000 -0.00454111816361546517
-0.83999997377395629900 -0.00455508800223469734
-0.82999998331069946300 -0.00454578315839171410
-0.81999999284744262700 -0.00453674513846635819
-0.81000000238418579100 -0.00454148510470986366
-0.80000001192092895500 -0.00452401395887136460
-0.79000002145767211900 -0.00452141184359788895
-0.77999997138977050800 -0.00453424220904707909
-0.76999998092651367200 -0.00453441310673952103
-0.75999999046325683600 -0.00453648716211318970
-0.75000000000000000000 -0.00454543577507138252
-0.74000000953674316400 -0.00455141114071011543
-0.73000001907348632800 -0.00453931698575615883
-0.72000002861022949200 -0.00454493192955851555
-0.70999997854232788100 -0.00454082479700446129
-0.69999998807907104500 -0.00452079204842448235
-0.68999999761581420900 -0.00453010387718677521
-0.68000000715255737300 -0.00454140221700072289
-0.67000001668930053700 -0.00454436615109443665
-0.66000002622604370100 -0.00455375714227557182
-0.64999997615814209000 -0.00455824099481105805
-0.63999998569488525400 -0.00455601187422871590
-0.62999999523162841800 -0.00455803703516721726
-0.62000000476837158200 -0.00455131987109780312
-0.61000001430511474600 -0.00454222084954380989
-0.60000002384185791000 -0.00453639915212988854
-0.58999997377395629900 -0.00453505292534828186
-0.57999998331069946300 -0.00453578494489192963
-0.56999999284744262700 -0.00454606022685766220
-0.56000000238418579100 -0.00454808911308646202
-0.55000001192092895500 -0.00454599317163228989
-0.54000002145767211900 -0.00456180702894926071
-0.52999997138977050800 -0.00455129286274313927
-0.51999998092651367200 -0.00454453704878687859
-0.50999999046325683600 -0.00454676616936922074
-0.50000000000000000000 -0.00452539883553981781
-0.49000000953674316400 -0.00452467985451221466
-0.47999998927116394000 -0.00453766621649265289
-0.46999999880790710400 -0.00454054120928049088
-0.46000000834465026800 -0.00453878007829189301
-0.44999998807907104500 -0.00455163978040218353
-0.43999999761581420900 -0.00454898783937096596
-0.43000000715255737300 -0.00453940406441688538
-0.41999998688697814900 -0.00454738503322005272
-0.40999999642372131300 -0.00453718891367316246
-0.40000000596046447700 -0.00451660482212901116
-0.38999998569488525400 -0.00452826311811804772
-0.37999999523162841800 -0.00452955206856131554
-0.37000000476837158200 -0.00452745892107486725
-0.36000001430511474600 -0.00454187206923961640
-0.34999999403953552200 -0.00453933281823992729
-0.34000000357627868600 -0.00454056216403841972
-0.33000001311302185100 -0.00454153819009661675
-0.31999999284744262700 -0.00453462684527039528
-0.31000000238418579100 -0.00452494714409112930
-0.30000001192092895500 -0.00451612612232565880
-0.28999999165534973100 -0.00451553612947463989
-0.28000000119209289500 -0.00451837806031107903
-0.27000001072883606000 -0.00453295884653925896
-0.25999999046325683600 -0.00453005079180002213
-0.25000000000000000000 -0.00453370902687311173
-0.23999999463558197000 -0.00454574497416615486
-0.23000000417232513400 -0.00453445082530379296
-0.21999999880790710400 -0.00453014392405748367
-0.20999999344348907500 -0.00453282799571752548
-0.20000000298023223900 -0.00451041106134653092
-0.18999999761581420900 -0.00451179593801498413
-0.18000000715255737300 -0.00452738208696246147
-0.17000000178813934300 -0.00452571921050548554
-0.15999999642372131300 -0.00452610012143850327
-0.15000000596046447800 -0.00453713303431868553
-0.14000000059604644800 -0.00453468784689903259
-0.12999999523162841800 -0.00452431617304682732
-0.11999999731779098500 -0.00453218398615717888
-0.10999999940395355200 -0.00452154316008090973
-0.10000000149011611900 -0.00450077606365084648
-0.09000000357627868650 -0.00450759101659059525
-0.07999999821186065670 -0.00450955703854560852
-0.07000000029802322390 -0.00451095914468169212
-0.05999999865889549260 -0.00451992405578494072
-0.05000000074505805970 -0.00452130986377596855
-0.03999999910593032840 -0.00452032312750816345
-0.02999999932944774630 -0.00451864115893840790
-0.01999999955296516420 -0.00451110489666461945
-0.00999999977648258210 -0.00450125802308320999
0.00000000000000000000 -0.00450179586187005043
0.00999999977648258210 -0.00449843285605311394
0.01999999955296516420 -0.00449955603107810021
0.02999999932944774630 -0.00451119802892208100
0.03999999910593032840 -0.00451363716274499893
0.05000000074505805970 -0.00450976798310875893
0.05999999865889549260 -0.00452166702598333359
0.07000000029802322390 -0.00450968416407704353
0.07999999821186065670 -0.00449722213670611382
0.09000000357627868650 -0.00450412277132272720
0.10000000149011611900 -0.00448497477918863297
0.10999999940395355200 -0.00447202101349830628
0.11999999731779098500 -0.00448382599279284477
0.12999999523162841800 -0.00448579294607043266
0.14000000059604644800 -0.00448165182024240494
0.15000000596046447800 -0.00448329513892531395
0.15999999642372131300 -0.00447670789435505867
0.17000000178813934300 -0.00446385983377695084
0.18000000715255737300 -0.00446458905935287476
0.18999999761581420900 -0.00445265509188175202
0.20000000298023223900 -0.00442867213860154152
0.20999999344348907500 -0.00442711217328906059
0.21999999880790710400 -0.00441568391397595406
0.23000000417232513400 -0.00440740911290049553
0.23999999463558197000 -0.00441232882440090180
0.25000000000000000000 -0.00440150592476129532
0.25999999046325683600 -0.00439919717609882355
0.27000001072883606000 -0.00438366085290908814
0.28000000119209289500 -0.00436277780681848526
0.28999999165534973100 -0.00434340396896004677
0.30000001192092895500 -0.00431572319939732552
0.31000000238418579100 -0.00428773881867527962
0.31999999284744262700 -0.00426997896283864975
0.33000001311302185100 -0.00425577722489833832
0.34000000357627868600 -0.00422277208417654038
0.34999999403953552200 -0.00419199885800480843
0.36000001430511474600 -0.00416575791314244270
0.37000000476837158200 -0.00411753915250301361
0.37999999523162841800 -0.00406400021165609360
0.38999998569488525400 -0.00400919886305928230
0.40000000596046447700 -0.00392877217382192612
0.40999999642372131300 -0.00385675393044948578
0.41999998688697814900 -0.00379157694987952709
0.43000000715255737300 -0.00370290200226008892
0.43999999761581420900 -0.00360875506885349751
0.44999998807907104500 -0.00351313990540802479
0.46000000834465026800 -0.00340254092589020729
0.46999999880790710400 -0.00327590899541974068
0.47999998927116394000 -0.00315290992148220539
0.49000000953674316400 -0.00301079801283776760
0.50000000000000000000 -0.00285637006163597107
0.50999999046325683600 -0.00271469703875482082
0.51999998092651367200 -0.00256400601938366890
0.52999997138977050800 -0.00240462995134294033
0.54000002145767211900 -0.00224176794290542603
0.55000001192092895500 -0.00207150308415293694
0.56000000238418579100 -0.00189626996871083975
0.56999999284744262700 -0.00171669002156704664
0.57999998331069946300 -0.00153469503857195377
0.58999997377395629900 -0.00135028397198766470
0.60000002384185791000 -0.00116551795508712530
0.61000001430511474600 -0.00100499403197318316
0.62000000476837158200 -0.00081088178558275104
0.62999999523162841800 -0.00062179192900657654
0.63999998569488525400 -0.00043500261381268501
0.64999997615814209000 -0.00025088619440793991
0.66000002622604370100 -0.00008328187686856836
0.67000001668930053700 0.00005367508128983900
0.68000000715255737300 0.00027670650160871446
0.68999999761581420900 0.00046223559183999896
0.69999998807907104500 0.00064582732738927007
0.70999997854232788100 0.00082782370736822486
0.72000002861022949200 0.00101145205553621054
0.73000001907348632800 0.00118766899686306715
0.74000000953674316400 0.00137642701156437397
0.75000000000000000000 0.00156663300003856421
0.75999999046325683600 0.00175878894515335560
0.76999998092651367200 0.00195373198948800564
0.77999997138977050800 0.00215308391489088535
0.79000002145767211900 0.00235501909628510475
0.80000001192092895500 0.00256162299774587154
0.81000000238418579100 0.00277321389876306057
0.81999999284744262700 0.00298991892486810684
0.82999998331069946300 0.00321173691190779209
0.83999997377395629900 0.00344317499548196793
0.85000002384185791000 0.00367723102681338787
0.86000001430511474600 0.00391668081283569336
0.87000000476837158200 0.00416714604943990708
0.87999999523162841800 0.00441650301218032837
0.88999998569488525400 0.00467151310294866562
0.89999997615814209000 0.00493867322802543640
0.91000002622604370100 0.00520469387993216515
0.92000001668930053700 0.00547838816419243813
0.93000000715255737300 0.00576815707609057427
0.93999999761581420900 0.00605814391747117043
0.94999998807907104500 0.00635543279349803925
0.95999997854232788100 0.00666441721841692925
0.97000002861022949200 0.00697619095444679260
0.98000001907348632800 0.00728681916370987892
0.99000000953674316400 0.00761115876957774163
1.00000000000000000000 0.00793864671140909195
