-1.00000000000000000000 -0.00460685184225440025
-0.99000000953674316400 -0.00462322216480970383
-0.98000001907348632800 -0.00461879698559641838
-0.97000002861022949200 -0.00463540386408567429
-0.95999997854232788100 -0.00463943509384989739
-0.94999998807907104500 -0.00462607806548476219
-0.93999999761581420900 -0.00462425779551267624
-0.93000000715255737300 -0.00463609397411346436
-0.92000001668930053700 -0.00462132878601551056
-0.91000002622604370100 -0.00462564220651984215
-0.89999997615814209000 -0.00463933777064085007
-0.88999998569488525400 -0.00463584391400218010
-0.87999999523162841800 -0.00464037479832768440
-0.87000000476837158200 -0.00465255882591009140
-0.86000001430511474600 -0.00464629521593451500
-0.85000002384185791000 -0.00463241199031472206
-0.83999997377395629900 -0.00464668218046426773
-0.82999998331069946300 -0.00463232910260558128
-0.81999999284744262700 -0.00462015299126505852
-0.81000000238418579100 -0.00462929299101233482
-0.80000001192092895500 -0.00463064201176166535
-0.79000002145767211900 -0.00463638501241803169
-0.77999997138977050800 -0.00465356977656483650
-0.76999998092651367200 -0.00465512881055474281
-0.75999999046325683600 -0.00465240422636270523
-0.75000000000000000000 -0.00464964704588055611
-0.74000000953674316400 -0.00464369496330618858
-0.73000001907348632800 -0.00464372197166085243
-0.72000002861022949200 -0.00463319197297096253
-0.70999997854232788100 -0.00462988018989562988
-0.69999998807907104500 -0.00463803112506866455
-0.68999999761581420900 -0.00464631710201501846
-0.68000000715255737300 -0.00464518088847398758
-0.67000001668930053700 -0.00464737089350819588
-0.66000002622604370100 -0.00465621706098318100
-0.64999997615814209000 -0.00464126095175743103
-0.63999998569488525400 -0.00464259414002299309
-0.62999999523162841800 -0.00463972194120287895
-0.62000000476837158200 -0.00462060421705245972
-0.61000001430511474600 -0.00462417677044868469
-0.60000002384185791000 -0.00463418895378708840
-0.58999997377395629900 -0.00463304482400417328
-0.57999998331069946300 -0.00463979691267013550
-0.56999999284744262700 -0.00465163309127092362
-0.56000000238418579100 -0.00464803818613290787
-0.55000001192092895500 -0.00464277714490890503
-0.54000002145767211900 -0.00464502722024917603
-0.52999997138977050800 -0.00463321898132562637
-0.51999998092651367200 -0.00461797090247273445
-0.50999999046325683600 -0.00462408177554607392
-0.50000000000000000000 -0.00462422706186771393
-0.49000000953674316400 -0.00463114399462938309
-0.47999998927116394000 -0.00463974522426724434
-0.46999999880790710400 -0.00463670911267399788
-0.46000000834465026800 -0.00464480603113770485
-0.44999998807907104500 -0.00463965907692909241
-0.43999999761581420900 -0.00463305693119764328
-0.43000000715255737300 -0.00463151792064309120
-0.41999998688697814900 -0.00461871176958084107
-0.40999999642372131300 -0.00461467308923602104
-0.40000000596046447700 -0.00462087988853454590
-0.38999998569488525400 -0.00463208695873618126
-0.37999999523162841800 -0.00462947320193052292
-0.37000000476837158200 -0.00463967490941286087
-0.36000001430511474600 -0.00464692711830139160
-0.34999999403953552200 -0.00463127996772527695
-0.34000000357627868600 -0.00463411211967468262
-0.33000001311302185100 -0.00463095121085643768
-0.31999999284744262700 -0.00461193313822150231
-0.31000000238418579100 -0.00461452314630150795
-0.30000001192092895500 -0.00462324405089020729
-0.28999999165534973100 -0.00462154997512698174
-0.28000000119209289500 -0.00463721202686429024
-0.27000001072883606000 -0.00463691586628556252
-0.25999999046325683600 -0.00463762879371643067
-0.25000000000000000000 -0.00463658105581998825
-0.23999999463558197000 -0.00462795887142419815
-0.23000000417232513400 -0.00462028989568352699
-0.21999999880790710400 -0.00461539300158619881
-0.20999999344348907500 -0.00461120018735527992
-0.20000000298023223900 -0.00460955779999494553
-0.18999999761581420900 -0.00462319701910018921
-0.18000000715255737300 -0.00462322076782584191
-0.17000000178813934300 -0.00462135998532176018
-0.15999999642372131300 -0.00463483016937971115
-0.15000000596046447800 -0.00462569110095500946
-0.14000000059604644800 -0.00461105722934007645
-0.12999999523162841800 -0.00461937021464109421
-0.11999999731779098500 -0.00460544321686029434
-0.10999999940395355200 -0.00459014810621738434
-0.10000000149011611900 -0.00460466789081692696
-0.09000000357627868650 -0.00460478290915489197
-0.07999999821186065670 -0.00460331002250313759
-0.07000000029802322390 -0.00461364211514592171
-0.05999999865889549260 -0.00462085800245404244
-0.05000000074505805970 -0.00460821390151977539
-0.03999999910593032840 -0.00460712378844618797
-0.02999999932944774630 -0.00460676196962594986
-0.01999999955296516420 -0.00458865379914641380
-0.00999999977648258210 -0.00458957720547914505
0.00000000000000000000 -0.00458942912518978119
0.00999999977648258210 -0.00458914181217551232
0.01999999955296516420 -0.00459606293588876724
0.02999999932944774630 -0.00459882616996765137
0.03999999910593032840 -0.00459253787994384766
0.05000000074505805970 -0.00460343901067972183
0.05999999865889549260 -0.00458833109587430954
0.07000000029802322390 -0.00458350079134106636
0.07999999821186065670 -0.00459271203726530075
0.09000000357627868650 -0.00457075517624616623
0.10000000149011611900 -0.00457342015579342842
0.10999999940395355200 -0.00457940297201275826
0.11999999731779098500 -0.00458189798519015312
0.12999999523162841800 -0.00457633100450038910
0.14000000059604644800 -0.00458530988544225693
0.15000000596046447800 -0.00458266912028193474
0.15999999642372131300 -0.00456501683220267296
0.17000000178813934300 -0.00456974189728498459
0.18000000715255737300 -0.00455845380201935768
0.18999999761581420900 -0.00453183008357882500
0.20000000298023223900 -0.00454074097797274590
0.20999999344348907500 -0.00453819194808602333
0.21999999880790710400 -0.00452978722751140595
0.23000000417232513400 -0.00452609919011592865
0.23999999463558197000 -0.00451807677745819092
0.25000000000000000000 -0.00450752722099423409
0.25999999046325683600 -0.00449711503461003304
0.27000001072883606000 -0.00447122007608413696
0.28000000119209289500 -0.00444577122107148171
0.28999999165534973100 -0.00442325184121727944
0.30000001192092895500 -0.00440416205674409866
0.31000000238418579100 -0.00438264990225434303
0.31999999284744262700 -0.00437406823039054871
0.33000001311302185100 -0.00434620119631290436
0.34000000357627868600 -0.00431483099237084389
0.34999999403953552200 -0.00429025199264287949
0.36000001430511474600 -0.00424108793959021568
0.37000000476837158200 -0.00418803701177239418
0.37999999523162841800 -0.00413310993462800980
0.38999998569488525400 -0.00405682576820254326
0.40000000596046447700 -0.00398865900933742523
0.40999999642372131300 -0.00392844621092081070
0.41999998688697814900 -0.00384112703613936901
0.43000000715255737300 -0.00375410099513828755
0.43999999761581420900 -0.00366532895714044571
0.44999998807907104500 -0.00356135098263621330
0.46000000834465026800 -0.00344043294899165630
0.46999999880790710400 -0.00332272308878600598
0.47999998927116394000 -0.00318792904727160931
0.49000000953674316400 -0.00303996400907635689
0.50000000000000000000 -0.00289967190474271774
0.50999999046325683600 -0.00274624791927635670
0.51999998092651367200 -0.00258908700197935104
0.52999997138977050800 -0.00243397499434649944
0.54000002145767211900 -0.00226307008415460587
0.55000001192092895500 -0.00208698608912527561
0.56000000238418579100 -0.00190735701471567154
0.56999999284744262700 -0.00171864195726811886
0.57999998331069946300 -0.00153126497752964497
0.58999997377395629900 -0.00134016899392008781
0.60000002384185791000 -0.00114581896923482418
0.61000001430511474600 -0.00097354612080380321
0.62000000476837158200 -0.00077168329153209925
0.62999999523162841800 -0.00057037622900679708
0.63999998569488525400 -0.00037304649595171213
0.64999997615814209000 -0.00017915869830176234
0.66000002622604370100 0.00000419629304815317
0.67000001668930053700 0.00019436310685705394
0.68000000715255737300 0.00039733230369165540
0.68999999761581420900 0.00059732742374762893
0.69999998807907104500 0.00079813960473984480
0.70999997854232788100 0.00099852867424488068
0.72000002861022949200 0.00119269697461277247
0.73000001907348632800 0.00139861099887639284
0.74000000953674316400 0.00160374597180634737
0.75000000000000000000 0.00181160599458962679
0.75999999046325683600 0.00202122400514781475
0.76999998092651367200 0.00223382888361811638
0.77999997138977050800 0.00245231692679226399
0.79000002145767211900 0.00267289602197706699
0.80000001192092895500 0.00289698201231658459
0.81000000238418579100 0.00312943803146481514
0.81999999284744262700 0.00336166797205805779
0.82999998331069946300 0.00359777198173105717
0.83999997377395629900 0.00384428701363503933
0.85000002384185791000 0.00408996921032667160
0.86000001430511474600 0.00434303004294633866
0.87000000476837158200 0.00460681319236755371
0.87999999523162841800 0.00487331114709377289
0.88999998569488525400 0.00514575792476534844
0.89999997615814209000 0.00542860291898250580
0.91000002622604370100 0.00571468705311417580
0.92000001668930053700 0.00600000517442822457
0.93000000715255737300 0.00629675015807151795
0.93999999761581420900 0.00659816712141036988
0.94999998807907104500 0.00689943879842758179
0.95999997854232788100 0.00721461791545152664
0.97000002861022949200 0.00753375794738531113
0.98000001907348632800 0.00786161236464977265
0.99000000953674316400 0.00819842144846916199
1.00000000000000000000 0.00853741075843572617
