-1.00000000000000000000 -0.00468983594328165054
-0.99000000953674316400 -0.00470243813470005989
-0.98000001907348632800 -0.00469794496893882752
-0.97000002861022949200 -0.00467806821689009667
-0.95999997854232788100 -0.00469307601451873779
-0.94999998807907104500 -0.00469586998224258423
-0.93999999761581420900 -0.00469702389091253281
-0.93000000715255737300 -0.00470960512757301331
-0.92000001668930053700 -0.00471171084791421890
-0.91000002622604370100 -0.00470649311318993569
-0.89999997615814209000 -0.00470356084406375885
-0.88999998569488525400 -0.00470335315912961960
-0.87999999523162841800 -0.00469066016376018524
-0.87000000476837158200 -0.00468513183295726776
-0.86000001430511474600 -0.00468510482460260391
-0.85000002384185791000 -0.00469002919271588326
-0.83999997377395629900 -0.00470368890091776848
-0.82999998331069946300 -0.00470002880319952965
-0.81999999284744262700 -0.00470782816410064697
-0.81000000238418579100 -0.00471223797649145126
-0.80000001192092895500 -0.00469751097261905670
-0.79000002145767211900 -0.00469891214743256569
-0.77999997138977050800 -0.00470123998820781708
-0.76999998092651367200 -0.00467753503471612930
-0.75999999046325683600 -0.00468298699706792832
-0.75000000000000000000 -0.00469857593998312950
-0.74000000953674316400 -0.00469649489969015122
-0.73000001907348632800 -0.00470049306750297547
-0.72000002861022949200 -0.00471191806718707085
-0.70999997854232788100 -0.00470742583274841309
-0.69999998807907104500 -0.00469692097976803780
-0.68999999761581420900 -0.00470680696889758110
-0.68000000715255737300 -0.00469219684600830078
-0.67000001668930053700 -0.00468142982572317124
-0.66000002622604370100 -0.00469170091673731804
-0.64999997615814209000 -0.00469077005982398987
-0.63999998569488525400 -0.00470112916082143784
-0.62999999523162841800 -0.00470587378367781639
-0.62000000476837158200 -0.00470934016630053520
-0.61000001430511474600 -0.00470890896394848824
-0.60000002384185791000 -0.00469621783122420311
-0.58999997377395629900 -0.00469440082088112831
-0.57999998331069946300 -0.00469421409070491791
-0.56999999284744262700 -0.00468137720599770546
-0.56000000238418579100 -0.00468203984200954437
-0.55000001192092895500 -0.00469617219641804695
-0.54000002145767211900 -0.00469475099816918373
-0.52999997138977050800 -0.00468262191861867905
-0.51999998092651367200 -0.00468862289562821388
-0.50999999046325683600 -0.00467813108116388321
-0.50000000000000000000 -0.00466195214539766312
-0.49000000953674316400 -0.00467396900057792664
-0.47999998927116394000 -0.00465728389099240303
-0.46999999880790710400 -0.00464323582127690315
-0.46000000834465026800 -0.00466334400698542595
-0.44999998807907104500 -0.00466143386438488960
-0.43999999761581420900 -0.00465995306149125099
-0.43000000715255737300 -0.00467550521716475487
-0.41999998688697814900 -0.00467730313539505005
-0.40999999642372131300 -0.00466584507375955582
-0.40000000596046447700 -0.00467005977407097817
-0.38999998569488525400 -0.00466297892853617668
-0.37999999523162841800 -0.00464295921847224236
-0.37000000476837158200 -0.00464450195431709290
-0.36000001430511474600 -0.00464179599657654762
-0.34999999403953552200 -0.00464437017217278481
-0.34000000357627868600 -0.00465858681127429009
-0.33000001311302185100 -0.00465634698048233986
-0.31999999284744262700 -0.00465699285268783570
-0.31000000238418579100 -0.00465968577191233635
-0.30000001192092895500 -0.00464584492146968842
-0.28999999165534973100 -0.00464267609640955925
-0.28000000119209289500 -0.00463979691267013550
-0.27000001072883606000 -0.00462552206590771675
-0.25999999046325683600 -0.00462763896211981774
-0.25000000000000000000 -0.00464351614937186241
-0.23999999463558197000 -0.00464334478601813316
-0.23000000417232513400 -0.00463139405474066734
-0.21999999880790710400 -0.00464184815064072609
-0.20999999344348907500 -0.00462548807263374329
-0.20000000298023223900 -0.00461393501609563828
-0.18999999761581420900 -0.00462332181632518768
-0.18000000715255737300 -0.00460818596184253693
-0.17000000178813934300 -0.00460249790921807289
-0.15999999642372131300 -0.00461088214069604874
-0.15000000596046447800 -0.00461526587605476380
-0.14000000059604644800 -0.00461609289050102234
-0.12999999523162841800 -0.00463108578696846962
-0.11999999731779098500 -0.00463286321610212326
-0.10999999940395355200 -0.00462127383798360825
-0.10000000149011611900 -0.00462047522887587547
-0.09000000357627868650 -0.00461584888398647308
-0.07999999821186065670 -0.00459998100996017456
-0.07000000029802322390 -0.00460039218887686730
-0.05999999865889549260 -0.00460053281858563423
-0.05000000074505805970 -0.00460043922066688538
-0.03999999910593032840 -0.00461132917553186417
-0.02999999932944774630 -0.00460963416844606400
-0.01999999955296516420 -0.00461271405220031738
-0.00999999977648258210 -0.00461104186251759529
0.00000000000000000000 -0.00459846481680870056
0.00999999977648258210 -0.00459668412804603577
0.01999999955296516420 -0.00459529599174857140
0.02999999932944774630 -0.00457635801285505295
0.03999999910593032840 -0.00457177404314279556
0.05000000074505805970 -0.00458895601332187653
0.05999999865889549260 -0.00458335597068071366
0.07000000029802322390 -0.00459204101935029030
0.07999999821186065670 -0.00461584702134132385
0.09000000357627868650 -0.00460587814450263977
0.10000000149011611900 -0.00458844099193811417
0.10999999940395355200 -0.00460063386708498001
0.11999999731779098500 -0.00458573084324598313
0.12999999523162841800 -0.00456643383949995041
0.14000000059604644800 -0.00457740388810634613
0.15000000596046447800 -0.00457479292526841164
0.15999999642372131300 -0.00457220198586583138
0.17000000178813934300 -0.00457874312996864319
0.18000000715255737300 -0.00457942811772227287
0.18999999761581420900 -0.00456649390980601311
0.20000000298023223900 -0.00455990387126803398
0.20999999344348907500 -0.00455095106735825539
0.21999999880790710400 -0.00453254114836454392
0.23000000417232513400 -0.00452907104045152664
0.23999999463558197000 -0.00451922882348299027
0.25000000000000000000 -0.00451400410383939743
0.25999999046325683600 -0.00451457221060991287
0.27000001072883606000 -0.00450323382392525673
0.28000000119209289500 -0.00448842998594045639
0.28999999165534973100 -0.00448636477813124657
0.30000001192092895500 -0.00444807717576622963
0.31000000238418579100 -0.00442479597404599190
0.31999999284744262700 -0.00440183188766241074
0.33000001311302185100 -0.00435245689004659653
0.34000000357627868600 -0.00432556215673685074
0.34999999403953552200 -0.00429859478026628494
0.36000001430511474600 -0.00425701402127742767
0.37000000476837158200 -0.00421564606949687004
0.37999999523162841800 -0.00418428005650639534
0.38999998569488525400 -0.00411552190780639649
0.40000000596046447700 -0.00403719488531351090
0.40999999642372131300 -0.00396940112113952637
0.41999998688697814900 -0.00387996295467019081
0.43000000715255737300 -0.00377288111485540867
0.43999999761581420900 -0.00367921893484890461
0.44999998807907104500 -0.00357472710311412811
0.46000000834465026800 -0.00345728290267288685
0.46999999880790710400 -0.00333995907567441464
0.47999998927116394000 -0.00320657202973961830
0.49000000953674316400 -0.00306677608750760555
0.50000000000000000000 -0.00291693210601806641
0.50999999046325683600 -0.00276193302124738693
0.51999998092651367200 -0.00259875296615064144
0.52999997138977050800 -0.00243090488947927952
0.54000002145767211900 -0.00226011592894792557
0.55000001192092895500 -0.00208765198476612568
0.56000000238418579100 -0.00191331503447145224
0.56999999284744262700 -0.00173184997402131558
0.57999998331069946300 -0.00155074696522206068
0.58999997377395629900 -0.00136611401103436947
0.60000002384185791000 -0.00117616495117545128
0.61000001430511474600 -0.00100546900648623705
0.62000000476837158200 -0.00081275089178234339
0.62999999523162841800 -0.00062029459513723850
0.63999998569488525400 -0.00042843719711527228
0.64999997615814209000 -0.00024279850185848773
0.66000002622604370100 -0.00006666620174655691
0.67000001668930053700 0.00011137199908262119
0.68000000715255737300 0.00030142909963615239
0.68999999761581420900 0.00048916711239144206
0.69999998807907104500 0.00067573547130450606
0.70999997854232788100 0.00086049560923129320
0.72000002861022949200 0.00104543298948556185
0.73000001907348632800 0.00122451200149953365
0.74000000953674316400 0.00141334300860762596
0.75000000000000000000 0.00160259404219686985
0.75999999046325683600 0.00179340504109859467
0.76999998092651367200 0.00198698998428881168
0.77999997138977050800 0.00218276889063417912
0.79000002145767211900 0.00238226796500384808
0.80000001192092895500 0.00258646393194794655
0.81000000238418579100 0.00279284501448273659
0.81999999284744262700 0.00300262589007616043
0.82999998331069946300 0.00321997189894318581
0.83999997377395629900 0.00343934493139386177
0.85000002384185791000 0.00366261391900479794
0.86000001430511474600 0.00389701290987432003
0.87000000476837158200 0.00413357606157660484
0.87999999523162841800 0.00437563098967075348
0.88999998569488525400 0.00462690182030200958
0.89999997615814209000 0.00488234404474496842
0.91000002622604370100 0.00514079397544264794
0.92000001668930053700 0.00540542602539062500
0.93000000715255737300 0.00567786023020744324
0.93999999761581420900 0.00595170306041836739
0.94999998807907104500 0.00623381696641445160
0.95999997854232788100 0.00652226991951465607
0.97000002861022949200 0.00681995693594217301
0.98000001907348632800 0.00712692597880959511
0.99000000953674316400 0.00743600679561495781
1.00000000000000000000 0.00775100104510784149
