-1.00000000000000000000 -0.00463457778096199036
-0.99000000953674316400 -0.00464747194200754166
-0.98000001907348632800 -0.00464533921331167221
-0.97000002861022949200 -0.00465288292616605759
-0.95999997854232788100 -0.00465385802090167999
-0.94999998807907104500 -0.00464381510391831398
-0.93999999761581420900 -0.00464285211637616158
-0.93000000715255737300 -0.00463573308661580086
-0.92000001668930053700 -0.00463081197813153267
-0.91000002622604370100 -0.00463165901601314545
-0.89999997615814209000 -0.00464872177690267563
-0.88999998569488525400 -0.00464889686554670334
-0.87999999523162841800 -0.00465989718213677406
-0.87000000476837158200 -0.00467220088467001915
-0.86000001430511474600 -0.00466020777821540833
-0.85000002384185791000 -0.00465454580262303352
-0.83999997377395629900 -0.00465824780985713005
-0.82999998331069946300 -0.00464025186374783516
-0.81999999284744262700 -0.00463864905759692192
-0.81000000238418579100 -0.00465045683085918427
-0.80000001192092895500 -0.00464793294668197632
-0.79000002145767211900 -0.00465853093191981316
-0.77999997138977050800 -0.00466401409357786179
-0.76999998092651367200 -0.00466598710045218468
-0.75999999046325683600 -0.00466203922405838967
-0.75000000000000000000 -0.00466045504435896874
-0.74000000953674316400 -0.00464917114004492760
-0.73000001907348632800 -0.00463909888640046120
-0.72000002861022949200 -0.00463945511728525162
-0.70999997854232788100 -0.00463827094063162804
-0.69999998807907104500 -0.00465286010876297951
-0.68999999761581420900 -0.00465424684807658196
-0.68000000715255737300 -0.00465281819924712181
-0.67000001668930053700 -0.00466598477214574814
-0.66000002622604370100 -0.00465583894401788712
-0.64999997615814209000 -0.00464578112587332726
-0.63999998569488525400 -0.00464836182072758675
-0.62999999523162841800 -0.00462898705154657364
-0.62000000476837158200 -0.00462636398151516915
-0.61000001430511474600 -0.00464198179543018341
-0.60000002384185791000 -0.00464322697371244431
-0.58999997377395629900 -0.00464142719283699989
-0.57999998331069946300 -0.00465297792106866837
-0.56999999284744262700 -0.00465651322156190872
-0.56000000238418579100 -0.00463989097625017166
-0.55000001192092895500 -0.00464930804446339607
-0.54000002145767211900 -0.00464355479925870896
-0.52999997138977050800 -0.00461931107565760613
-0.51999998092651367200 -0.00463479012250900269
-0.50999999046325683600 -0.00463657407090067864
-0.50000000000000000000 -0.00463657919317483902
-0.49000000953674316400 -0.00464808801189064980
-0.47999998927116394000 -0.00465036509558558464
-0.46999999880790710400 -0.00464695505797863007
-0.46000000834465026800 -0.00464971410110592842
-0.44999998807907104500 -0.00464396877214312554
-0.43999999761581420900 -0.00463239196687936783
-0.43000000715255737300 -0.00462482590228319168
-0.41999998688697814900 -0.00462816888466477394
-0.40999999642372131300 -0.00462784711271524429
-0.40000000596046447700 -0.00464182579889893532
-0.38999998569488525400 -0.00464429007843136788
-0.37999999523162841800 -0.00464016385376453400
-0.37000000476837158200 -0.00465491088107228279
-0.36000001430511474600 -0.00464364094659686089
-0.34999999403953552200 -0.00463850190863013268
-0.34000000357627868600 -0.00464223092421889305
-0.33000001311302185100 -0.00462145917117595673
-0.31999999284744262700 -0.00461889198049902916
-0.31000000238418579100 -0.00463508907705545426
-0.30000001192092895500 -0.00463740294799208641
-0.28999999165534973100 -0.00463516917079687119
-0.28000000119209289500 -0.00464972713962197304
-0.27000001072883606000 -0.00464557576924562454
-0.25999999046325683600 -0.00463073700666427612
-0.25000000000000000000 -0.00464121997356414795
-0.23999999463558197000 -0.00463049300014972687
-0.23000000417232513400 -0.00460900692269206047
-0.21999999880790710400 -0.00462337583303451538
-0.20999999344348907500 -0.00462529901415109635
-0.20000000298023223900 -0.00461935997009277344
-0.18999999761581420900 -0.00463560689240694046
-0.18000000715255737300 -0.00463357521221041680
-0.17000000178813934300 -0.00463064108043909073
-0.15999999642372131300 -0.00462948391214013100
-0.15000000596046447800 -0.00462451297789812088
-0.14000000059604644800 -0.00461247097700834274
-0.12999999523162841800 -0.00460617803037166596
-0.11999999731779098500 -0.00460645696148276329
-0.10999999940395355200 -0.00460491003468632698
-0.10000000149011611900 -0.00461717788130044937
-0.09000000357627868650 -0.00461893621832132340
-0.07999999821186065670 -0.00461825495585799217
-0.07000000029802322390 -0.00462999893352389336
-0.05999999865889549260 -0.00461480906233191490
-0.05000000074505805970 -0.00460918713361024857
-0.03999999910593032840 -0.00461075222119688988
-0.02999999932944774630 -0.00458983099088072777
-0.01999999955296516420 -0.00458376016467809677
-0.00999999977648258210 -0.00460162619128823280
0.00000000000000000000 -0.00459973700344562531
0.00999999977648258210 -0.00460159592330455780
0.01999999955296516420 -0.00460939388722181320
0.02999999932944774630 -0.00461120298132300377
0.03999999910593032840 -0.00459440005943179131
0.05000000074505805970 -0.00460038287565112114
0.05999999865889549260 -0.00459189992398023606
0.07000000029802322390 -0.00457015819847583771
0.07999999821186065670 -0.00457457499578595162
0.09000000357627868650 -0.00458493921905755997
0.10000000149011611900 -0.00458433106541633606
0.10999999940395355200 -0.00459343008697032929
0.11999999731779098500 -0.00459305522963404656
0.12999999523162841800 -0.00458818487823009491
0.14000000059604644800 -0.00458842981606721878
0.15000000596046447800 -0.00457627978175878525
0.15999999642372131300 -0.00456639984622597695
0.17000000178813934300 -0.00455405376851558685
0.18000000715255737300 -0.00455166911706328392
0.18999999761581420900 -0.00454635778442025185
0.20000000298023223900 -0.00455163698643445969
0.20999999344348907500 -0.00454734684899449349
0.21999999880790710400 -0.00453963084146380425
0.23000000417232513400 -0.00454695709049701691
0.23999999463558197000 -0.00452446984127163887
0.25000000000000000000 -0.00450833793729543686
0.25999999046325683600 -0.00450088409706950188
0.27000001072883606000 -0.00446831202134490013
0.28000000119209289500 -0.00444923294708132744
0.28999999165534973100 -0.00444462103769183159
0.30000001192092895500 -0.00442804582417011261
0.31000000238418579100 -0.00440172199159860611
0.31999999284744262700 -0.00439114682376384735
0.33000001311302185100 -0.00436186790466308594
0.34000000357627868600 -0.00431813905015587807
0.34999999403953552200 -0.00428598979488015175
0.36000001430511474600 -0.00423497194424271584
0.37000000476837158200 -0.00416689598932862282
0.37999999523162841800 -0.00412179715931415558
0.38999998569488525400 -0.00406021578237414360
0.40000000596046447700 -0.00399176077917218208
0.40999999642372131300 -0.00392539286985993385
0.41999998688697814900 -0.00384136894717812538
0.43000000715255737300 -0.00374744390137493610
0.43999999761581420900 -0.00364633696153759956
0.44999998807907104500 -0.00353528303094208241
0.46000000834465026800 -0.00341071095317602158
0.46999999880790710400 -0.00328124407678842545
0.47999998927116394000 -0.00315186404623091221
0.49000000953674316400 -0.00301074702292680740
0.50000000000000000000 -0.00287120300345122814
0.50999999046325683600 -0.00271902396343648434
0.51999998092651367200 -0.00255957711488008499
0.52999997138977050800 -0.00239823199808597565
0.54000002145767211900 -0.00222331495024263859
0.55000001192092895500 -0.00204631104134023190
0.56000000238418579100 -0.00186738802585750818
0.56999999284744262700 -0.00167864002287387848
0.57999998331069946300 -0.00149384501855820417
0.58999997377395629900 -0.00131095398683100939
0.60000002384185791000 -0.00112134800292551518
0.61000001430511474600 -0.00093678751727566123
0.62000000476837158200 -0.00074246688745915890
0.62999999523162841800 -0.00054900511167943478
0.63999998569488525400 -0.00035418270272202790
0.64999997615814209000 -0.00016059690096881241
0.66000002622604370100 0.00002749698978732340
0.67000001668930053700 0.00021796890359837562
0.68000000715255737300 0.00041477679042145610
0.68999999761581420900 0.00061202701181173325
0.69999998807907104500 0.00080793368397280574
0.70999997854232788100 0.00100417097564786673
0.72000002861022949200 0.00119660398922860622
0.73000001907348632800 0.00139651796780526638
0.74000000953674316400 0.00159515999257564545
0.75000000000000000000 0.00179583497811108828
0.75999999046325683600 0.00199755909852683544
0.76999998092651367200 0.00220133503898978233
0.77999997138977050800 0.00240689795464277268
0.79000002145767211900 0.00261517497710883617
0.80000001192092895500 0.00282801291905343533
0.81000000238418579100 0.00304451002739369869
0.81999999284744262700 0.00326388305984437466
0.82999998331069946300 0.00348938792012631893
0.83999997377395629900 0.00371863297186791897
0.85000002384185791000 0.00394855905324220657
0.86000001430511474600 0.00418545491993427277
0.87000000476837158200 0.00442655198276042938
0.87999999523162841800 0.00466816686093807221
0.88999998569488525400 0.00492101814597845078
0.89999997615814209000 0.00517759285867214203
0.91000002622604370100 0.00543917994946241379
0.92000001668930053700 0.00570882111787796021
0.93000000715255737300 0.00598078593611717224
0.93999999761581420900 0.00625880900770425797
0.94999998807907104500 0.00653948402032256127
0.95999997854232788100 0.00682644499465823174
0.97000002861022949200 0.00711678015068173409
0.98000001907348632800 0.00741058681160211563
0.99000000953674316400 0.00771280098706483841
1.00000000000000000000 0.00802318938076496124
