-1.00000000000000000000 -0.00442517502233386040
-0.99000000953674316400 -0.00443815998733043671
-0.98000001907348632800 -0.00442127184942364693
-0.97000002861022949200 -0.00441926019266247749
-0.95999997854232788100 -0.00442310888320207596
-0.94999998807907104500 -0.00440056901425123215
-0.93999999761581420900 -0.00439851405099034310
-0.93000000715255737300 -0.00441332394257187843
-0.92000001668930053700 -0.00441570486873388291
-0.91000002622604370100 -0.00441363314166665077
-0.89999997615814209000 -0.00442818319424986839
-0.88999998569488525400 -0.00442489609122276306
-0.87999999523162841800 -0.00441856915131211281
-0.87000000476837158200 -0.00442625489085912705
-0.86000001430511474600 -0.00441697379574179650
-0.85000002384185791000 -0.00439706211909651756
-0.83999997377395629900 -0.00440726615488529205
-0.82999998331069946300 -0.00441025802865624428
-0.81999999284744262700 -0.00440861098468303681
-0.81000000238418579100 -0.00442245509475469589
-0.80000001192092895500 -0.00441979197785258293
-0.79000002145767211900 -0.00442705489695072174
-0.77999997138977050800 -0.00443184282630681992
-0.76999998092651367200 -0.00442553218454122543
-0.75999999046325683600 -0.00441807415336370468
-0.75000000000000000000 -0.00441068317741155625
-0.74000000953674316400 -0.00441417517140507698
-0.73000001907348632800 -0.00441501382738351822
-0.72000002861022949200 -0.00442733196541666985
-0.70999997854232788100 -0.00442753499373793602
-0.69999998807907104500 -0.00443636719137430191
-0.68999999761581420900 -0.00444942386820912361
-0.68000000715255737300 -0.00443509686738252640
-0.67000001668930053700 -0.00443363795056939125
-0.66000002622604370100 -0.00443632900714874268
-0.64999997615814209000 -0.00441898079589009285
-0.63999998569488525400 -0.00442179990932345390
-0.62999999523162841800 -0.00444127200171351433
-0.62000000476837158200 -0.00443967897444963455
-0.61000001430511474600 -0.00443954020738601685
-0.60000002384185791000 -0.00445227278396487236
-0.58999997377395629900 -0.00444881618022918701
-0.57999998331069946300 -0.00443456601351499558
-0.56999999284744262700 -0.00444740615785121918
-0.56000000238418579100 -0.00443580094724893570
-0.55000001192092895500 -0.00442381482571363449
-0.54000002145767211900 -0.00443778885528445244
-0.52999997138977050800 -0.00444093486294150353
-0.51999998092651367200 -0.00444062007591128349
-0.50999999046325683600 -0.00445272680371999741
-0.50000000000000000000 -0.00445441901683807373
-0.49000000953674316400 -0.00445051211863756180
-0.47999998927116394000 -0.00444678496569395065
-0.46999999880790710400 -0.00444479892030358315
-0.46000000834465026800 -0.00443514622747898102
-0.44999998807907104500 -0.00443286402150988579
-0.43999999761581420900 -0.00442835222929716110
-0.43000000715255737300 -0.00443410221487283707
-0.41999998688697814900 -0.00444206316024065018
-0.40999999642372131300 -0.00444489298388361931
-0.40000000596046447700 -0.00444993609562516213
-0.38999998569488525400 -0.00445326883345842362
-0.37999999523162841800 -0.00443727802485227585
-0.37000000476837158200 -0.00444195698946714401
-0.36000001430511474600 -0.00443790107965469360
-0.34999999403953552200 -0.00442103203386068344
-0.34000000357627868600 -0.00442774686962366104
-0.33000001311302185100 -0.00443792901933193207
-0.31999999284744262700 -0.00443948479369282723
-0.31000000238418579100 -0.00443954393267631531
-0.30000001192092895500 -0.00445373076945543289
-0.28999999165534973100 -0.00444439193233847618
-0.28000000119209289500 -0.00443329010158777237
-0.27000001072883606000 -0.00444230204448103905
-0.25999999046325683600 -0.00443078204989433289
-0.25000000000000000000 -0.00442043598741292954
-0.23999999463558197000 -0.00442855898290872574
-0.23000000417232513400 -0.00443224096670746803
-0.21999999880790710400 -0.00443215109407901764
-0.20999999344348907500 -0.00444220006465911865
-0.20000000298023223900 -0.00444491486996412277
-0.18999999761581420900 -0.00443411199375987053
-0.18000000715255737300 -0.00442219013348221779
-0.17000000178813934300 -0.00441859010607004166
-0.15999999642372131300 -0.00440772203728556633
-0.15000000596046447800 -0.00440098298713564873
-0.14000000059604644800 -0.00440505100414156914
-0.12999999523162841800 -0.00440751621499657631
-0.11999999731779098500 -0.00441622920334339142
-0.10999999940395355200 -0.00441383989527821541
-0.10000000149011611900 -0.00442021619528532028
-0.09000000357627868650 -0.00441696122288703919
-0.07999999821186065670 -0.00440484518185257912
-0.07000000029802322390 -0.00440431386232376099
-0.05999999865889549260 -0.00439406186342239380
-0.05000000074505805970 -0.00438677100464701653
-0.03999999910593032840 -0.00438386714085936546
-0.02999999932944774630 -0.00438859220594167710
-0.01999999955296516420 -0.00438681989908218384
-0.00999999977648258210 -0.00438913889229297638
0.00000000000000000000 -0.00439913803711533547
0.00999999977648258210 -0.00439047487452626228
0.01999999955296516420 -0.00437529385089874268
0.02999999932944774630 -0.00438842503353953362
0.03999999910593032840 -0.00437547219917178154
0.05000000074505805970 -0.00436005322262644768
0.05999999865889549260 -0.00437368312850594521
0.07000000029802322390 -0.00437121978029608727
0.07999999821186065670 -0.00437284819781780243
0.09000000357627868650 -0.00438300613313913345
0.10000000149011611900 -0.00438314815983176232
0.10999999940395355200 -0.00437750620767474175
0.11999999731779098500 -0.00437809480354189873
0.12999999523162841800 -0.00437588710337877274
0.14000000059604644800 -0.00435915682464838028
0.15000000596046447800 -0.00435335095971822739
0.15999999642372131300 -0.00435422500595450401
0.17000000178813934300 -0.00435148598626255989
0.18000000715255737300 -0.00435872981324791908
0.18999999761581420900 -0.00435502082109451294
0.20000000298023223900 -0.00435937615111470223
0.20999999344348907500 -0.00436197314411401749
0.21999999880790710400 -0.00434189988300204277
0.23000000417232513400 -0.00433777691796422005
0.23999999463558197000 -0.00432483898475766182
0.25000000000000000000 -0.00430112704634666443
0.25999999046325683600 -0.00429416215047240257
0.27000001072883606000 -0.00429232791066169739
0.28000000119209289500 -0.00428133876994252205
0.28999999165534973100 -0.00426295679062604904
0.30000001192092895500 -0.00426086783409118652
0.31000000238418579100 -0.00422796513885259628
0.31999999284744262700 -0.00419311411678791046
0.33000001311302185100 -0.00417461898177862168
0.34000000357627868600 -0.00413607386872172356
0.34999999403953552200 -0.00409392593428492546
0.36000001430511474600 -0.00406542094424366951
0.37000000476837158200 -0.00402657315135002136
0.37999999523162841800 -0.00397708499804139137
0.38999998569488525400 -0.00393557595089077950
0.40000000596046447700 -0.00387731590308248997
0.40999999642372131300 -0.00380485807545483112
0.41999998688697814900 -0.00373387592844665051
0.43000000715255737300 -0.00365242594853043556
0.43999999761581420900 -0.00355652510188519955
0.44999998807907104500 -0.00346475397236645222
0.46000000834465026800 -0.00337070808745920658
0.46999999880790710400 -0.00326513499021530151
0.47999998927116394000 -0.00316121499054133892
0.49000000953674316400 -0.00304116401821374893
0.50000000000000000000 -0.00291781709529459477
0.50999999046325683600 -0.00278669991530478001
0.51999998092651367200 -0.00264613400213420391
0.52999997138977050800 -0.00250167003832757473
0.54000002145767211900 -0.00235110009089112282
0.55000001192092895500 -0.00219943211413919926
0.56000000238418579100 -0.00204751407727599144
0.56999999284744262700 -0.00189618195872753859
0.57999998331069946300 -0.00173630903009325266
0.58999997377395629900 -0.00157460302580147982
0.60000002384185791000 -0.00141487095970660448
0.61000001430511474600 -0.00124689401127398014
0.62000000476837158200 -0.00107770296745002270
0.62999999523162841800 -0.00092951237456873059
0.63999998569488525400 -0.00075201521394774318
0.64999997615814209000 -0.00057850457960739732
0.66000002622604370100 -0.00041031368891708553
0.67000001668930053700 -0.00023774610599502921
0.68000000715255737300 -0.00007634393114130944
0.68999999761581420900 0.00005333486114977859
0.69999998807907104500 0.00026410041027702391
0.70999997854232788100 0.00044278640416450799
0.72000002861022949200 0.00062040000921115279
0.73000001907348632800 0.00079898821422830224
0.74000000953674316400 0.00097896310035139322
0.75000000000000000000 0.00115513196215033531
0.75999999046325683600 0.00134176597930490971
0.76999998092651367200 0.00153093505650758743
0.77999997138977050800 0.00172442803159356117
0.79000002145767211900 0.00192021299153566361
0.80000001192092895500 0.00211873301304876804
0.81000000238418579100 0.00232482701539993286
0.81999999284744262700 0.00253181299194693565
0.82999998331069946300 0.00274123693816363812
0.83999997377395629900 0.00296123698353767395
0.85000002384185791000 0.00318159488961100578
0.86000001430511474600 0.00340425199829041958
0.87000000476837158200 0.00364178791642189026
0.87999999523162841800 0.00388170406222343445
0.88999998569488525400 0.00412513595074415207
0.89999997615814209000 0.00437952810898423195
0.91000002622604370100 0.00463913287967443466
0.92000001668930053700 0.00489681120961904526
0.93000000715255737300 0.00516478391364216805
0.93999999761581420900 0.00543821882456541062
0.94999998807907104500 0.00570824882015585900
0.95999997854232788100 0.00599488615989685059
0.97000002861022949200 0.00628752913326025009
0.98000001907348632800 0.00658276677131652832
0.99000000953674316400 0.00689180009067058563
1.00000000000000000000 0.00719930697232484818
