-1.00000000000000000000 -0.00462148897349834442
-0.99000000953674316400 -0.00462239701300859451
-0.98000001907348632800 -0.00462847901508212090
-0.97000002861022949200 -0.00462967203930020332
-0.95999997854232788100 -0.00461740884929895401
-0.94999998807907104500 -0.00461689522489905358
-0.93999999761581420900 -0.00461185583844780922
-0.93000000715255737300 -0.00460571702569723129
-0.92000001668930053700 -0.00459738308563828468
-0.91000002622604370100 -0.00460963882505893707
-0.89999997615814209000 -0.00460701016709208489
-0.88999998569488525400 -0.00461348099634051323
-0.87999999523162841800 -0.00462479703128337860
-0.87000000476837158200 -0.00461407285183668137
-0.86000001430511474600 -0.00460604997351765633
-0.85000002384185791000 -0.00461177714169025421
-0.83999997377395629900 -0.00459567690268158913
-0.82999998331069946300 -0.00458849593997001648
-0.81999999284744262700 -0.00460460595786571503
-0.81000000238418579100 -0.00460343388840556145
-0.80000001192092895500 -0.00460686814039945603
-0.79000002145767211900 -0.00461631501093506813
-0.77999997138977050800 -0.00461865216493606568
-0.76999998092651367200 -0.00462090084329247475
-0.75999999046325683600 -0.00462419306859374046
-0.75000000000000000000 -0.00461912900209426880
-0.74000000953674316400 -0.00460790097713470459
-0.73000001907348632800 -0.00461415620520710945
-0.72000002861022949200 -0.00461747078225016594
-0.70999997854232788100 -0.00462404079735279083
-0.69999998807907104500 -0.00462872907519340515
-0.68999999761581420900 -0.00463186297565698624
-0.68000000715255737300 -0.00463309790939092636
-0.67000001668930053700 -0.00462426617741584778
-0.66000002622604370100 -0.00462183216586709023
-0.64999997615814209000 -0.00461964495480060578
-0.63999998569488525400 -0.00460591120645403862
-0.62999999523162841800 -0.00460631120949983597
-0.62000000476837158200 -0.00462666386738419533
-0.61000001430511474600 -0.00463183596730232239
-0.60000002384185791000 -0.00463160593062639237
-0.58999997377395629900 -0.00464287213981151581
-0.57999998331069946300 -0.00463976897299289704
-0.56999999284744262700 -0.00462439889088273049
-0.56000000238418579100 -0.00462934002280235291
-0.55000001192092895500 -0.00462306989356875420
-0.54000002145767211900 -0.00460505718365311623
-0.52999997138977050800 -0.00461860606446862221
-0.51999998092651367200 -0.00462142797186970711
-0.50999999046325683600 -0.00462158909067511559
-0.50000000000000000000 -0.00463060289621353150
-0.49000000953674316400 -0.00463929586112499237
-0.47999998927116394000 -0.00462634023278951645
-0.46999999880790710400 -0.00462418980896472931
-0.46000000834465026800 -0.00462417118251323700
-0.44999998807907104500 -0.00461089005693793297
-0.43999999761581420900 -0.00462095811963081360
-0.43000000715255737300 -0.00462314719334244728
-0.41999998688697814900 -0.00462227314710617066
-0.40999999642372131300 -0.00463328091427683830
-0.40000000596046447700 -0.00463708490133285523
-0.38999998569488525400 -0.00463597197085618973
-0.37999999523162841800 -0.00463808700442314148
-0.37000000476837158200 -0.00462950114160776138
-0.36000001430511474600 -0.00462299492210149765
-0.34999999403953552200 -0.00461829407140612602
-0.34000000357627868600 -0.00461295107379555702
-0.33000001311302185100 -0.00461807800456881523
-0.31999999284744262700 -0.00463008508086204529
-0.31000000238418579100 -0.00463006179779767990
-0.30000001192092895500 -0.00462864898145198822
-0.28999999165534973100 -0.00464491406455636025
-0.28000000119209289500 -0.00462982617318630219
-0.27000001072883606000 -0.00462305592373013497
-0.25999999046325683600 -0.00462675886228680611
-0.25000000000000000000 -0.00460579385980963707
-0.23999999463558197000 -0.00460338313132524490
-0.23000000417232513400 -0.00461809011176228523
-0.21999999880790710400 -0.00461965985596179962
-0.20999999344348907500 -0.00461780792102217674
-0.20000000298023223900 -0.00462825689464807511
-0.18999999761581420900 -0.00462553603574633598
-0.18000000715255737300 -0.00460989307612180710
-0.17000000178813934300 -0.00461407005786895752
-0.15999999642372131300 -0.00459785200655460358
-0.15000000596046447800 -0.00456924689933657646
-0.14000000059604644800 -0.00457931077107787132
-0.12999999523162841800 -0.00458103185519576073
-0.11999999731779098500 -0.00457624020054936409
-0.10999999940395355200 -0.00458932621404528618
-0.10000000149011611900 -0.00458967778831720352
-0.09000000357627868650 -0.00458253500983119011
-0.07999999821186065670 -0.00457639014348387718
-0.07000000029802322390 -0.00457654520869255066
-0.05999999865889549260 -0.00456049013882875443
-0.05000000074505805970 -0.00455587590113282204
-0.03999999910593032840 -0.00455383816733956337
-0.02999999932944774630 -0.00455268099904060364
-0.01999999955296516420 -0.00455458089709281922
-0.00999999977648258210 -0.00455193920060992241
0.00000000000000000000 -0.00455430708825588226
0.00999999977648258210 -0.00455497903749346733
0.01999999955296516420 -0.00453920196741819382
0.02999999932944774630 -0.00453519402071833611
0.03999999910593032840 -0.00453246291726827622
0.05000000074505805970 -0.00451327394694089890
0.05999999865889549260 -0.00451050419360399246
0.07000000029802322390 -0.00452443817630410195
0.07999999821186065670 -0.00451930100098252297
0.09000000357627868650 -0.00451783882454037666
0.10000000149011611900 -0.00452949292957782746
0.10999999940395355200 -0.00451876316219568253
0.11999999731779098500 -0.00449772877618670464
0.12999999523162841800 -0.00451410515233874321
0.14000000059604644800 -0.00449975300580263138
0.15000000596046447800 -0.00448250398039817810
0.15999999642372131300 -0.00449564401060342789
0.17000000178813934300 -0.00448689796030521393
0.18000000715255737300 -0.00448368582874536514
0.18999999761581420900 -0.00448876712471246720
0.20000000298023223900 -0.00448730308562517166
0.20999999344348907500 -0.00446724798530340195
0.21999999880790710400 -0.00445745093747973442
0.23000000417232513400 -0.00444217119365930557
0.23999999463558197000 -0.00441690487787127495
0.25000000000000000000 -0.00440564379096031189
0.25999999046325683600 -0.00439072214066982269
0.27000001072883606000 -0.00437657488510012627
0.28000000119209289500 -0.00436509586870670319
0.28999999165534973100 -0.00434720795601606369
0.30000001192092895500 -0.00432739593088626862
0.31000000238418579100 -0.00430248398333787918
0.31999999284744262700 -0.00425981404259800911
0.33000001311302185100 -0.00421659694984555245
0.34000000357627868600 -0.00417000008746981621
0.34999999403953552200 -0.00411542784422636032
0.36000001430511474600 -0.00406601605936884880
0.37000000476837158200 -0.00401689810678362846
0.37999999523162841800 -0.00395217211917042732
0.38999998569488525400 -0.00387918902561068535
0.40000000596046447700 -0.00380977010354399681
0.40999999642372131300 -0.00371483992785215378
0.41999998688697814900 -0.00361947901546955109
0.43000000715255737300 -0.00351977208629250527
0.43999999761581420900 -0.00339997094124555588
0.44999998807907104500 -0.00329274800606071949
0.46000000834465026800 -0.00318069010972976685
0.46999999880790710400 -0.00305671500973403454
0.47999998927116394000 -0.00292134191840887070
0.49000000953674316400 -0.00279158190824091435
0.50000000000000000000 -0.00264519802294671536
0.50999999046325683600 -0.00249079708009958267
0.51999998092651367200 -0.00234225695021450520
0.52999997138977050800 -0.00218174094334244728
0.54000002145767211900 -0.00201483210548758507
0.55000001192092895500 -0.00185591797344386578
0.56000000238418579100 -0.00169132405426353216
0.56999999284744262700 -0.00152414198964834213
0.57999998331069946300 -0.00135963899083435535
0.58999997377395629900 -0.00118899298831820488
0.60000002384185791000 -0.00101573998108506203
0.61000001430511474600 -0.00085355632472783327
0.62000000476837158200 -0.00067427242174744606
0.62999999523162841800 -0.00050013617146760225
0.63999998569488525400 -0.00032514490885660052
0.64999997615814209000 -0.00015040219295769930
0.66000002622604370100 0.00001729627001623157
0.67000001668930053700 0.00018350139725953341
0.68000000715255737300 0.00036180819733999670
0.68999999761581420900 0.00053679640404880047
0.69999998807907104500 0.00071171030867844820
0.70999997854232788100 0.00088713708100840449
0.72000002861022949200 0.00105762796010822058
0.73000001907348632800 0.00123602198436856270
0.74000000953674316400 0.00141423998866230249
0.75000000000000000000 0.00159445800818502903
0.75999999046325683600 0.00177682098001241684
0.76999998092651367200 0.00196106801740825176
0.77999997138977050800 0.00214862194843590260
0.79000002145767211900 0.00234033609740436077
0.80000001192092895500 0.00253425189293920994
0.81000000238418579100 0.00273185200057923794
0.81999999284744262700 0.00293386797420680523
0.82999998331069946300 0.00314006209373474121
0.83999997377395629900 0.00334944296628236771
0.85000002384185791000 0.00356497289612889290
0.86000001430511474600 0.00378561392426490784
0.87000000476837158200 0.00401200400665402413
0.87999999523162841800 0.00424495013430714607
0.88999998569488525400 0.00448159500956535340
0.89999997615814209000 0.00472455797716975212
0.91000002622604370100 0.00497199082747101784
0.92000001668930053700 0.00522268190979957581
0.93000000715255737300 0.00548087991774082184
0.93999999761581420900 0.00573942298069596291
0.94999998807907104500 0.00600691186264157295
0.95999997854232788100 0.00628216378390789032
0.97000002861022949200 0.00656539108604192734
0.98000001907348632800 0.00685146078467369080
0.99000000953674316400 0.00714457780122756958
1.00000000000000000000 0.00744707277044653893
