-1.00000000000000000000 -0.00454549212008714676
-0.99000000953674316400 -0.00454491190612316132
-0.98000001907348632800 -0.00454102503135800362
-0.97000002861022949200 -0.00452643679454922676
-0.95999997854232788100 -0.00452574715018272400
-0.94999998807907104500 -0.00453857192769646645
-0.93999999761581420900 -0.00453928112983703613
-0.93000000715255737300 -0.00454224785789847374
-0.92000001668930053700 -0.00455500790849328041
-0.91000002622604370100 -0.00454722903668880463
-0.89999997615814209000 -0.00453379005193710327
-0.88999998569488525400 -0.00454268790781497955
-0.87999999523162841800 -0.00452965497970581055
-0.87000000476837158200 -0.00451872684061527252
-0.86000001430511474600 -0.00453092111274600029
-0.85000002384185791000 -0.00453115394338965416
-0.83999997377395629900 -0.00453269109129905701
-0.82999998331069946300 -0.00454298080876469612
-0.81999999284744262700 -0.00454411702230572701
-0.81000000238418579100 -0.00453934399411082268
-0.80000001192092895500 -0.00453293090686202049
-0.79000002145767211900 -0.00453288294374942780
-0.77999997138977050800 -0.00452307006344199181
-0.76999998092651367200 -0.00451946677640080452
-0.75999999046325683600 -0.00452022207900881767
-0.75000000000000000000 -0.00452578300610184670
-0.74000000953674316400 -0.00453648902475833893
-0.73000001907348632800 -0.00453235395252704620
-0.72000002861022949200 -0.00454581808298826218
-0.70999997854232788100 -0.00454410910606384278
-0.69999998807907104500 -0.00453028315678238869
-0.68999999761581420900 -0.00453405594453215599
-0.68000000715255737300 -0.00452736113220453262
-0.67000001668930053700 -0.00451609399169683457
-0.66000002622604370100 -0.00452270917594432831
-0.64999997615814209000 -0.00453384779393672943
-0.63999998569488525400 -0.00453139422461390495
-0.62999999523162841800 -0.00453819101676344872
-0.62000000476837158200 -0.00454681599512696266
-0.61000001430511474600 -0.00453714281320571900
-0.60000002384185791000 -0.00452936021611094475
-0.58999997377395629900 -0.00453512184321880341
-0.57999998331069946300 -0.00451632682234048844
-0.56999999284744262700 -0.00451447721570730210
-0.56000000238418579100 -0.00452353386208415032
-0.55000001192092895500 -0.00452141091227531433
-0.54000002145767211900 -0.00452956184744834900
-0.52999997138977050800 -0.00453398283571004868
-0.51999998092651367200 -0.00453615514561533928
-0.50999999046325683600 -0.00453188410028815270
-0.50000000000000000000 -0.00452648615464568138
-0.49000000953674316400 -0.00452033989131450653
-0.47999998927116394000 -0.00451300479471683502
-0.46999999880790710400 -0.00451126508414745331
-0.46000000834465026800 -0.00450986903160810471
-0.44999998807907104500 -0.00451963394880294800
-0.43999999761581420900 -0.00452244793996214867
-0.43000000715255737300 -0.00452323118224740029
-0.41999998688697814900 -0.00453445781022310257
-0.40999999642372131300 -0.00452907895669341088
-0.40000000596046447700 -0.00451699178665876389
-0.38999998569488525400 -0.00452059600502252579
-0.37999999523162841800 -0.00450579682365059853
-0.37000000476837158200 -0.00449469685554504395
-0.36000001430511474600 -0.00451192492619156838
-0.34999999403953552200 -0.00451074820011854172
-0.34000000357627868600 -0.00451224390417337418
-0.33000001311302185100 -0.00451915478333830834
-0.31999999284744262700 -0.00452441722154617310
-0.31000000238418579100 -0.00451029697433114052
-0.30000001192092895500 -0.00451352819800376892
-0.28999999165534973100 -0.00450790906324982643
-0.28000000119209289500 -0.00448769098147749901
-0.27000001072883606000 -0.00449331803247332573
-0.25999999046325683600 -0.00449626706540584564
-0.25000000000000000000 -0.00449565798044204712
-0.23999999463558197000 -0.00450702989473938942
-0.23000000417232513400 -0.00451039103791117668
-0.21999999880790710400 -0.00450996402651071549
-0.20999999344348907500 -0.00450623687356710434
-0.20000000298023223900 -0.00449911318719387055
-0.18999999761581420900 -0.00448725605383515358
-0.18000000715255737300 -0.00448145112022757530
-0.17000000178813934300 -0.00447755400091409683
-0.15999999642372131300 -0.00448004296049475670
-0.15000000596046447800 -0.00449096318334341049
-0.14000000059604644800 -0.00449149403721094132
-0.12999999523162841800 -0.00448893709108233452
-0.11999999731779098500 -0.00450101820752024651
-0.10999999940395355200 -0.00448758713901042938
-0.10000000149011611900 -0.00448309583589434624
-0.09000000357627868650 -0.00448417384177446366
-0.07999999821186065670 -0.00446228822693228722
-0.07000000029802322390 -0.00445901602506637573
-0.05999999865889549260 -0.00447410298511385918
-0.05000000074505805970 -0.00447196885943412781
-0.03999999910593032840 -0.00446945382282137871
-0.02999999932944774630 -0.00448265299201011658
-0.01999999955296516420 -0.00447607180103659630
-0.00999999977648258210 -0.00447308598086237908
0.00000000000000000000 -0.00448100594803690910
0.00999999977648258210 -0.00447282195091247559
0.01999999955296516420 -0.00445418292656540871
0.02999999932944774630 -0.00445368699729442597
0.03999999910593032840 -0.00445604091510176659
0.05000000074505805970 -0.00445218710228800774
0.05999999865889549260 -0.00446196598932147026
0.07000000029802322390 -0.00445791194215416908
0.07999999821186065670 -0.00445841299369931221
0.09000000357627868650 -0.00445342017337679863
0.10000000149011611900 -0.00444441195577383042
0.10999999940395355200 -0.00442886911332607269
0.11999999731779098500 -0.00442162621766328812
0.12999999523162841800 -0.00441342918202280998
0.14000000059604644800 -0.00441259006038308144
0.15000000596046447800 -0.00442256499081850052
0.15999999642372131300 -0.00441592000424861908
0.17000000178813934300 -0.00441298494115471840
0.18000000715255737300 -0.00441882107406854630
0.18999999761581420900 -0.00440260581672191620
0.20000000298023223900 -0.00439063599333167076
0.20999999344348907500 -0.00438377587124705315
0.21999999880790710400 -0.00435593584552407265
0.23000000417232513400 -0.00434523494914174080
0.23999999463558197000 -0.00435007596388459206
0.25000000000000000000 -0.00433706399053335190
0.25999999046325683600 -0.00432519009336829186
0.27000001072883606000 -0.00432096607983112335
0.28000000119209289500 -0.00430201785638928414
0.28999999165534973100 -0.00427228398621082306
0.30000001192092895500 -0.00425948714837431908
0.31000000238418579100 -0.00422532996162772179
0.31999999284744262700 -0.00418031215667724610
0.33000001311302185100 -0.00415829196572303772
0.34000000357627868600 -0.00412252591922879219
0.34999999403953552200 -0.00408328184857964516
0.36000001430511474600 -0.00404504314064979553
0.37000000476837158200 -0.00399525789543986321
0.37999999523162841800 -0.00393203180283308029
0.38999998569488525400 -0.00386623595841228962
0.40000000596046447700 -0.00378793198615312576
0.40999999642372131300 -0.00370246404781937599
0.41999998688697814900 -0.00361175602301955223
0.43000000715255737300 -0.00351733993738889694
0.43999999761581420900 -0.00341826304793357849
0.44999998807907104500 -0.00331688905134797096
0.46000000834465026800 -0.00320142600685358048
0.46999999880790710400 -0.00308102904818952084
0.47999998927116394000 -0.00295829400420188904
0.49000000953674316400 -0.00281389197334647179
0.50000000000000000000 -0.00267306994646787644
0.50999999046325683600 -0.00252765393815934658
0.51999998092651367200 -0.00236866506747901440
0.52999997138977050800 -0.00221509207040071488
0.54000002145767211900 -0.00206200801767408848
0.55000001192092895500 -0.00189913401845842600
0.56000000238418579100 -0.00173234997782856226
0.56999999284744262700 -0.00156953802797943354
0.57999998331069946300 -0.00139556895010173321
0.58999997377395629900 -0.00121811102144420147
0.60000002384185791000 -0.00104772497434169054
0.61000001430511474600 -0.00088154809782281518
0.62000000476837158200 -0.00069792621070519090
0.62999999523162841800 -0.00051944202277809382
0.63999998569488525400 -0.00033860548865050077
0.64999997615814209000 -0.00015638509648852050
0.66000002622604370100 0.00001577586044732016
0.67000001668930053700 0.00019284999871160835
0.68000000715255737300 0.00037688319571316242
0.68999999761581420900 0.00055967160733416677
0.69999998807907104500 0.00074282480636611581
0.70999997854232788100 0.00092514051357284188
0.72000002861022949200 0.00110514194238930941
0.73000001907348632800 0.00129217398352921009
0.74000000953674316400 0.00147826294414699078
0.75000000000000000000 0.00166674400679767132
0.75999999046325683600 0.00185680401045829058
0.76999998092651367200 0.00204815692268311977
0.77999997138977050800 0.00224335188977420330
0.79000002145767211900 0.00244084396399557591
0.80000001192092895500 0.00263837189413607121
0.81000000238418579100 0.00284256204031407833
0.81999999284744262700 0.00304859201423823834
0.82999998331069946300 0.00325558008626103401
0.83999997377395629900 0.00347080710344016552
0.85000002384185791000 0.00368841504678130150
0.86000001430511474600 0.00391079392284154892
0.87000000476837158200 0.00413954397663474083
0.87999999523162841800 0.00437147310003638268
0.88999998569488525400 0.00460683088749647141
0.89999997615814209000 0.00484790420159697533
0.91000002622604370100 0.00509203877300024033
0.92000001668930053700 0.00533976498991250992
0.93000000715255737300 0.00559278484433889389
0.93999999761581420900 0.00585248321294784546
0.94999998807907104500 0.00611480511724948883
0.95999997854232788100 0.00638733897358179093
0.97000002861022949200 0.00666191801428794861
0.98000001907348632800 0.00694143585860729218
0.99000000953674316400 0.00722707621753215790
1.00000000000000000000 0.00751122413203120232
