-1.00000000000000000000 -0.00449566403403878212
-0.99000000953674316400 -0.00449905497953295708
-0.98000001907348632800 -0.00450356118381023407
-0.97000002861022949200 -0.00451399898156523705
-0.95999997854232788100 -0.00450508203357458115
-0.94999998807907104500 -0.00450116489082574844
-0.93999999761581420900 -0.00450744619593024254
-0.93000000715255737300 -0.00449790479615330696
-0.92000001668930053700 -0.00449815299361944199
-0.91000002622604370100 -0.00449826894327998161
-0.89999997615814209000 -0.00450314395129680634
-0.88999998569488525400 -0.00451473100110888481
-0.87999999523162841800 -0.00451644882559776306
-0.87000000476837158200 -0.00451803207397460938
-0.86000001430511474600 -0.00451956689357757568
-0.85000002384185791000 -0.00451561808586120606
-0.83999997377395629900 -0.00451983185485005379
-0.82999998331069946300 -0.00451524695381522179
-0.81999999284744262700 -0.00450816005468368530
-0.81000000238418579100 -0.00451060803607106209
-0.80000001192092895500 -0.00452177319675683975
-0.79000002145767211900 -0.00452956184744834900
-0.77999997138977050800 -0.00453375698998570442
-0.76999998092651367200 -0.00455180089920759201
-0.75999999046325683600 -0.00454106880351901055
-0.75000000000000000000 -0.00453077722340822220
-0.74000000953674316400 -0.00454009789973497391
-0.73000001907348632800 -0.00452406192198395729
-0.72000002861022949200 -0.00451263086870312691
-0.70999997854232788100 -0.00452427612617611885
-0.69999998807907104500 -0.00452954787760972977
-0.68999999761581420900 -0.00452698906883597374
-0.68000000715255737300 -0.00454027298837900162
-0.67000001668930053700 -0.00454067299142479897
-0.66000002622604370100 -0.00453358003869652748
-0.64999997615814209000 -0.00453495886176824570
-0.63999998569488525400 -0.00453158514574170113
-0.62999999523162841800 -0.00451412983238697052
-0.62000000476837158200 -0.00451643113046884537
-0.61000001430511474600 -0.00452030682936310768
-0.60000002384185791000 -0.00451906304806470871
-0.58999997377395629900 -0.00453255698084831238
-0.57999998331069946300 -0.00453344685956835747
-0.56999999284744262700 -0.00453510088846087456
-0.56000000238418579100 -0.00453408295288681984
-0.55000001192092895500 -0.00452488195151090622
-0.54000002145767211900 -0.00452096480876207352
-0.52999997138977050800 -0.00451607583090662956
-0.51999998092651367200 -0.00451014377176761627
-0.50999999046325683600 -0.00451138522475957871
-0.50000000000000000000 -0.00452414387837052345
-0.49000000953674316400 -0.00452288379892706871
-0.47999998927116394000 -0.00452466122806072235
-0.46999999880790710400 -0.00453834095969796181
-0.46000000834465026800 -0.00452843587845563889
-0.44999998807907104500 -0.00452054990455508232
-0.43999999761581420900 -0.00452430779114365578
-0.43000000715255737300 -0.00450245896354317665
-0.41999998688697814900 -0.00450421404093503952
-0.40999999642372131300 -0.00451714312657713890
-0.40000000596046447700 -0.00451446184888482094
-0.38999998569488525400 -0.00451673101633787155
-0.37999999523162841800 -0.00452768709510564804
-0.37000000476837158200 -0.00452841678634285927
-0.36000001430511474600 -0.00451821694150567055
-0.34999999403953552200 -0.00452502584084868431
-0.34000000357627868600 -0.00451660389080643654
-0.33000001311302185100 -0.00449808314442634583
-0.31999999284744262700 -0.00450755003839731217
-0.31000000238418579100 -0.00450892699882388115
-0.30000001192092895500 -0.00451205391436815262
-0.28999999165534973100 -0.00452300906181335449
-0.28000000119209289500 -0.00452379090711474419
-0.27000001072883606000 -0.00452573504298925400
-0.25999999046325683600 -0.00452534621581435204
-0.25000000000000000000 -0.00451896898448467255
-0.23999999463558197000 -0.00451164878904819489
-0.23000000417232513400 -0.00450621685013175011
-0.21999999880790710400 -0.00450078817084431648
-0.20999999344348907500 -0.00450569298118352890
-0.20000000298023223900 -0.00451636500656604767
-0.18999999761581420900 -0.00451722601428627968
-0.18000000715255737300 -0.00451444694772362709
-0.17000000178813934300 -0.00452780397608876228
-0.15999999642372131300 -0.00451292376965284348
-0.15000000596046447800 -0.00451215822249650955
-0.14000000059604644800 -0.00451101781800389290
-0.12999999523162841800 -0.00448849890381097794
-0.11999999731779098500 -0.00449147401377558708
-0.10999999940395355200 -0.00450115790590643883
-0.10000000149011611900 -0.00450167478993535042
-0.09000000357627868650 -0.00449934415519237518
-0.07999999821186065670 -0.00451172189787030220
-0.07000000029802322390 -0.00450773211196064949
-0.05999999865889549260 -0.00449504191055893898
-0.05000000074505805970 -0.00450494000688195229
-0.03999999910593032840 -0.00449161184951663017
-0.02999999932944774630 -0.00447583803907036781
-0.01999999955296516420 -0.00448488490656018257
-0.00999999977648258210 -0.00449053198099136353
0.00000000000000000000 -0.00448668887838721275
0.00999999977648258210 -0.00449594482779502869
0.01999999955296516420 -0.00449243094772100449
0.02999999932944774630 -0.00449133291840553284
0.03999999910593032840 -0.00448986189439892769
0.05000000074505805970 -0.00448280898854136467
0.05999999865889549260 -0.00447160704061388970
0.07000000029802322390 -0.00445994688197970390
0.07999999821186065670 -0.00446193479001522064
0.09000000357627868650 -0.00445660715922713280
0.10000000149011611900 -0.00446897884830832482
0.10999999940395355200 -0.00446429522708058357
0.11999999731779098500 -0.00446512317284941673
0.12999999523162841800 -0.00447255512699484825
0.14000000059604644800 -0.00445666583254933357
0.15000000596046447800 -0.00445190398022532463
0.15999999642372131300 -0.00444889487698674202
0.17000000178813934300 -0.00442619901150465012
0.18000000715255737300 -0.00442072981968522072
0.18999999761581420900 -0.00443339394405484200
0.20000000298023223900 -0.00442822417244315148
0.20999999344348907500 -0.00442299991846084595
0.21999999880790710400 -0.00442826421931385994
0.23000000417232513400 -0.00441439216956496239
0.23999999463558197000 -0.00439378386363387108
0.25000000000000000000 -0.00439641484990715981
0.25999999046325683600 -0.00437510618939995766
0.27000001072883606000 -0.00434878608211874962
0.28000000119209289500 -0.00434663705527782440
0.28999999165534973100 -0.00433214195072650910
0.30000001192092895500 -0.00431657209992408753
0.31000000238418579100 -0.00430520111694931984
0.31999999284744262700 -0.00428562192246317864
0.33000001311302185100 -0.00425247801467776299
0.34000000357627868600 -0.00421992689371109009
0.34999999403953552200 -0.00419074716046452522
0.36000001430511474600 -0.00414533680304884911
0.37000000476837158200 -0.00409557810053229332
0.37999999523162841800 -0.00404846901074051857
0.38999998569488525400 -0.00399623299017548561
0.40000000596046447700 -0.00394138600677251816
0.40999999642372131300 -0.00387543602846562863
0.41999998688697814900 -0.00380348297767341137
0.43000000715255737300 -0.00372228608466684818
0.43999999761581420900 -0.00362267508171498776
0.44999998807907104500 -0.00352624710649251938
0.46000000834465026800 -0.00342006492428481579
0.46999999880790710400 -0.00329697900451719761
0.47999998927116394000 -0.00318322493694722653
0.49000000953674316400 -0.00306309410370886326
0.50000000000000000000 -0.00293090194463729858
0.50999999046325683600 -0.00279190391302108765
0.51999998092651367200 -0.00265442300587892532
0.52999997138977050800 -0.00249714404344558716
0.54000002145767211900 -0.00233801896683871746
0.55000001192092895500 -0.00218109297566115856
0.56000000238418579100 -0.00201269495300948620
0.56999999284744262700 -0.00184333894867449999
0.57999998331069946300 -0.00167777005117386580
0.58999997377395629900 -0.00150619004853069782
0.60000002384185791000 -0.00133401504717767239
0.61000001430511474600 -0.00116205296944826841
0.62000000476837158200 -0.00099707127083092928
0.62999999523162841800 -0.00081269751535728574
0.63999998569488525400 -0.00063492107437923551
0.64999997615814209000 -0.00045525480527430773
0.66000002622604370100 -0.00027692891308106482
0.67000001668930053700 -0.00011329609696986154
0.68000000715255737300 0.00006486580241471529
0.68999999761581420900 0.00024365339777432382
0.69999998807907104500 0.00042869048775173724
0.70999997854232788100 0.00061253597959876061
0.72000002861022949200 0.00079696177272126079
0.73000001907348632800 0.00098298618104308844
0.74000000953674316400 0.00116394099313765764
0.75000000000000000000 0.00135617400519549847
0.75999999046325683600 0.00154980702791363001
0.76999998092651367200 0.00174567697104066610
0.77999997138977050800 0.00194408802781254053
0.79000002145767211900 0.00214676908217370510
0.80000001192092895500 0.00235285004600882530
0.81000000238418579100 0.00256263697519898415
0.81999999284744262700 0.00277832499705255032
0.82999998331069946300 0.00299997697584331036
0.83999997377395629900 0.00322722690179944038
0.85000002384185791000 0.00346315605565905571
0.86000001430511474600 0.00370005308650434017
0.87000000476837158200 0.00394703121855854988
0.87999999523162841800 0.00419598212465643883
0.88999998569488525400 0.00444812281057238579
0.89999997615814209000 0.00471252901479601860
0.91000002622604370100 0.00498112197965383530
0.92000001668930053700 0.00525399902835488320
0.93000000715255737300 0.00553688919171690941
0.93999999761581420900 0.00583272613584995270
0.94999998807907104500 0.00612762384116649628
0.95999997854232788100 0.00642666686326265335
0.97000002861022949200 0.00674264784902334214
0.98000001907348632800 0.00705202901735901833
0.99000000953674316400 0.00736910989508032799
1.00000000000000000000 0.00770131405442953110
