-1.00000000000000000000 -0.00476800603792071343
-0.99000000953674316400 -0.00475660897791385651
-0.98000001907348632800 -0.00476755714043974877
-0.97000002861022949200 -0.00475020892918109894
-0.95999997854232788100 -0.00473845191299915314
-0.94999998807907104500 -0.00475572608411312103
-0.93999999761581420900 -0.00475765019655227661
-0.93000000715255737300 -0.00475602922961115837
-0.92000001668930053700 -0.00477315485477447510
-0.91000002622604370100 -0.00477403216063976288
-0.89999997615814209000 -0.00476592918857932091
-0.88999998569488525400 -0.00476301787421107292
-0.87999999523162841800 -0.00477096484974026680
-0.87000000476837158200 -0.00475791003555059433
-0.86000001430511474600 -0.00475584901869297028
-0.85000002384185791000 -0.00476057222113013268
-0.83999997377395629900 -0.00475989514961838722
-0.82999998331069946300 -0.00477630412206053734
-0.81999999284744262700 -0.00477278791368007660
-0.81000000238418579100 -0.00477684522047638893
-0.80000001192092895500 -0.00477887410670518875
-0.79000002145767211900 -0.00476270215585827828
-0.77999997138977050800 -0.00476389518007636070
-0.76999998092651367200 -0.00476348679512739182
-0.75999999046325683600 -0.00474498700350522995
-0.75000000000000000000 -0.00474497815594077110
-0.74000000953674316400 -0.00476363813504576683
-0.73000001907348632800 -0.00476989988237619400
-0.72000002861022949200 -0.00477312691509723663
-0.70999997854232788100 -0.00478941900655627251
-0.69999998807907104500 -0.00478177098557353020
-0.68999999761581420900 -0.00476351706311106682
-0.68000000715255737300 -0.00478057982400059700
-0.67000001668930053700 -0.00476666819304227829
-0.66000002622604370100 -0.00474573299288749695
-0.64999997615814209000 -0.00476682512089610100
-0.63999998569488525400 -0.00476591382175683975
-0.62999999523162841800 -0.00476647401228547096
-0.62000000476837158200 -0.00477897422388195992
-0.61000001430511474600 -0.00478281406685709953
-0.60000002384185791000 -0.00477480702102184296
-0.58999997377395629900 -0.00477590691298246384
-0.57999998331069946300 -0.00477203307673335076
-0.56999999284744262700 -0.00476201716810464859
-0.56000000238418579100 -0.00476088980212807656
-0.55000001192092895500 -0.00475553516298532486
-0.54000002145767211900 -0.00475942390039563179
-0.52999997138977050800 -0.00477247685194015503
-0.51999998092651367200 -0.00477510504424571991
-0.50999999046325683600 -0.00477598607540130615
-0.50000000000000000000 -0.00478827208280563355
-0.49000000953674316400 -0.00477436417713761330
-0.47999998927116394000 -0.00477117998525500298
-0.46999999880790710400 -0.00477737188339233399
-0.46000000834465026800 -0.00475248415023088455
-0.44999998807907104500 -0.00475644506514072418
-0.43999999761581420900 -0.00476771313697099686
-0.43000000715255737300 -0.00476720603182911873
-0.41999998688697814900 -0.00476831290870904923
-0.40999999642372131300 -0.00478374585509300232
-0.40000000596046447700 -0.00477774813771247864
-0.38999998569488525400 -0.00476946821436285973
-0.37999999523162841800 -0.00477890577167272568
-0.37000000476837158200 -0.00476694991812109947
-0.36000001430511474600 -0.00474645802751183510
-0.34999999403953552200 -0.00475519383326172829
-0.34000000357627868600 -0.00475869001820683479
-0.33000001311302185100 -0.00475748023018240929
-0.31999999284744262700 -0.00476993992924690247
-0.31000000238418579100 -0.00476722884923219681
-0.30000001192092895500 -0.00476652802899479866
-0.28999999165534973100 -0.00476751523092389107
-0.28000000119209289500 -0.00475858896970748902
-0.27000001072883606000 -0.00475212419405579567
-0.25999999046325683600 -0.00474351085722446442
-0.25000000000000000000 -0.00474028289318084717
-0.23999999463558197000 -0.00473880209028720856
-0.23000000417232513400 -0.00475797709077596665
-0.21999999880790710400 -0.00476361997425556183
-0.20999999344348907500 -0.00476424489170312882
-0.20000000298023223900 -0.00477599678561091423
-0.18999999761581420900 -0.00476642698049545288
-0.18000000715255737300 -0.00475186109542846680
-0.17000000178813934300 -0.00476178992539644242
-0.15999999642372131300 -0.00474549410864710808
-0.15000000596046447800 -0.00473782792687416077
-0.14000000059604644800 -0.00475041288882493973
-0.12999999523162841800 -0.00475115701556205750
-0.11999999731779098500 -0.00475168507546186447
-0.10999999940395355200 -0.00476423185318708420
-0.10000000149011611900 -0.00476989801973104477
-0.09000000357627868650 -0.00475529395043849945
-0.07999999821186065670 -0.00475598592311143875
-0.07000000029802322390 -0.00474967295303940773
-0.05999999865889549260 -0.00473496597260236740
-0.05000000074505805970 -0.00473762210458517075
-0.03999999910593032840 -0.00473486678674817085
-0.02999999932944774630 -0.00473749917000532150
-0.01999999955296516420 -0.00474663497880101204
-0.00999999977648258210 -0.00474732415750622749
0.00000000000000000000 -0.00475223222747445107
0.00999999977648258210 -0.00475356914103031159
0.01999999955296516420 -0.00473705306649208069
0.02999999932944774630 -0.00473570777103304863
0.03999999910593032840 -0.00473431078717112541
0.05000000074505805970 -0.00471176300197839737
0.05999999865889549260 -0.00471396977081894875
0.07000000029802322390 -0.00472587207332253456
0.07999999821186065670 -0.00472600804641842842
0.09000000357627868650 -0.00472217798233032227
0.10000000149011611900 -0.00473727518692612648
0.10999999940395355200 -0.00472553214058279991
0.11999999731779098500 -0.00470950314775109291
0.12999999523162841800 -0.00472033210098743439
0.14000000059604644800 -0.00470398785546422005
0.15000000596046447800 -0.00467916205525398255
0.15999999642372131300 -0.00468950998038053513
0.17000000178813934300 -0.00468315696343779564
0.18000000715255737300 -0.00467830803245306015
0.18999999761581420900 -0.00468559097498655319
0.20000000298023223900 -0.00468002585694193840
0.20999999344348907500 -0.00466956011950969696
0.21999999880790710400 -0.00465506222099065781
0.23000000417232513400 -0.00464365305379033089
0.23999999463558197000 -0.00462957099080085755
0.25000000000000000000 -0.00460703996941447258
0.25999999046325683600 -0.00459127407521009445
0.27000001072883606000 -0.00458016619086265564
0.28000000119209289500 -0.00457500480115413666
0.28999999165534973100 -0.00455125793814659119
0.30000001192092895500 -0.00453493185341358185
0.31000000238418579100 -0.00451484089717268944
0.31999999284744262700 -0.00447110878303647041
0.33000001311302185100 -0.00443643098697066307
0.34000000357627868600 -0.00439899507910013199
0.34999999403953552200 -0.00433894386515021324
0.36000001430511474600 -0.00429293094202876091
0.37000000476837158200 -0.00424796715378761292
0.37999999523162841800 -0.00417761784046888352
0.38999998569488525400 -0.00411671120673418045
0.40000000596046447700 -0.00404645781964063645
0.40999999642372131300 -0.00396412983536720276
0.41999998688697814900 -0.00386720802634954453
0.43000000715255737300 -0.00377492001280188561
0.43999999761581420900 -0.00366060691885650158
0.44999998807907104500 -0.00353695498779416084
0.46000000834465026800 -0.00342246191576123238
0.46999999880790710400 -0.00328696588985621929
0.47999998927116394000 -0.00315595907159149647
0.49000000953674316400 -0.00301442691124975681
0.50000000000000000000 -0.00286498898640275002
0.50999999046325683600 -0.00271275988779962063
0.51999998092651367200 -0.00254645105451345444
0.52999997138977050800 -0.00237227999605238438
0.54000002145767211900 -0.00219933805055916309
0.55000001192092895500 -0.00201637507416307926
0.56000000238418579100 -0.00183355098124593496
0.56999999284744262700 -0.00165403401479125023
0.57999998331069946300 -0.00146834901534020901
0.58999997377395629900 -0.00127859599888324738
0.60000002384185791000 -0.00108887895476073027
0.61000001430511474600 -0.00090558052761480212
0.62000000476837158200 -0.00070320087252184749
0.62999999523162841800 -0.00050661858404055238
0.63999998569488525400 -0.00031059939647093415
0.64999997615814209000 -0.00011091619671788067
0.66000002622604370100 0.00008136456744978204
0.67000001668930053700 0.00027272928855381906
0.68000000715255737300 0.00047674510278739035
0.68999999761581420900 0.00068017531884834170
0.69999998807907104500 0.00088463257998228073
0.70999997854232788100 0.00108166201971471310
0.72000002861022949200 0.00129133602604269981
0.73000001907348632800 0.00150187499821186066
0.74000000953674316400 0.00171330699231475592
0.75000000000000000000 0.00192828499712049961
0.75999999046325683600 0.00214672600850462914
0.76999998092651367200 0.00236582895740866661
0.77999997138977050800 0.00259124208241701126
0.79000002145767211900 0.00282267597503960133
0.80000001192092895500 0.00305677508004009724
0.81000000238418579100 0.00329678808338940144
0.81999999284744262700 0.00354373408481478691
0.82999998331069946300 0.00379486288875341416
0.83999997377395629900 0.00404820078983902931
0.85000002384185791000 0.00431214412674307823
0.86000001430511474600 0.00457602599635720253
0.87000000476837158200 0.00484473397955298424
0.87999999523162841800 0.00512794498354196549
0.88999998569488525400 0.00541003188118338585
0.89999997615814209000 0.00570444017648696900
0.91000002622604370100 0.00600715307518839836
0.92000001668930053700 0.00631129881367087364
0.93000000715255737300 0.00662402389571070671
0.93999999761581420900 0.00694179302081465721
0.94999998807907104500 0.00726309278979897499
0.95999997854232788100 0.00759267015382647515
0.97000002861022949200 0.00792696326971054077
0.98000001907348632800 0.00826281588524580002
0.99000000953674316400 0.00861851684749126435
1.00000000000000000000 0.00898037198930978775
