-1.00000000000000000000 -0.00473254499956965447
-0.99000000953674316400 -0.00475188111886382103
-0.98000001907348632800 -0.00474762590602040291
-0.97000002861022949200 -0.00475229788571596146
-0.95999997854232788100 -0.00476542999967932701
-0.94999998807907104500 -0.00476638786494731903
-0.93999999761581420900 -0.00476355990394949913
-0.93000000715255737300 -0.00476675992831587792
-0.92000001668930053700 -0.00475795380771160126
-0.91000002622604370100 -0.00475033791735768318
-0.89999997615814209000 -0.00474173389375209808
-0.88999998569488525400 -0.00474022421985864639
-0.87999999523162841800 -0.00474348710849881172
-0.87000000476837158200 -0.00475563807412981987
-0.86000001430511474600 -0.00475571490824222565
-0.85000002384185791000 -0.00475510396063327789
-0.83999997377395629900 -0.00477581610903143883
-0.82999998331069946300 -0.00475454097613692284
-0.81999999284744262700 -0.00475265691056847572
-0.81000000238418579100 -0.00475554214790463448
-0.80000001192092895500 -0.00473137386143207550
-0.79000002145767211900 -0.00473440298810601235
-0.77999997138977050800 -0.00474667409434914589
-0.76999998092651367200 -0.00474808085709810257
-0.75999999046325683600 -0.00474731903523206711
-0.75000000000000000000 -0.00476228492334485054
-0.74000000953674316400 -0.00475959992036223412
-0.73000001907348632800 -0.00475118821486830712
-0.72000002861022949200 -0.00475810095667839050
-0.70999997854232788100 -0.00474747922271490097
-0.69999998807907104500 -0.00472793914377689362
-0.68999999761581420900 -0.00473758298903703690
-0.68000000715255737300 -0.00473958579823374748
-0.67000001668930053700 -0.00473729893565177918
-0.66000002622604370100 -0.00475557893514633179
-0.64999997615814209000 -0.00475808698683977127
-0.63999998569488525400 -0.00475449580699205399
-0.62999999523162841800 -0.00475600082427263260
-0.62000000476837158200 -0.00474431598559021950
-0.61000001430511474600 -0.00474171806126832962
-0.60000002384185791000 -0.00473493197932839394
-0.58999997377395629900 -0.00472699012607336044
-0.57999998331069946300 -0.00473111821338534355
-0.56999999284744262700 -0.00474576000124216080
-0.56000000238418579100 -0.00474428199231624603
-0.55000001192092895500 -0.00474370503798127175
-0.54000002145767211900 -0.00475982297211885452
-0.52999997138977050800 -0.00474958820268511772
-0.51999998092651367200 -0.00473676482215523720
-0.50999999046325683600 -0.00474492181092500687
-0.50000000000000000000 -0.00472742505371570587
-0.49000000953674316400 -0.00472197122871875763
-0.47999998927116394000 -0.00473764585331082344
-0.46999999880790710400 -0.00473628286272287369
-0.46000000834465026800 -0.00474193086847662926
-0.44999998807907104500 -0.00475235795602202416
-0.43999999761581420900 -0.00475692981854081154
-0.43000000715255737300 -0.00474413996562361717
-0.41999998688697814900 -0.00474466988816857338
-0.40999999642372131300 -0.00473931012675166130
-0.40000000596046447700 -0.00472539896145462990
-0.38999998569488525400 -0.00473073404282331467
-0.37999999523162841800 -0.00472556799650192261
-0.37000000476837158200 -0.00473148003220558167
-0.36000001430511474600 -0.00473970221355557442
-0.34999999403953552200 -0.00473995180800557137
-0.34000000357627868600 -0.00474367896094918251
-0.33000001311302185100 -0.00474727014079689980
-0.31999999284744262700 -0.00473110377788543701
-0.31000000238418579100 -0.00473355408757925034
-0.30000001192092895500 -0.00472712516784667969
-0.28999999165534973100 -0.00471349712461233139
-0.28000000119209289500 -0.00471806013956665993
-0.27000001072883606000 -0.00473077502101659775
-0.25999999046325683600 -0.00472917687147855759
-0.25000000000000000000 -0.00473014777526259422
-0.23999999463558197000 -0.00474484590813517571
-0.23000000417232513400 -0.00473164720460772514
-0.21999999880790710400 -0.00472197122871875763
-0.20999999344348907500 -0.00473106512799859047
-0.20000000298023223900 -0.00471812486648559570
-0.18999999761581420900 -0.00470532197505235672
-0.18000000715255737300 -0.00471612578257918358
-0.17000000178813934300 -0.00471822405233979225
-0.15999999642372131300 -0.00472072418779134751
-0.15000000596046447800 -0.00473062600940465927
-0.14000000059604644800 -0.00473045185208320618
-0.12999999523162841800 -0.00472683878615498543
-0.11999999731779098500 -0.00471977284178137779
-0.10999999940395355200 -0.00471582403406500816
-0.10000000149011611900 -0.00470857322216033936
-0.09000000357627868650 -0.00469821412116289139
-0.07999999821186065670 -0.00469857780262827873
-0.07000000029802322390 -0.00470285210758447647
-0.05999999865889549260 -0.00471157906576991081
-0.05000000074505805970 -0.00470906309783458710
-0.03999999910593032840 -0.00471688201650977135
-0.02999999932944774630 -0.00471696490421891213
-0.01999999955296516420 -0.00470068817958235741
-0.00999999977648258210 -0.00470235198736190796
0.00000000000000000000 -0.00469880783930420876
0.00999999977648258210 -0.00468086078763008118
0.01999999955296516420 -0.00467631779611110687
0.02999999932944774630 -0.00469416799023747444
0.03999999910593032840 -0.00468765106052160263
0.05000000074505805970 -0.00468823779374361038
0.05999999865889549260 -0.00469865882769227028
0.07000000029802322390 -0.00470068398863077164
0.07999999821186065670 -0.00468591181561350823
0.09000000357627868650 -0.00469139916822314263
0.10000000149011611900 -0.00467809522524476051
0.10999999940395355200 -0.00465587386861443520
0.11999999731779098500 -0.00466042896732687950
0.12999999523162841800 -0.00465728016570210457
0.14000000059604644800 -0.00465913303196430206
0.15000000596046447800 -0.00466391118243336678
0.15999999642372131300 -0.00465832697227597237
0.17000000178813934300 -0.00465499376878142357
0.18000000715255737300 -0.00464431894943118096
0.18999999761581420900 -0.00463327299803495407
0.20000000298023223900 -0.00462283287197351456
0.20999999344348907500 -0.00459886621683835983
0.21999999880790710400 -0.00458824308589100838
0.23000000417232513400 -0.00458765123039484024
0.23999999463558197000 -0.00458144210278987885
0.25000000000000000000 -0.00457009905949234963
0.25999999046325683600 -0.00456863921135663986
0.27000001072883606000 -0.00455847103148698807
0.28000000119209289500 -0.00452654715627431870
0.28999999165534973100 -0.00450416794046759606
0.30000001192092895500 -0.00447785109281539917
0.31000000238418579100 -0.00442900788038969040
0.31999999284744262700 -0.00440377602353692055
0.33000001311302185100 -0.00437332177534699440
0.34000000357627868600 -0.00433347094804048538
0.34999999403953552200 -0.00429314887151122093
0.36000001430511474600 -0.00424759602174162865
0.37000000476837158200 -0.00418839091435074806
0.37999999523162841800 -0.00412322022020816803
0.38999998569488525400 -0.00405734498053789139
0.40000000596046447700 -0.00397109799087047577
0.40999999642372131300 -0.00387836596928536892
0.41999998688697814900 -0.00378705491311848164
0.43000000715255737300 -0.00368806603364646435
0.43999999761581420900 -0.00358664710074663162
0.44999998807907104500 -0.00347533589228987694
0.46000000834465026800 -0.00334958196617662907
0.46999999880790710400 -0.00322662806138396263
0.47999998927116394000 -0.00308719696477055550
0.49000000953674316400 -0.00294013088569045067
0.50000000000000000000 -0.00279241404496133328
0.50999999046325683600 -0.00262905098497867584
0.51999998092651367200 -0.00246672891080379486
0.52999997138977050800 -0.00230908603407442570
0.54000002145767211900 -0.00214197300374507904
0.55000001192092895500 -0.00196773209609091282
0.56000000238418579100 -0.00179614801891148090
0.56999999284744262700 -0.00161755701992660761
0.57999998331069946300 -0.00143233500421047211
0.58999997377395629900 -0.00125038099940866232
0.60000002384185791000 -0.00106379296630620956
0.61000001430511474600 -0.00089367048349231482
0.62000000476837158200 -0.00069794262526556850
0.62999999523162841800 -0.00050858408212661743
0.63999998569488525400 -0.00031629728619009256
0.64999997615814209000 -0.00012589230027515441
0.66000002622604370100 0.00005301748024066910
0.67000001668930053700 0.00023873550526332110
0.68000000715255737300 0.00043340379488654435
0.68999999761581420900 0.00062813627300783992
0.69999998807907104500 0.00082143698818981648
0.70999997854232788100 0.00101521494798362255
0.72000002861022949200 0.00120524503290653229
0.73000001907348632800 0.00140541105065494776
0.74000000953674316400 0.00160587497521191835
0.75000000000000000000 0.00180971797090023756
0.75999999046325683600 0.00201578810811042786
0.76999998092651367200 0.00222513289190828800
0.77999997138977050800 0.00243987306021153927
0.79000002145767211900 0.00265648192726075649
0.80000001192092895500 0.00287643307819962502
0.81000000238418579100 0.00310375704430043697
0.81999999284744262700 0.00333294994197785854
0.82999998331069946300 0.00356443994678556919
0.83999997377395629900 0.00380838895216584206
0.85000002384185791000 0.00405477220192551613
0.86000001430511474600 0.00430759694427251816
0.87000000476837158200 0.00456719519570469856
0.87999999523162841800 0.00483084004372358322
0.88999998569488525400 0.00510083278641104698
0.89999997615814209000 0.00537355383858084679
0.91000002622604370100 0.00565425818786025047
0.92000001668930053700 0.00593882193788886070
0.93000000715255737300 0.00622609211131930351
0.93999999761581420900 0.00652400404214859009
0.94999998807907104500 0.00683141779154539108
0.95999997854232788100 0.00714499177411198616
0.97000002861022949200 0.00746007077395915985
0.98000001907348632800 0.00778830610215663910
0.99000000953674316400 0.00811700057238340378
1.00000000000000000000 0.00844516418874263764
