-1.00000000000000000000 -0.00482622906565666199
-0.99000000953674316400 -0.00483046984300017357
-0.98000001907348632800 -0.00481537310406565666
-0.97000002861022949200 -0.00482159899547696114
-0.95999997854232788100 -0.00481575308367609978
-0.94999998807907104500 -0.00479711685329675675
-0.93999999761581420900 -0.00480126217007637024
-0.93000000715255737300 -0.00480664614588022232
-0.92000001668930053700 -0.00480591598898172379
-0.91000002622604370100 -0.00481945509091019631
-0.89999997615814209000 -0.00482180202379822731
-0.88999998569488525400 -0.00482335593551397324
-0.87999999523162841800 -0.00482581183314323425
-0.87000000476837158200 -0.00481730978935956955
-0.86000001430511474600 -0.00480780005455017090
-0.85000002384185791000 -0.00480630295351147652
-0.83999997377395629900 -0.00479826983064413071
-0.82999998331069946300 -0.00480314576998353005
-0.81999999284744262700 -0.00481574516743421555
-0.81000000238418579100 -0.00481842504814267159
-0.80000001192092895500 -0.00481323990970849991
-0.79000002145767211900 -0.00483455089852213860
-0.77999997138977050800 -0.00482167396694421768
-0.76999998092651367200 -0.00481079192832112312
-0.75999999046325683600 -0.00481939082965254784
-0.75000000000000000000 -0.00479995179921388626
-0.74000000953674316400 -0.00478996615856885910
-0.73000001907348632800 -0.00480777397751808167
-0.72000002861022949200 -0.00480889901518821716
-0.70999997854232788100 -0.00480944616720080376
-0.69999998807907104500 -0.00482216197997331619
-0.68999999761581420900 -0.00482101086527109146
-0.68000000715255737300 -0.00481279706582427025
-0.67000001668930053700 -0.00481629604473710060
-0.66000002622604370100 -0.00481137819588184357
-0.64999997615814209000 -0.00478705810382962227
-0.63999998569488525400 -0.00479747913777828217
-0.62999999523162841800 -0.00479827495291829109
-0.62000000476837158200 -0.00479740416631102562
-0.61000001430511474600 -0.00481268204748630524
-0.60000002384185791000 -0.00481034116819500923
-0.58999997377395629900 -0.00481257587671279907
-0.57999998331069946300 -0.00481630489230155945
-0.56999999284744262700 -0.00480256602168083191
-0.56000000238418579100 -0.00479760114103555679
-0.55000001192092895500 -0.00479497481137514115
-0.54000002145767211900 -0.00478927697986364365
-0.52999997138977050800 -0.00478684389963746071
-0.51999998092651367200 -0.00480317510664463043
-0.50999999046325683600 -0.00480167195200920105
-0.50000000000000000000 -0.00480382097885012627
-0.49000000953674316400 -0.00482096988707780838
-0.47999998927116394000 -0.00480506615713238716
-0.46999999880790710400 -0.00479712709784507752
-0.46000000834465026800 -0.00480466010048985481
-0.44999998807907104500 -0.00478410208597779274
-0.43999999761581420900 -0.00477503705769777298
-0.43000000715255737300 -0.00479245698079466820
-0.41999998688697814900 -0.00479135895147919655
-0.40999999642372131300 -0.00479455804452300072
-0.40000000596046447700 -0.00480642123147845268
-0.38999998569488525400 -0.00480982288718223572
-0.37999999523162841800 -0.00479846214875578880
-0.37000000476837158200 -0.00480407616123557091
-0.36000001430511474600 -0.00479585491120815277
-0.34999999403953552200 -0.00477707106620073319
-0.34000000357627868600 -0.00478607695549726486
-0.33000001311302185100 -0.00478460919111967087
-0.31999999284744262700 -0.00478735193610191345
-0.31000000238418579100 -0.00479892408475279808
-0.30000001192092895500 -0.00480276811867952347
-0.28999999165534973100 -0.00480131106451153755
-0.28000000119209289500 -0.00480464100837707520
-0.27000001072883606000 -0.00478980503976345062
-0.25999999046325683600 -0.00478705996647477150
-0.25000000000000000000 -0.00477987201884388924
-0.23999999463558197000 -0.00477026309818029404
-0.23000000417232513400 -0.00477656489238142967
-0.21999999880790710400 -0.00479132402688264847
-0.20999999344348907500 -0.00478665903210639954
-0.20000000298023223900 -0.00478515215218067169
-0.18999999761581420900 -0.00480163190513849259
-0.18000000715255737300 -0.00478692585602402687
-0.17000000178813934300 -0.00478006200864911080
-0.15999999642372131300 -0.00478388695046305657
-0.15000000596046447800 -0.00476286979392170906
-0.14000000059604644800 -0.00476278504356741905
-0.12999999523162841800 -0.00477371085435152054
-0.11999999731779098500 -0.00477400980889797211
-0.10999999940395355200 -0.00476995017379522324
-0.10000000149011611900 -0.00478676985949277878
-0.09000000357627868650 -0.00478702597320079804
-0.07999999821186065670 -0.00477428920567035675
-0.07000000029802322390 -0.00477641681209206581
-0.05999999865889549260 -0.00476811686530709267
-0.05000000074505805970 -0.00474760308861732483
-0.03999999910593032840 -0.00474885990843176842
-0.02999999932944774630 -0.00475109321996569634
-0.01999999955296516420 -0.00475153978914022446
-0.00999999977648258210 -0.00476081995293498039
0.00000000000000000000 -0.00475865323096513748
0.00999999977648258210 -0.00476112216711044312
0.01999999955296516420 -0.00476198084652423859
0.02999999932944774630 -0.00474373297765851021
0.03999999910593032840 -0.00474251108244061470
0.05000000074505805970 -0.00473822001367807388
0.05999999865889549260 -0.00472101802006363869
0.07000000029802322390 -0.00471701286733150482
0.07999999821186065670 -0.00473184091970324516
0.09000000357627868650 -0.00472480803728103638
0.10000000149011611900 -0.00472374586388468743
0.10999999940395355200 -0.00473517086356878281
0.11999999731779098500 -0.00472284900024533272
0.12999999523162841800 -0.00470358412712812424
0.14000000059604644800 -0.00471052713692188263
0.15000000596046447800 -0.00469349278137087822
0.15999999642372131300 -0.00467543397098779678
0.17000000178813934300 -0.00468790810555219650
0.18000000715255737300 -0.00468689389526844025
0.18999999761581420900 -0.00468633417040109635
0.20000000298023223900 -0.00469195609912276268
0.20999999344348907500 -0.00468694977462291718
0.21999999880790710400 -0.00466764718294143677
0.23000000417232513400 -0.00465851416811347008
0.23999999463558197000 -0.00464434595778584480
0.25000000000000000000 -0.00461690220981836319
0.25999999046325683600 -0.00459939008578658104
0.27000001072883606000 -0.00458357296884059906
0.28000000119209289500 -0.00456700613722205162
0.28999999165534973100 -0.00455639790743589401
0.30000001192092895500 -0.00452984590083360672
0.31000000238418579100 -0.00450326502323150635
0.31999999284744262700 -0.00447242800146341324
0.33000001311302185100 -0.00442205090075731278
0.34000000357627868600 -0.00437925290316343308
0.34999999403953552200 -0.00433129305019974709
0.36000001430511474600 -0.00426363898441195488
0.37000000476837158200 -0.00420659780502319336
0.37999999523162841800 -0.00415071519091725350
0.38999998569488525400 -0.00407804315909743309
0.40000000596046447700 -0.00400022882968187332
0.40999999642372131300 -0.00392211880534887314
0.41999998688697814900 -0.00381745793856680393
0.43000000715255737300 -0.00370861892588436604
0.43999999761581420900 -0.00360328401438891888
0.44999998807907104500 -0.00347458105534315109
0.46000000834465026800 -0.00334704900160431862
0.46999999880790710400 -0.00322013511322438717
0.47999998927116394000 -0.00308238505385816097
0.49000000953674316400 -0.00293819000944495201
0.50000000000000000000 -0.00279180798679590225
0.50999999046325683600 -0.00263344007544219494
0.51999998092651367200 -0.00246678292751312256
0.52999997138977050800 -0.00229596090503036976
0.54000002145767211900 -0.00212186109274625778
0.55000001192092895500 -0.00194078497588634491
0.56000000238418579100 -0.00175807997584342957
0.56999999284744262700 -0.00157600594684481621
0.57999998331069946300 -0.00139043002855032682
0.58999997377395629900 -0.00120518205221742392
0.60000002384185791000 -0.00101459596771746874
0.61000001430511474600 -0.00083260092651471496
0.62000000476837158200 -0.00063485588179901242
0.62999999523162841800 -0.00043829579954035580
0.63999998569488525400 -0.00024293659953400493
0.64999997615814209000 -0.00005328718179953285
0.66000002622604370100 0.00013804179616272449
0.67000001668930053700 0.00034091441193595529
0.68000000715255737300 0.00054013298358768225
0.68999999761581420900 0.00074224732816219330
0.69999998807907104500 0.00094508257461711764
0.70999997854232788100 0.00114226702135056257
0.72000002861022949200 0.00134992995299398899
0.73000001907348632800 0.00155784096568822861
0.74000000953674316400 0.00176700204610824585
0.75000000000000000000 0.00197896291501820088
0.75999999046325683600 0.00219370308332145214
0.76999998092651367200 0.00241054501384496689
0.77999997138977050800 0.00263213901780545712
0.79000002145767211900 0.00285815796814858914
0.80000001192092895500 0.00308971991762518883
0.81000000238418579100 0.00332479900680482388
0.81999999284744262700 0.00356447696685791016
0.82999998331069946300 0.00381219689734280110
0.83999997377395629900 0.00405729282647371292
0.85000002384185791000 0.00430982280522584915
0.86000001430511474600 0.00456937681883573532
0.87000000476837158200 0.00482967076823115349
0.87999999523162841800 0.00509957782924175263
0.88999998569488525400 0.00538170896470546723
0.89999997615814209000 0.00566471880301833153
0.91000002622604370100 0.00595344603061676026
0.92000001668930053700 0.00625406391918659210
0.93000000715255737300 0.00655585294589400292
0.93999999761581420900 0.00685962708666920662
0.94999998807907104500 0.00717552797868847847
0.95999997854232788100 0.00749081186950206757
0.97000002861022949200 0.00780599378049373627
0.98000001907348632800 0.00814196653664112091
0.99000000953674316400 0.00848000682890415192
1.00000000000000000000 0.00882752519100904465
