-1.00000000000000000000 -0.00475009018555283547
-0.99000000953674316400 -0.00474853487685322762
-0.98000001907348632800 -0.00474779214709997177
-0.97000002861022949200 -0.00475501781329512596
-0.95999997854232788100 -0.00474155601114034653
-0.94999998807907104500 -0.00473261484876275063
-0.93999999761581420900 -0.00473700696602463722
-0.93000000715255737300 -0.00473543908447027207
-0.92000001668930053700 -0.00474755000323057175
-0.91000002622604370100 -0.00475014792755246163
-0.89999997615814209000 -0.00474905595183372498
-0.88999998569488525400 -0.00475782202556729317
-0.87999999523162841800 -0.00474966596812009812
-0.87000000476837158200 -0.00474418280646204949
-0.86000001430511474600 -0.00474573392421007157
-0.85000002384185791000 -0.00472823577001690865
-0.83999997377395629900 -0.00472630979493260384
-0.82999998331069946300 -0.00474283006042242050
-0.81999999284744262700 -0.00474247103556990624
-0.81000000238418579100 -0.00474270386621356011
-0.80000001192092895500 -0.00475286692380905152
-0.79000002145767211900 -0.00475589185953140259
-0.77999997138977050800 -0.00473219202831387520
-0.76999998092651367200 -0.00473927892744541168
-0.75999999046325683600 -0.00473121786490082741
-0.75000000000000000000 -0.00470834178850054741
-0.74000000953674316400 -0.00472026411443948746
-0.73000001907348632800 -0.00472402013838291168
-0.72000002861022949200 -0.00472320988774299622
-0.70999997854232788100 -0.00473403511568903923
-0.69999998807907104500 -0.00473902793601155281
-0.68999999761581420900 -0.00473329005762934685
-0.68000000715255737300 -0.00473225722089409828
-0.67000001668930053700 -0.00472147995606064797
-0.66000002622604370100 -0.00470650801435112953
-0.64999997615814209000 -0.00470151798799633980
-0.63999998569488525400 -0.00469987699761986733
-0.62999999523162841800 -0.00470178015530109406
-0.62000000476837158200 -0.00471355719491839409
-0.61000001430511474600 -0.00471266219392418862
-0.60000002384185791000 -0.00471539422869682312
-0.58999997377395629900 -0.00472659897059202194
-0.57999998331069946300 -0.00471068918704986572
-0.56999999284744262700 -0.00470913900062441826
-0.56000000238418579100 -0.00471027102321386337
-0.55000001192092895500 -0.00469003105536103249
-0.54000002145767211900 -0.00469523202627897263
-0.52999997138977050800 -0.00471111387014389038
-0.51999998092651367200 -0.00470233615487813950
-0.50999999046325683600 -0.00469735590741038323
-0.50000000000000000000 -0.00471752788871526718
-0.49000000953674316400 -0.00470609590411186218
-0.47999998927116394000 -0.00469082500785589218
-0.46999999880790710400 -0.00470368796959519386
-0.46000000834465026800 -0.00469185085967183113
-0.44999998807907104500 -0.00467514386400580406
-0.43999999761581420900 -0.00468846410512924194
-0.43000000715255737300 -0.00469241896644234657
-0.41999998688697814900 -0.00469243293628096581
-0.40999999642372131300 -0.00470368610695004463
-0.40000000596046447700 -0.00470530800521373749
-0.38999998569488525400 -0.00469760503619909287
-0.37999999523162841800 -0.00469231186434626579
-0.37000000476837158200 -0.00468768598511815071
-0.36000001430511474600 -0.00467271311208605766
-0.34999999403953552200 -0.00467237597331404686
-0.34000000357627868600 -0.00467437086626887322
-0.33000001311302185100 -0.00467642396688461304
-0.31999999284744262700 -0.00468679005280137062
-0.31000000238418579100 -0.00468432810157537460
-0.30000001192092895500 -0.00469284178689122200
-0.28999999165534973100 -0.00468672998249530792
-0.28000000119209289500 -0.00467681884765625000
-0.27000001072883606000 -0.00467545306310057640
-0.25999999046325683600 -0.00465763080865144730
-0.25000000000000000000 -0.00465073389932513237
-0.23999999463558197000 -0.00466573284938931465
-0.23000000417232513400 -0.00466568302363157272
-0.21999999880790710400 -0.00466865906491875649
-0.20999999344348907500 -0.00468266801908612251
-0.20000000298023223900 -0.00467989407479763031
-0.18999999761581420900 -0.00466428603976964951
-0.18000000715255737300 -0.00467657810077071190
-0.17000000178813934300 -0.00467125512659549713
-0.15999999642372131300 -0.00464763818308711052
-0.15000000596046447800 -0.00465763919055461884
-0.14000000059604644800 -0.00466223806142807007
-0.12999999523162841800 -0.00465660309419035912
-0.11999999731779098500 -0.00467071076855063439
-0.10999999940395355200 -0.00466847699135541916
-0.10000000149011611900 -0.00466507300734519959
-0.09000000357627868650 -0.00466066319495439530
-0.07999999821186065670 -0.00465666409581899643
-0.07000000029802322390 -0.00464016105979681015
-0.05999999865889549260 -0.00463135819882154465
-0.05000000074505805970 -0.00463266111910343170
-0.03999999910593032840 -0.00462838402017951012
-0.02999999932944774630 -0.00464165583252906799
-0.01999999955296516420 -0.00463673798367381096
-0.00999999977648258210 -0.00463540805503726006
0.00000000000000000000 -0.00463895080611109734
0.00999999977648258210 -0.00463040685281157494
0.01999999955296516420 -0.00461609102785587311
0.02999999932944774630 -0.00461524678394198418
0.03999999910593032840 -0.00459423521533608437
0.05000000074505805970 -0.00458131311461329460
0.05999999865889549260 -0.00459286617115139961
0.07000000029802322390 -0.00458821700885891914
0.07999999821186065670 -0.00457923905923962593
0.09000000357627868650 -0.00458651222288608551
0.10000000149011611900 -0.00458228681236505509
0.10999999940395355200 -0.00456070015206933022
0.11999999731779098500 -0.00455189682543277741
0.12999999523162841800 -0.00453467620536684990
0.14000000059604644800 -0.00450416700914502144
0.15000000596046447800 -0.00450506480410695076
0.15999999642372131300 -0.00449775112792849541
0.17000000178813934300 -0.00448568211868405342
0.18000000715255737300 -0.00448416080325841904
0.18999999761581420900 -0.00447585619986057282
0.20000000298023223900 -0.00446011219173669815
0.20999999344348907500 -0.00444684596732258797
0.21999999880790710400 -0.00442682905122637749
0.23000000417232513400 -0.00439096195623278618
0.23999999463558197000 -0.00436746608465909958
0.25000000000000000000 -0.00434901705011725426
0.25999999046325683600 -0.00432540196925401688
0.27000001072883606000 -0.00430756621062755585
0.28000000119209289500 -0.00427992409095168114
0.28999999165534973100 -0.00424643605947494507
0.30000001192092895500 -0.00422839587554335594
0.31000000238418579100 -0.00418314104899764061
0.31999999284744262700 -0.00413931021466851235
0.33000001311302185100 -0.00409821001812815666
0.34000000357627868600 -0.00403261091560125351
0.34999999403953552200 -0.00398202799260616303
0.36000001430511474600 -0.00393535615876317024
0.37000000476837158200 -0.00387465301901102066
0.37999999523162841800 -0.00380378798581659794
0.38999998569488525400 -0.00373944011516869068
0.40000000596046447700 -0.00365724996663630009
0.40999999642372131300 -0.00356041803024709225
0.41999998688697814900 -0.00347749399952590466
0.43000000715255737300 -0.00337293092161417008
0.43999999761581420900 -0.00325234397314488888
0.44999998807907104500 -0.00314508797600865364
0.46000000834465026800 -0.00302643096074461937
0.46999999880790710400 -0.00289822206832468510
0.47999998927116394000 -0.00277397991158068180
0.49000000953674316400 -0.00263498001731932163
0.50000000000000000000 -0.00249261595308780670
0.50999999046325683600 -0.00234449398703873158
0.51999998092651367200 -0.00219166907481849194
0.52999997138977050800 -0.00203574099577963352
0.54000002145767211900 -0.00187668600119650364
0.55000001192092895500 -0.00171688699629157782
0.56000000238418579100 -0.00155540800187736750
0.56999999284744262700 -0.00139892799779772759
0.57999998331069946300 -0.00123636994976550341
0.58999997377395629900 -0.00107369094621390104
0.60000002384185791000 -0.00093033292796462774
0.61000001430511474600 -0.00075857242336496711
0.62000000476837158200 -0.00059566111303865910
0.62999999523162841800 -0.00043854961404576898
0.63999998569488525400 -0.00027898710686713457
0.64999997615814209000 -0.00012142080231569707
0.66000002622604370100 0.00002280648004671093
0.67000001668930053700 0.00016501209756825119
0.68000000715255737300 0.00032116941292770207
0.68999999761581420900 0.00047298989375121892
0.69999998807907104500 0.00062429357785731554
0.70999997854232788100 0.00077498127939179540
0.72000002861022949200 0.00092583871446549892
0.73000001907348632800 0.00107011198997497559
0.74000000953674316400 0.00122650200501084328
0.75000000000000000000 0.00138422800227999687
0.75999999046325683600 0.00154449196998029947
0.76999998092651367200 0.00170765398070216179
0.77999997138977050800 0.00187589600682258606
0.79000002145767211900 0.00204807496629655361
0.80000001192092895500 0.00222394592128694058
0.81000000238418579100 0.00240711704827845097
0.81999999284744262700 0.00259346002712845802
0.82999998331069946300 0.00278412690386176109
0.83999997377395629900 0.00298297102563083172
0.85000002384185791000 0.00318451202474534512
0.86000001430511474600 0.00339244795031845570
0.87000000476837158200 0.00361046893522143364
0.87999999523162841800 0.00383293302729725838
0.88999998569488525400 0.00406197784468531609
0.89999997615814209000 0.00429975194856524468
0.91000002622604370100 0.00454157497733831406
0.92000001668930053700 0.00478584412485361099
0.93000000715255737300 0.00504405517131090164
0.93999999761581420900 0.00530406320467591286
0.94999998807907104500 0.00556496484205126763
0.95999997854232788100 0.00584211619570851326
0.97000002861022949200 0.00612390181049704552
0.98000001907348632800 0.00640989188104867935
0.99000000953674316400 0.00670929113402962685
1.00000000000000000000 0.00700993416830897331
