-1.00000000000000000000 -0.00468009896576404572
-0.99000000953674316400 -0.00467955414205789566
-0.98000001907348632800 -0.00465847179293632507
-0.97000002861022949200 -0.00466130394488573074
-0.95999997854232788100 -0.00466997502371668816
-0.94999998807907104500 -0.00466861203312873840
-0.93999999761581420900 -0.00468104379251599312
-0.93000000715255737300 -0.00468503497540950775
-0.92000001668930053700 -0.00468388292938470841
-0.91000002622604370100 -0.00468358490616083145
-0.89999997615814209000 -0.00467797089368104935
-0.88999998569488525400 -0.00466870004311203957
-0.87999999523162841800 -0.00466092582792043686
-0.87000000476837158200 -0.00465826783329248428
-0.86000001430511474600 -0.00465940916910767555
-0.85000002384185791000 -0.00467304419726133347
-0.83999997377395629900 -0.00467449007555842400
-0.82999998331069946300 -0.00467401091009378433
-0.81999999284744262700 -0.00468803197145462036
-0.81000000238418579100 -0.00467274291440844536
-0.80000001192092895500 -0.00467073079198598862
-0.79000002145767211900 -0.00467003788799047470
-0.77999997138977050800 -0.00465103192254900932
-0.76999998092651367200 -0.00465146917849779129
-0.75999999046325683600 -0.00466524390503764153
-0.75000000000000000000 -0.00466679781675338745
-0.74000000953674316400 -0.00466391816735267639
-0.73000001907348632800 -0.00468392390757799149
-0.72000002861022949200 -0.00467454595491290093
-0.70999997854232788100 -0.00465843593701720238
-0.69999998807907104500 -0.00467079086229205132
-0.68999999761581420900 -0.00465795909985899925
-0.68000000715255737300 -0.00464057782664895058
-0.67000001668930053700 -0.00465567689388990402
-0.66000002622604370100 -0.00465917680412530899
-0.64999997615814209000 -0.00466006388887763024
-0.63999998569488525400 -0.00467208214104175568
-0.62999999523162841800 -0.00467810314148664475
-0.62000000476837158200 -0.00466692820191383362
-0.61000001430511474600 -0.00466444902122020722
-0.60000002384185791000 -0.00466564577072858811
-0.58999997377395629900 -0.00464555202051997185
-0.57999998331069946300 -0.00465137278661131859
-0.56999999284744262700 -0.00465370016172528267
-0.56000000238418579100 -0.00465316791087388992
-0.55000001192092895500 -0.00466653611510992050
-0.54000002145767211900 -0.00466728582978248596
-0.52999997138977050800 -0.00466945394873619080
-0.51999998092651367200 -0.00466833217069506645
-0.50999999046325683600 -0.00466396985575556755
-0.50000000000000000000 -0.00465667387470602989
-0.49000000953674316400 -0.00464784307405352593
-0.47999998927116394000 -0.00464861281216144562
-0.46999999880790710400 -0.00464980816468596459
-0.46000000834465026800 -0.00466331001371145249
-0.44999998807907104500 -0.00467017292976379395
-0.43999999761581420900 -0.00467886077240109444
-0.43000000715255737300 -0.00467991502955555916
-0.41999998688697814900 -0.00466602621600031853
-0.40999999642372131300 -0.00466852588579058647
-0.40000000596046447700 -0.00466269021853804588
-0.38999998569488525400 -0.00464484281837940216
-0.37999999523162841800 -0.00465292623266577721
-0.37000000476837158200 -0.00466253701597452164
-0.36000001430511474600 -0.00466046715155243874
-0.34999999403953552200 -0.00467239879071712494
-0.34000000357627868600 -0.00467556202784180641
-0.33000001311302185100 -0.00466519594192504883
-0.31999999284744262700 -0.00466439686715602875
-0.31000000238418579100 -0.00466181384399533272
-0.30000001192092895500 -0.00464089121669530869
-0.28999999165534973100 -0.00464547798037528992
-0.28000000119209289500 -0.00465192599222064018
-0.27000001072883606000 -0.00464757112786173821
-0.25999999046325683600 -0.00466180499643087387
-0.25000000000000000000 -0.00465880800038576126
-0.23999999463558197000 -0.00465748785063624382
-0.23000000417232513400 -0.00465707480907440186
-0.21999999880790710400 -0.00465115020051598549
-0.20999999344348907500 -0.00463992403820157051
-0.20000000298023223900 -0.00463351607322692871
-0.18999999761581420900 -0.00463639106601476669
-0.18000000715255737300 -0.00463368184864521027
-0.17000000178813934300 -0.00464753108099102974
-0.15999999642372131300 -0.00464549381285905838
-0.15000000596046447800 -0.00464839022606611252
-0.14000000059604644800 -0.00465648807585239411
-0.12999999523162841800 -0.00464086607098579407
-0.11999999731779098500 -0.00463696802034974098
-0.10999999940395355200 -0.00463716592639684677
-0.10000000149011611900 -0.00462100189179182053
-0.09000000357627868650 -0.00461796810850501061
-0.07999999821186065670 -0.00463324505835771561
-0.07000000029802322390 -0.00462947599589824677
-0.05999999865889549260 -0.00462998682633042336
-0.05000000074505805970 -0.00464262394234538078
-0.03999999910593032840 -0.00463333399966359139
-0.02999999932944774630 -0.00461615016683936119
-0.01999999955296516420 -0.00461728312075138092
-0.00999999977648258210 -0.00460249185562133789
0.00000000000000000000 -0.00457794405519962311
0.00999999977648258210 -0.00458912411704659462
0.01999999955296516420 -0.00458870315924286842
0.02999999932944774630 -0.00458804098889231682
0.03999999910593032840 -0.00459754187613725662
0.05000000074505805970 -0.00460261013358831406
0.05999999865889549260 -0.00459292298182845116
0.07000000029802322390 -0.00458663795143365860
0.07999999821186065670 -0.00458418298512697220
0.09000000357627868650 -0.00456789182499051094
0.10000000149011611900 -0.00456052692607045174
0.10999999940395355200 -0.00455780886113643646
0.11999999731779098500 -0.00455679511651396752
0.12999999523162841800 -0.00456483522430062294
0.14000000059604644800 -0.00456311181187629700
0.15000000596046447800 -0.00454960903152823448
0.15999999642372131300 -0.00454876385629177094
0.17000000178813934300 -0.00452818023040890694
0.18000000715255737300 -0.00452372385188937187
0.18999999761581420900 -0.00451239896938204765
0.20000000298023223900 -0.00449388800188899040
0.20999999344348907500 -0.00448682904243469238
0.21999999880790710400 -0.00449048401787877083
0.23000000417232513400 -0.00448170211166143418
0.23999999463558197000 -0.00446768384426832199
0.25000000000000000000 -0.00447196606546640396
0.25999999046325683600 -0.00444767484441399574
0.27000001072883606000 -0.00441858591511845589
0.28000000119209289500 -0.00440693413838744164
0.28999999165534973100 -0.00437071500346064568
0.30000001192092895500 -0.00434653880074620247
0.31000000238418579100 -0.00433326419442892075
0.31999999284744262700 -0.00430482486262917519
0.33000001311302185100 -0.00426579685881733894
0.34000000357627868600 -0.00423995405435562134
0.34999999403953552200 -0.00419641891494393349
0.36000001430511474600 -0.00413602590560913086
0.37000000476837158200 -0.00408319197595119476
0.37999999523162841800 -0.00401403382420539856
0.38999998569488525400 -0.00392625620588660240
0.40000000596046447700 -0.00385401793755590916
0.40999999642372131300 -0.00377364596351981163
0.41999998688697814900 -0.00367916608229279518
0.43000000715255737300 -0.00359571492299437523
0.43999999761581420900 -0.00348549010232090950
0.44999998807907104500 -0.00337687507271766663
0.46000000834465026800 -0.00325253698974847794
0.46999999880790710400 -0.00312016694806516171
0.47999998927116394000 -0.00297786993905901909
0.49000000953674316400 -0.00283031794242560864
0.50000000000000000000 -0.00268252892419695854
0.50999999046325683600 -0.00252832798287272453
0.51999998092651367200 -0.00237286789342761040
0.52999997138977050800 -0.00220594508573412895
0.54000002145767211900 -0.00203796196728944778
0.55000001192092895500 -0.00186522002331912518
0.56000000238418579100 -0.00168115599080920219
0.56999999284744262700 -0.00150052900426089764
0.57999998331069946300 -0.00131572096142917872
0.58999997377395629900 -0.00112380401697009802
0.60000002384185791000 -0.00095346162561327219
0.61000001430511474600 -0.00075667002238333225
0.62000000476837158200 -0.00055902317399159074
0.62999999523162841800 -0.00036371569149196148
0.63999998569488525400 -0.00017011350428219885
0.64999997615814209000 0.00001917968984344043
0.66000002622604370100 0.00021613019634969532
0.67000001668930053700 0.00041781811160035431
0.68000000715255737300 0.00061878410633653402
0.68999999761581420900 0.00082139571895822883
0.69999998807907104500 0.00102458603214472532
0.70999997854232788100 0.00122533296234905720
0.72000002861022949200 0.00143366004340350628
0.73000001907348632800 0.00164274999406188726
0.74000000953674316400 0.00185280200093984604
0.75000000000000000000 0.00206627789884805679
0.75999999046325683600 0.00228210911154747009
0.76999998092651367200 0.00249878806062042713
0.77999997138977050800 0.00272048497572541237
0.79000002145767211900 0.00294498889707028866
0.80000001192092895500 0.00317051890306174755
0.81000000238418579100 0.00340333604253828526
0.81999999284744262700 0.00364178791642189026
0.82999998331069946300 0.00388227798976004124
0.83999997377395629900 0.00412710383534431458
0.85000002384185791000 0.00438088597729802132
0.86000001430511474600 0.00463280593976378441
0.87000000476837158200 0.00488882092759013176
0.87999999523162841800 0.00515618501231074333
0.88999998569488525400 0.00542111415416002274
0.89999997615814209000 0.00569464918226003647
0.91000002622604370100 0.00597805483266711235
0.92000001668930053700 0.00626307493075728417
0.93000000715255737300 0.00655379611998796463
0.93999999761581420900 0.00685791717842221260
0.94999998807907104500 0.00715926615521311760
0.95999997854232788100 0.00746302492916584015
0.97000002861022949200 0.00777659984305500984
0.98000001907348632800 0.00809043087065219879
0.99000000953674316400 0.00840562116354703903
1.00000000000000000000 0.00873806513845920563
