-1.00000000000000000000 -0.00456705689430236817
-0.99000000953674316400 -0.00456860708072781563
-0.98000001907348632800 -0.00457787886261940003
-0.97000002861022949200 -0.00457930099219083786
-0.95999997854232788100 -0.00457071000710129738
-0.94999998807907104500 -0.00457764416933059693
-0.93999999761581420900 -0.00456768414005637169
-0.93000000715255737300 -0.00455224514007568360
-0.92000001668930053700 -0.00455996813252568245
-0.91000002622604370100 -0.00456274300813674927
-0.89999997615814209000 -0.00457017403095960617
-0.88999998569488525400 -0.00457852007821202278
-0.87999999523162841800 -0.00458030402660369873
-0.87000000476837158200 -0.00457903789356350899
-0.86000001430511474600 -0.00456731999292969704
-0.85000002384185791000 -0.00456433603540062904
-0.83999997377395629900 -0.00456080120056867600
-0.82999998331069946300 -0.00454751309007406235
-0.81999999284744262700 -0.00454795313999056816
-0.81000000238418579100 -0.00455314200371503830
-0.80000001192092895500 -0.00456099398434162140
-0.79000002145767211900 -0.00456495489925146103
-0.77999997138977050800 -0.00456716818735003472
-0.76999998092651367200 -0.00457241199910640717
-0.75999999046325683600 -0.00455843098461627960
-0.75000000000000000000 -0.00455972598865628243
-0.74000000953674316400 -0.00455606076866388321
-0.73000001907348632800 -0.00453517120331525803
-0.72000002861022949200 -0.00453935097903013230
-0.70999997854232788100 -0.00453987205401062966
-0.69999998807907104500 -0.00454162806272506714
-0.68999999761581420900 -0.00454305205494165421
-0.68000000715255737300 -0.00455590011551976204
-0.67000001668930053700 -0.00454919692128896713
-0.66000002622604370100 -0.00453780777752399445
-0.64999997615814209000 -0.00453878194093704224
-0.63999998569488525400 -0.00452285818755626679
-0.62999999523162841800 -0.00450865877792239189
-0.62000000476837158200 -0.00451789982616901398
-0.61000001430511474600 -0.00452096201479434967
-0.60000002384185791000 -0.00452452618628740311
-0.58999997377395629900 -0.00453318096697330475
-0.57999998331069946300 -0.00453396979719400406
-0.56999999284744262700 -0.00453270692378282547
-0.56000000238418579100 -0.00453238980844616890
-0.55000001192092895500 -0.00453455187380313873
-0.54000002145767211900 -0.00452641397714614868
-0.52999997138977050800 -0.00452115712687373161
-0.51999998092651367200 -0.00452363910153508186
-0.50999999046325683600 -0.00453128805384039879
-0.50000000000000000000 -0.00453939288854598999
-0.49000000953674316400 -0.00453652814030647278
-0.47999998927116394000 -0.00454907398670911789
-0.46999999880790710400 -0.00454484112560749054
-0.46000000834465026800 -0.00453209690749645233
-0.44999998807907104500 -0.00453675119206309319
-0.43999999761581420900 -0.00452743703499436379
-0.43000000715255737300 -0.00451479805633425713
-0.41999998688697814900 -0.00452883308753371239
-0.40999999642372131300 -0.00454072002321481705
-0.40000000596046447700 -0.00454109115526080132
-0.38999998569488525400 -0.00455081881955265999
-0.37999999523162841800 -0.00455536181107163429
-0.37000000476837158200 -0.00454535102471709252
-0.36000001430511474600 -0.00454329513013362885
-0.34999999403953552200 -0.00455176178365945816
-0.34000000357627868600 -0.00453560519963502884
-0.33000001311302185100 -0.00453851977363228798
-0.31999999284744262700 -0.00454172585159540177
-0.31000000238418579100 -0.00454209605231881142
-0.30000001192092895500 -0.00455300416797399521
-0.28999999165534973100 -0.00455632479861378670
-0.28000000119209289500 -0.00455788522958755493
-0.27000001072883606000 -0.00455398298799991608
-0.25999999046325683600 -0.00453857984393835068
-0.25000000000000000000 -0.00453245406970381737
-0.23999999463558197000 -0.00452273199334740639
-0.23000000417232513400 -0.00452287308871746063
-0.21999999880790710400 -0.00452010007575154305
-0.20999999344348907500 -0.00453310506418347359
-0.20000000298023223900 -0.00453288201242685318
-0.18999999761581420900 -0.00453400192782282829
-0.18000000715255737300 -0.00454612914472818375
-0.17000000178813934300 -0.00453747715801000595
-0.15999999642372131300 -0.00452998885884881020
-0.15000000596046447800 -0.00453161401674151421
-0.14000000059604644800 -0.00451265694573521614
-0.12999999523162841800 -0.00450652418658137322
-0.11999999731779098500 -0.00452368520200252533
-0.10999999940395355200 -0.00451418105512857437
-0.10000000149011611900 -0.00451319478452205658
-0.09000000357627868650 -0.00452241813763976097
-0.07999999821186065670 -0.00452307891100645065
-0.07000000029802322390 -0.00451099220663309097
-0.05999999865889549260 -0.00451462902128696442
-0.05000000074505805970 -0.00450146012008190155
-0.03999999910593032840 -0.00447775376960635185
-0.02999999932944774630 -0.00448817899450659752
-0.01999999955296516420 -0.00448668422177433968
-0.00999999977648258210 -0.00448746513575315476
0.00000000000000000000 -0.00449473690241575241
0.00999999977648258210 -0.00449718907475471497
0.01999999955296516420 -0.00449688080698251724
0.02999999932944774630 -0.00449337391182780266
0.03999999910593032840 -0.00448663113638758660
0.05000000074505805970 -0.00448005599901080132
0.05999999865889549260 -0.00446856487542390824
0.07000000029802322390 -0.00446503190323710442
0.07999999821186065670 -0.00446687079966068268
0.09000000357627868650 -0.00447296677157282829
0.10000000149011611900 -0.00447632791474461556
0.10999999940395355200 -0.00447167316451668739
0.11999999731779098500 -0.00448417104780673981
0.12999999523162841800 -0.00447080098092556000
0.14000000059604644800 -0.00446469197049736977
0.15000000596046447800 -0.00446332804858684540
0.15999999642372131300 -0.00444024289026856423
0.17000000178813934300 -0.00443554017692804337
0.18000000715255737300 -0.00444279704242944718
0.18999999761581420900 -0.00443346519023180008
0.20000000298023223900 -0.00442638201639056206
0.20999999344348907500 -0.00443157181143760681
0.21999999880790710400 -0.00442382693290710449
0.23000000417232513400 -0.00440712086856365204
0.23999999463558197000 -0.00440380722284317017
0.25000000000000000000 -0.00438729813322424889
0.25999999046325683600 -0.00436072284355759621
0.27000001072883606000 -0.00435750000178813934
0.28000000119209289500 -0.00434883218258619309
0.28999999165534973100 -0.00433234497904777527
0.30000001192092895500 -0.00432852702215313912
0.31000000238418579100 -0.00430883700028061867
0.31999999284744262700 -0.00428670179098844528
0.33000001311302185100 -0.00425892509520053864
0.34000000357627868600 -0.00422823010012507439
0.34999999403953552200 -0.00418781302869319916
0.36000001430511474600 -0.00414142478257417679
0.37000000476837158200 -0.00410490622743964195
0.37999999523162841800 -0.00405859621241688728
0.38999998569488525400 -0.00401814095675945282
0.40000000596046447700 -0.00396403204649686813
0.40999999642372131300 -0.00390377896837890148
0.41999998688697814900 -0.00383750209584832192
0.43000000715255737300 -0.00374982203356921673
0.43999999761581420900 -0.00366215594112873078
0.44999998807907104500 -0.00356998201459646225
0.46000000834465026800 -0.00345374294556677342
0.46999999880790710400 -0.00334634096361696720
0.47999998927116394000 -0.00323929497972130776
0.49000000953674316400 -0.00311539601534605026
0.50000000000000000000 -0.00298267696052789688
0.50999999046325683600 -0.00285171507857739925
0.51999998092651367200 -0.00270316307432949543
0.52999997138977050800 -0.00254506710916757584
0.54000002145767211900 -0.00239400588907301426
0.55000001192092895500 -0.00222669309005141258
0.56000000238418579100 -0.00205528805963695049
0.56999999284744262700 -0.00189015199430286884
0.57999998331069946300 -0.00171855697408318520
0.58999997377395629900 -0.00154331198427826166
0.60000002384185791000 -0.00136972800828516483
0.61000001430511474600 -0.00119197298772633076
0.62000000476837158200 -0.00100807100534439087
0.62999999523162841800 -0.00084149517351761460
0.63999998569488525400 -0.00065099727362394333
0.64999997615814209000 -0.00046490441309288144
0.66000002622604370100 -0.00027968289214186370
0.67000001668930053700 -0.00010002039925893769
0.68000000715255737300 0.00003685647970996797
0.68999999761581420900 0.00026383280055597425
0.69999998807907104500 0.00045623310143128037
0.70999997854232788100 0.00064571399707347155
0.72000002861022949200 0.00083618727512657642
0.73000001907348632800 0.00102820596657693386
0.74000000953674316400 0.00121488794684410095
0.75000000000000000000 0.00141377805266529322
0.75999999046325683600 0.00161351205315440893
0.76999998092651367200 0.00181440298911184073
0.77999997138977050800 0.00202092109248042107
0.79000002145767211900 0.00223200209438800812
0.80000001192092895500 0.00244626705534756184
0.81000000238418579100 0.00266729597933590412
0.81999999284744262700 0.00289437104947865009
0.82999998331069946300 0.00312450993806123734
0.83999997377395629900 0.00335943000391125679
0.85000002384185791000 0.00360304093919694424
0.86000001430511474600 0.00384816597215831280
0.87000000476837158200 0.00409967778250575066
0.87999999523162841800 0.00436358898878097534
0.88999998569488525400 0.00463048322126269341
0.89999997615814209000 0.00490938313305377960
0.91000002622604370100 0.00519185978919267655
0.92000001668930053700 0.00548238400369882584
0.93000000715255737300 0.00578025495633482933
0.93999999761581420900 0.00607710983604192734
0.94999998807907104500 0.00638620322570204735
0.95999997854232788100 0.00670191785320639610
0.97000002861022949200 0.00701826578006148339
0.98000001907348632800 0.00734918285161256790
0.99000000953674316400 0.00769377313554286957
1.00000000000000000000 0.00803289841860532761
