-1.00000000000000000000 -0.00474267778918147087
-0.99000000953674316400 -0.00474458979442715645
-0.98000001907348632800 -0.00475724693387746811
-0.97000002861022949200 -0.00475930795073509216
-0.95999997854232788100 -0.00475832121446728706
-0.94999998807907104500 -0.00477678794413805008
-0.93999999761581420900 -0.00476399296894669533
-0.93000000715255737300 -0.00475256796926259995
-0.92000001668930053700 -0.00476492103189229965
-0.91000002622604370100 -0.00474716397002339363
-0.89999997615814209000 -0.00474329479038715363
-0.88999998569488525400 -0.00475459499284625054
-0.87999999523162841800 -0.00475828396156430245
-0.87000000476837158200 -0.00475778989493846893
-0.86000001430511474600 -0.00477282982319593430
-0.85000002384185791000 -0.00477617979049682617
-0.83999997377395629900 -0.00476546306163072586
-0.82999998331069946300 -0.00476625701412558556
-0.81999999284744262700 -0.00476448098197579384
-0.81000000238418579100 -0.00474630203098058701
-0.80000001192092895500 -0.00474753882735967636
-0.79000002145767211900 -0.00475044408813118935
-0.77999997138977050800 -0.00474910577759146691
-0.76999998092651367200 -0.00476288888603448868
-0.75999999046325683600 -0.00475949421525001526
-0.75000000000000000000 -0.00476247211918234825
-0.74000000953674316400 -0.00476399622857570648
-0.73000001907348632800 -0.00474933208897709847
-0.72000002861022949200 -0.00474680401384830475
-0.70999997854232788100 -0.00474557606503367424
-0.69999998807907104500 -0.00473355688154697418
-0.68999999761581420900 -0.00473430613055825234
-0.68000000715255737300 -0.00474889809265732765
-0.67000001668930053700 -0.00474845385178923607
-0.66000002622604370100 -0.00474817678332328797
-0.64999997615814209000 -0.00476320786401629448
-0.63999998569488525400 -0.00475405808538198471
-0.62999999523162841800 -0.00473671592772006989
-0.62000000476837158200 -0.00474914582446217537
-0.61000001430511474600 -0.00473515782505273819
-0.60000002384185791000 -0.00472257891669869423
-0.58999997377395629900 -0.00473631406202912331
-0.57999998331069946300 -0.00473738787695765495
-0.56999999284744262700 -0.00473783304914832115
-0.56000000238418579100 -0.00475137215107679367
-0.55000001192092895500 -0.00475353281944990158
-0.54000002145767211900 -0.00474599190056324005
-0.52999997138977050800 -0.00474301679059863091
-0.51999998092651367200 -0.00473531289026141167
-0.50999999046325683600 -0.00471992976963520050
-0.50000000000000000000 -0.00471823895350098610
-0.49000000953674316400 -0.00471460400149226189
-0.47999998927116394000 -0.00471912091597914696
-0.46999999880790710400 -0.00473107583820819855
-0.46000000834465026800 -0.00473297294229269028
-0.44999998807907104500 -0.00473127700388431549
-0.43999999761581420900 -0.00473801000043749809
-0.43000000715255737300 -0.00471362192183732987
-0.41999998688697814900 -0.00471443589776754379
-0.40999999642372131300 -0.00471497885882854462
-0.40000000596046447700 -0.00469650607556104660
-0.38999998569488525400 -0.00469791376963257790
-0.37999999523162841800 -0.00471444521099328995
-0.37000000476837158200 -0.00470489822328090668
-0.36000001430511474600 -0.00470147887244820595
-0.34999999403953552200 -0.00472027901560068131
-0.34000000357627868600 -0.00470776623114943504
-0.33000001311302185100 -0.00469309091567993164
-0.31999999284744262700 -0.00470677297562360764
-0.31000000238418579100 -0.00469036493450403214
-0.30000001192092895500 -0.00468019396066665650
-0.28999999165534973100 -0.00468941312283277512
-0.28000000119209289500 -0.00469146901741623879
-0.27000001072883606000 -0.00468956679105758667
-0.25999999046325683600 -0.00470346398651599884
-0.25000000000000000000 -0.00470030913129448891
-0.23999999463558197000 -0.00469728978350758553
-0.23000000417232513400 -0.00469146110117435455
-0.21999999880790710400 -0.00469219079241156578
-0.20999999344348907500 -0.00467710103839635849
-0.20000000298023223900 -0.00467395503073930740
-0.18999999761581420900 -0.00467739114537835121
-0.18000000715255737300 -0.00467734178528189659
-0.17000000178813934300 -0.00468876911327242851
-0.15999999642372131300 -0.00468455115333199501
-0.15000000596046447800 -0.00469445902854204178
-0.14000000059604644800 -0.00469386205077171326
-0.12999999523162841800 -0.00466817896813154221
-0.11999999731779098500 -0.00466865999624133110
-0.10999999940395355200 -0.00466360617429018021
-0.10000000149011611900 -0.00465082377195358277
-0.09000000357627868650 -0.00465180305764079094
-0.07999999821186065670 -0.00466312887147068978
-0.07000000029802322390 -0.00465851509943604469
-0.05999999865889549260 -0.00466506322845816612
-0.05000000074505805970 -0.00467615993693470955
-0.03999999910593032840 -0.00466312700882554054
-0.02999999932944774630 -0.00465238513424992562
-0.01999999955296516420 -0.00465925317257642746
-0.00999999977648258210 -0.00464493781328201294
0.00000000000000000000 -0.00463131582364439964
0.00999999977648258210 -0.00464311894029378891
0.01999999955296516420 -0.00464113103225827217
0.02999999932944774630 -0.00464177178218960762
0.03999999910593032840 -0.00464746309444308281
0.05000000074505805970 -0.00464976811781525612
0.05999999865889549260 -0.00464580021798610687
0.07000000029802322390 -0.00464210286736488342
0.07999999821186065670 -0.00463605904951691628
0.09000000357627868650 -0.00462555279955267906
0.10000000149011611900 -0.00461697205901145935
0.10999999940395355200 -0.00461222883313894272
0.11999999731779098500 -0.00461397878825664520
0.12999999523162841800 -0.00462184613570570946
0.14000000059604644800 -0.00461853807792067528
0.15000000596046447800 -0.00461772689595818520
0.15999999642372131300 -0.00462489109486341477
0.17000000178813934300 -0.00459939101710915566
0.18000000715255737300 -0.00459241587668657303
0.18999999761581420900 -0.00458569498732686043
0.20000000298023223900 -0.00456119887530803681
0.20999999344348907500 -0.00455219019204378128
0.21999999880790710400 -0.00455917604267597199
0.23000000417232513400 -0.00455114990472793579
0.23999999463558197000 -0.00454303715378046036
0.25000000000000000000 -0.00454317079856991768
0.25999999046325683600 -0.00453168479725718498
0.27000001072883606000 -0.00450829602777957916
0.28000000119209289500 -0.00449558906257152558
0.28999999165534973100 -0.00446815323084592819
0.30000001192092895500 -0.00443225493654608727
0.31000000238418579100 -0.00441024219617247582
0.31999999284744262700 -0.00438357284292578697
0.33000001311302185100 -0.00435794610530138016
0.34000000357627868600 -0.00432962086051702500
0.34999999403953552200 -0.00428684288635849953
0.36000001430511474600 -0.00424676202237606049
0.37000000476837158200 -0.00419148476794362068
0.37999999523162841800 -0.00412713410332798958
0.38999998569488525400 -0.00405963417142629624
0.40000000596046447700 -0.00397906079888343811
0.40999999642372131300 -0.00389855611138045788
0.41999998688697814900 -0.00381563999690115452
0.43000000715255737300 -0.00372806307859718800
0.43999999761581420900 -0.00362526299431920052
0.44999998807907104500 -0.00351961189880967140
0.46000000834465026800 -0.00340946391224861145
0.46999999880790710400 -0.00327541003935039044
0.47999998927116394000 -0.00313946302048861981
0.49000000953674316400 -0.00300249108113348484
0.50000000000000000000 -0.00284546497277915478
0.50999999046325683600 -0.00269100791774690151
0.51999998092651367200 -0.00253964890725910664
0.52999997138977050800 -0.00237444904632866383
0.54000002145767211900 -0.00220712693408131600
0.55000001192092895500 -0.00203659501858055592
0.56000000238418579100 -0.00185998296365141869
0.56999999284744262700 -0.00167508702725172043
0.57999998331069946300 -0.00149036699440330267
0.58999997377395629900 -0.00130160199478268623
0.60000002384185791000 -0.00111001904588192701
0.61000001430511474600 -0.00093622488202527165
0.62000000476837158200 -0.00073560921009629965
0.62999999523162841800 -0.00054109492339193821
0.63999998569488525400 -0.00034240729291923344
0.64999997615814209000 -0.00014750930131413043
0.66000002622604370100 0.00003683512841234915
0.67000001668930053700 0.00023035690537653863
0.68000000715255737300 0.00043411189108155668
0.68999999761581420900 0.00063482002587988973
0.69999998807907104500 0.00083780207205563784
0.70999997854232788100 0.00104111700784415007
0.72000002861022949200 0.00124143401626497507
0.73000001907348632800 0.00145303097087889910
0.74000000953674316400 0.00166528194677084684
0.75000000000000000000 0.00188051001168787479
0.75999999046325683600 0.00209984206594526768
0.76999998092651367200 0.00232120300643146038
0.77999997138977050800 0.00254759797826409340
0.79000002145767211900 0.00277960603125393391
0.80000001192092895500 0.00301387510262429714
0.81000000238418579100 0.00325319007970392704
0.81999999284744262700 0.00349770300090312958
0.82999998331069946300 0.00374968000687658787
0.83999997377395629900 0.00400874577462673187
0.85000002384185791000 0.00427665608003735542
0.86000001430511474600 0.00454824883490800858
0.87000000476837158200 0.00482599902898073197
0.87999999523162841800 0.00511256791651248932
0.88999998569488525400 0.00539315817877650261
0.89999997615814209000 0.00568955298513174057
0.91000002622604370100 0.00599302211776375771
0.92000001668930053700 0.00629181694239377976
0.93000000715255737300 0.00660875812172889710
0.93999999761581420900 0.00693753687664866448
0.94999998807907104500 0.00726723484694957733
0.95999997854232788100 0.00760567607358098030
0.97000002861022949200 0.00795310270041227341
0.98000001907348632800 0.00829773768782615662
0.99000000953674316400 0.00864809844642877579
1.00000000000000000000 0.00901404302567243576
