-1.00000000000000000000 -0.00477730808779597283
-0.99000000953674316400 -0.00479581393301486969
-0.98000001907348632800 -0.00479831779375672341
-0.97000002861022949200 -0.00480094878003001213
-0.95999997854232788100 -0.00481198495253920555
-0.94999998807907104500 -0.00481613213196396828
-0.93999999761581420900 -0.00480936700478196144
-0.93000000715255737300 -0.00480739586055278778
-0.92000001668930053700 -0.00480151409283280373
-0.91000002622604370100 -0.00479293102398514748
-0.89999997615814209000 -0.00479101995006203652
-0.88999998569488525400 -0.00479453383013606072
-0.87999999523162841800 -0.00479873223230242729
-0.87000000476837158200 -0.00480631086975336075
-0.86000001430511474600 -0.00480474578216671944
-0.85000002384185791000 -0.00481587694957852364
-0.83999997377395629900 -0.00481331814080476761
-0.82999998331069946300 -0.00480383122339844704
-0.81999999284744262700 -0.00480492413043975830
-0.81000000238418579100 -0.00479545490816235542
-0.80000001192092895500 -0.00477984081953763962
-0.79000002145767211900 -0.00479200622066855431
-0.77999997138977050800 -0.00479853898286819458
-0.76999998092651367200 -0.00479571381583809853
-0.75999999046325683600 -0.00480491109192371369
-0.75000000000000000000 -0.00481218611821532250
-0.74000000953674316400 -0.00480144191533327103
-0.73000001907348632800 -0.00479754200205206871
-0.72000002861022949200 -0.00480057299137115479
-0.70999997854232788100 -0.00478181289508938790
-0.69999998807907104500 -0.00478724110871553421
-0.68999999761581420900 -0.00479598017409443855
-0.68000000715255737300 -0.00479553220793604851
-0.67000001668930053700 -0.00481056282296776772
-0.66000002622604370100 -0.00480744615197181702
-0.64999997615814209000 -0.00481299497187137604
-0.63999998569488525400 -0.00481534609571099281
-0.62999999523162841800 -0.00480090687051415444
-0.62000000476837158200 -0.00480018882080912590
-0.61000001430511474600 -0.00480090780183672905
-0.60000002384185791000 -0.00478363502770662308
-0.58999997377395629900 -0.00478563411161303520
-0.57999998331069946300 -0.00480190711095929146
-0.56999999284744262700 -0.00480064610019326210
-0.56000000238418579100 -0.00480140093713998795
-0.55000001192092895500 -0.00481760781258344650
-0.54000002145767211900 -0.00481114396825432778
-0.52999997138977050800 -0.00479144509881734848
-0.51999998092651367200 -0.00480662193149328232
-0.50999999046325683600 -0.00479392521083354950
-0.50000000000000000000 -0.00477841822430491448
-0.49000000953674316400 -0.00479533709585666657
-0.47999998927116394000 -0.00479567283764481545
-0.46999999880790710400 -0.00479596294462680817
-0.46000000834465026800 -0.00480941589921712876
-0.44999998807907104500 -0.00481712585315108299
-0.43999999761581420900 -0.00480611994862556458
-0.43000000715255737300 -0.00480433600023388863
-0.41999998688697814900 -0.00480539677664637566
-0.40999999642372131300 -0.00479357177391648293
-0.40000000596046447700 -0.00478716380894184113
-0.38999998569488525400 -0.00478735286742448807
-0.37999999523162841800 -0.00479108700528740883
-0.37000000476837158200 -0.00480178417637944222
-0.36000001430511474600 -0.00480322306975722313
-0.34999999403953552200 -0.00480315787717700005
-0.34000000357627868600 -0.00481136282905936241
-0.33000001311302185100 -0.00479582697153091431
-0.31999999284744262700 -0.00479564722627401352
-0.31000000238418579100 -0.00479873083531856537
-0.30000001192092895500 -0.00477626221254467964
-0.28999999165534973100 -0.00477415509521961212
-0.28000000119209289500 -0.00478945998474955559
-0.27000001072883606000 -0.00479039689525961876
-0.25999999046325683600 -0.00478709908202290535
-0.25000000000000000000 -0.00480041606351733208
-0.23999999463558197000 -0.00479672290384769440
-0.23000000417232513400 -0.00478378497064113617
-0.21999999880790710400 -0.00479264883324503899
-0.20999999344348907500 -0.00478514004498720169
-0.20000000298023223900 -0.00476105511188507080
-0.18999999761581420900 -0.00477213878184556961
-0.18000000715255737300 -0.00477591902017593384
-0.17000000178813934300 -0.00477278791368007660
-0.15999999642372131300 -0.00478632701560854912
-0.15000000596046447800 -0.00479280017316341400
-0.14000000059604644800 -0.00479284115135669708
-0.12999999523162841800 -0.00479499995708465576
-0.11999999731779098500 -0.00478558707982301712
-0.10999999940395355200 -0.00477800099179148674
-0.10000000149011611900 -0.00477393111214041710
-0.09000000357627868650 -0.00476585514843463898
-0.07999999821186065670 -0.00476785888895392418
-0.07000000029802322390 -0.00478087319061160088
-0.05999999865889549260 -0.00477762985974550247
-0.05000000074505805970 -0.00478102080523967743
-0.03999999910593032840 -0.00479293521493673325
-0.02999999932944774630 -0.00478016398847103119
-0.01999999955296516420 -0.00477120699360966683
-0.00999999977648258210 -0.00477632321417331696
0.00000000000000000000 -0.00475443014875054360
0.00999999977648258210 -0.00474432390183210373
0.01999999955296516420 -0.00476488005369901657
0.02999999932944774630 -0.00476134801283478737
0.03999999910593032840 -0.00476037478074431420
0.05000000074505805970 -0.00477450015023350716
0.05999999865889549260 -0.00477619701996445656
0.07000000029802322390 -0.00476125907152891159
0.07999999821186065670 -0.00476010004058480263
0.09000000357627868650 -0.00475876498967409134
0.10000000149011611900 -0.00474103679880499840
0.10999999940395355200 -0.00473845517262816429
0.11999999731779098500 -0.00473391311243176460
0.12999999523162841800 -0.00473318016156554222
0.14000000059604644800 -0.00473884120583534241
0.15000000596046447800 -0.00472655706107616425
0.15999999642372131300 -0.00472456309944391251
0.17000000178813934300 -0.00472265807911753655
0.18000000715255737300 -0.00470197200775146485
0.18999999761581420900 -0.00469700805842876434
0.20000000298023223900 -0.00468628713861107826
0.20999999344348907500 -0.00465571880340576172
0.21999999880790710400 -0.00465246383100748062
0.23000000417232513400 -0.00465701986104249954
0.23999999463558197000 -0.00464627519249916077
0.25000000000000000000 -0.00463412702083587647
0.25999999046325683600 -0.00463700108230113983
0.27000001072883606000 -0.00461150100454688072
0.28000000119209289500 -0.00457968609407544136
0.28999999165534973100 -0.00457169208675622940
0.30000001192092895500 -0.00453145010396838188
0.31000000238418579100 -0.00448933895677328110
0.31999999284744262700 -0.00447687879204750061
0.33000001311302185100 -0.00444460893049836159
0.34000000357627868600 -0.00440849922597408295
0.34999999403953552200 -0.00437828199937939644
0.36000001430511474600 -0.00432455306872725487
0.37000000476837158200 -0.00426732283085584641
0.37999999523162841800 -0.00420679291710257530
0.38999998569488525400 -0.00414094887673854828
0.40000000596046447700 -0.00405747303739190102
0.40999999642372131300 -0.00397520605474710465
0.41999998688697814900 -0.00388654507696628571
0.43000000715255737300 -0.00379170896485447884
0.43999999761581420900 -0.00369547610171139240
0.44999998807907104500 -0.00358276697807013989
0.46000000834465026800 -0.00346286711283028126
0.46999999880790710400 -0.00333768106065690518
0.47999998927116394000 -0.00319160195067524910
0.49000000953674316400 -0.00304572889581322670
0.50000000000000000000 -0.00289250910282135010
0.50999999046325683600 -0.00271932408213615418
0.51999998092651367200 -0.00255497801117599011
0.52999997138977050800 -0.00239028409123420715
0.54000002145767211900 -0.00221181497909128666
0.55000001192092895500 -0.00203037192113697529
0.56000000238418579100 -0.00184712104965001345
0.56999999284744262700 -0.00165468896739184856
0.57999998331069946300 -0.00145657698158174753
0.58999997377395629900 -0.00126246898435056210
0.60000002384185791000 -0.00105797394644469023
0.61000001430511474600 -0.00087209738558158278
0.62000000476837158200 -0.00066107558086514473
0.62999999523162841800 -0.00045388258877210319
0.63999998569488525400 -0.00024459531414322555
0.64999997615814209000 -0.00004839140819967724
0.66000002622604370100 0.00015387839812319726
0.67000001668930053700 0.00036952600930817425
0.68000000715255737300 0.00058353552594780922
0.68999999761581420900 0.00079814717173576355
0.69999998807907104500 0.00101309304591268301
0.70999997854232788100 0.00122165994253009558
0.72000002861022949200 0.00144344102591276169
0.73000001907348632800 0.00166525098029524088
0.74000000953674316400 0.00188994605559855700
0.75000000000000000000 0.00211773696355521679
0.75999999046325683600 0.00234924606047570705
0.76999998092651367200 0.00258555402979254723
0.77999997138977050800 0.00282589904963970184
0.79000002145767211900 0.00306983198970556259
0.80000001192092895500 0.00331861595623195171
0.81000000238418579100 0.00357333803549408913
0.81999999284744262700 0.00383209600113332272
0.82999998331069946300 0.00409755017608404160
0.83999997377395629900 0.00436883000656962395
0.85000002384185791000 0.00464786076918244362
0.86000001430511474600 0.00493601197376847267
0.87000000476837158200 0.00522678392007946968
0.87999999523162841800 0.00552746001631021500
0.88999998569488525400 0.00583360390737652779
0.89999997615814209000 0.00613995920866727829
0.91000002622604370100 0.00645902892574667931
0.92000001668930053700 0.00678370520472526550
0.93000000715255737300 0.00710901385173201561
0.93999999761581420900 0.00744845904409885407
0.94999998807907104500 0.00780160818248987198
0.95999997854232788100 0.00815329141914844513
0.97000002861022949200 0.00851438194513320923
0.98000001907348632800 0.00888764578849077225
0.99000000953674316400 0.00925844255834817887
1.00000000000000000000 0.00963047519326210022
