-1.00000000000000000000 -0.00482575781643390656
-0.99000000953674316400 -0.00480926223099231720
-0.98000001907348632800 -0.00482241390272974968
-0.97000002861022949200 -0.00481032300740480423
-0.95999997854232788100 -0.00478952703997492790
-0.94999998807907104500 -0.00480399420484900475
-0.93999999761581420900 -0.00480729388073086739
-0.93000000715255737300 -0.00480375811457633972
-0.92000001668930053700 -0.00481809116899967194
-0.91000002622604370100 -0.00482168095186352730
-0.89999997615814209000 -0.00481512816622853279
-0.88999998569488525400 -0.00481713796034455300
-0.87999999523162841800 -0.00481126410886645317
-0.87000000476837158200 -0.00479980278760194779
-0.86000001430511474600 -0.00479665817692875862
-0.85000002384185791000 -0.00479586189612746239
-0.83999997377395629900 -0.00479858601465821266
-0.82999998331069946300 -0.00481049204245209694
-0.81999999284744262700 -0.00481105409562587738
-0.81000000238418579100 -0.00480938609689474106
-0.80000001192092895500 -0.00482454476878046990
-0.79000002145767211900 -0.00480860006064176560
-0.77999997138977050800 -0.00480577815324068070
-0.76999998092651367200 -0.00480769202113151550
-0.75999999046325683600 -0.00478843692690134049
-0.75000000000000000000 -0.00478644622489809990
-0.74000000953674316400 -0.00480418605729937554
-0.73000001907348632800 -0.00479989079758524895
-0.72000002861022949200 -0.00479874107986688614
-0.70999997854232788100 -0.00481732608750462532
-0.69999998807907104500 -0.00481266481801867485
-0.68999999761581420900 -0.00479685608297586441
-0.68000000715255737300 -0.00480982707813382149
-0.67000001668930053700 -0.00479756621643900871
-0.66000002622604370100 -0.00477388920262455940
-0.64999997615814209000 -0.00479110516607761383
-0.63999998569488525400 -0.00479227397590875626
-0.62999999523162841800 -0.00479218177497386933
-0.62000000476837158200 -0.00480822101235389710
-0.61000001430511474600 -0.00480807619169354439
-0.60000002384185791000 -0.00480535114184021950
-0.58999997377395629900 -0.00480472622439265251
-0.57999998331069946300 -0.00480237510055303574
-0.56999999284744262700 -0.00478860689327120781
-0.56000000238418579100 -0.00478822411969304085
-0.55000001192092895500 -0.00479058315977454186
-0.54000002145767211900 -0.00479180412366986275
-0.52999997138977050800 -0.00480841891840100289
-0.51999998092651367200 -0.00480700097978115082
-0.50999999046325683600 -0.00481001101434230805
-0.50000000000000000000 -0.00481910211965441704
-0.49000000953674316400 -0.00480426801368594170
-0.47999998927116394000 -0.00479895621538162232
-0.46999999880790710400 -0.00480156112462282181
-0.46000000834465026800 -0.00478117400780320168
-0.44999998807907104500 -0.00478247413411736488
-0.43999999761581420900 -0.00479542277753353119
-0.43000000715255737300 -0.00479275500401854515
-0.41999998688697814900 -0.00479299109429121018
-0.40999999642372131300 -0.00480515277013182640
-0.40000000596046447700 -0.00480156578123569489
-0.38999998569488525400 -0.00477650482207536698
-0.37999999523162841800 -0.00478803087025880814
-0.37000000476837158200 -0.00477668922394514084
-0.36000001430511474600 -0.00475900294259190560
-0.34999999403953552200 -0.00476826820522546768
-0.34000000357627868600 -0.00475984904915094376
-0.33000001311302185100 -0.00476119387894868851
-0.31999999284744262700 -0.00477102212607860565
-0.31000000238418579100 -0.00477400794625282288
-0.30000001192092895500 -0.00476957811042666435
-0.28999999165534973100 -0.00476625515148043633
-0.28000000119209289500 -0.00476315012201666832
-0.27000001072883606000 -0.00475357519462704659
-0.25999999046325683600 -0.00474469177424907684
-0.25000000000000000000 -0.00474551599472761154
-0.23999999463558197000 -0.00473942514508962631
-0.23000000417232513400 -0.00474692787975072861
-0.21999999880790710400 -0.00474647618830204010
-0.20999999344348907500 -0.00475074490532279015
-0.20000000298023223900 -0.00475702201947569847
-0.18999999761581420900 -0.00472951913252472878
-0.18000000715255737300 -0.00472886301577091217
-0.17000000178813934300 -0.00472746603190898895
-0.15999999642372131300 -0.00470539601519703865
-0.15000000596046447800 -0.00470690289512276650
-0.14000000059604644800 -0.00472129881381988526
-0.12999999523162841800 -0.00471986783668398857
-0.11999999731779098500 -0.00471843080595135689
-0.10999999940395355200 -0.00473158713430166245
-0.10000000149011611900 -0.00472104083746671677
-0.09000000357627868650 -0.00471896911039948464
-0.07999999821186065670 -0.00473057711496949196
-0.07000000029802322390 -0.00471374019980430603
-0.05999999865889549260 -0.00470210984349250794
-0.05000000074505805970 -0.00471158511936664581
-0.03999999910593032840 -0.00472140079364180565
-0.02999999932944774630 -0.00472400803118944168
-0.01999999955296516420 -0.00473412498831748963
-0.00999999977648258210 -0.00473051192238926888
0.00000000000000000000 -0.00472863391041755676
0.00999999977648258210 -0.00472438009455800057
0.01999999955296516420 -0.00471955910325050354
0.02999999932944774630 -0.00470880605280399323
0.03999999910593032840 -0.00469846511259675026
0.05000000074505805970 -0.00469551421701908112
0.05999999865889549260 -0.00469815079122781754
0.07000000029802322390 -0.00470682978630065918
0.07999999821186065670 -0.00470314081758260727
0.09000000357627868650 -0.00470730522647500038
0.10000000149011611900 -0.00470745796337723732
0.10999999940395355200 -0.00469957897439599037
0.11999999731779098500 -0.00469750491902232170
0.12999999523162841800 -0.00469054421409964562
0.14000000059604644800 -0.00466828607022762299
0.15000000596046447800 -0.00466619711369276047
0.15999999642372131300 -0.00467394292354583740
0.17000000178813934300 -0.00466790888458490372
0.18000000715255737300 -0.00466410815715789795
0.18999999761581420900 -0.00466819899156689644
0.20000000298023223900 -0.00465391296893358231
0.20999999344348907500 -0.00463581411167979241
0.21999999880790710400 -0.00463462201878428459
0.23000000417232513400 -0.00461226701736450195
0.23999999463558197000 -0.00458843400701880455
0.25000000000000000000 -0.00458648893982172012
0.25999999046325683600 -0.00456786016002297402
0.27000001072883606000 -0.00455798720940947533
0.28000000119209289500 -0.00454743206501007080
0.28999999165534973100 -0.00452692713588476181
0.30000001192092895500 -0.00449545122683048248
0.31000000238418579100 -0.00446201302111148834
0.31999999284744262700 -0.00442690821364521980
0.33000001311302185100 -0.00438707601279020310
0.34000000357627868600 -0.00433759205043315888
0.34999999403953552200 -0.00429095700383186340
0.36000001430511474600 -0.00424909219145774841
0.37000000476837158200 -0.00419464102014899254
0.37999999523162841800 -0.00412838812917470932
0.38999998569488525400 -0.00406346097588539124
0.40000000596046447700 -0.00398285081610083580
0.40999999642372131300 -0.00388210010714828968
0.41999998688697814900 -0.00379546103067696095
0.43000000715255737300 -0.00368573307059705258
0.43999999761581420900 -0.00356410304084420204
0.44999998807907104500 -0.00345112103968858719
0.46000000834465026800 -0.00332935596816241741
0.46999999880790710400 -0.00319488393142819405
0.47999998927116394000 -0.00305795110762119293
0.49000000953674316400 -0.00291476794518530369
0.50000000000000000000 -0.00275306892581284046
0.50999999046325683600 -0.00258989911526441574
0.51999998092651367200 -0.00242317491210997105
0.52999997138977050800 -0.00224299402907490730
0.54000002145767211900 -0.00206473795697093010
0.55000001192092895500 -0.00188436405733227730
0.56000000238418579100 -0.00169969699345529079
0.56999999284744262700 -0.00151481304783374071
0.57999998331069946300 -0.00132224394474178553
0.58999997377395629900 -0.00112729799002408981
0.60000002384185791000 -0.00094276788877323270
0.61000001430511474600 -0.00073775398777797818
0.62000000476837158200 -0.00053414382273331285
0.62999999523162841800 -0.00033479181001894176
0.63999998569488525400 -0.00012966450594831258
0.64999997615814209000 0.00007074092718539760
0.66000002622604370100 0.00026626611361280084
0.67000001668930053700 0.00047704161261208355
0.68000000715255737300 0.00068711157655343413
0.68999999761581420900 0.00089614302851259708
0.69999998807907104500 0.00110013096127659082
0.70999997854232788100 0.00131427403539419174
0.72000002861022949200 0.00152937497477978468
0.73000001907348632800 0.00174616696313023567
0.74000000953674316400 0.00196386291645467281
0.75000000000000000000 0.00218430510722100735
0.75999999046325683600 0.00240898597985506058
0.76999998092651367200 0.00263627804815769196
0.77999997138977050800 0.00286771194078028202
0.79000002145767211900 0.00310422992333769798
0.80000001192092895500 0.00334312091581523419
0.81000000238418579100 0.00358754396438598633
0.81999999284744262700 0.00383685901761054993
0.82999998331069946300 0.00408930284902453423
0.83999997377395629900 0.00434801308438181877
0.85000002384185791000 0.00461005885154008866
0.86000001430511474600 0.00487872399389743805
0.87000000476837158200 0.00515570584684610367
0.87999999523162841800 0.00544012803584337235
0.88999998569488525400 0.00572595093399286270
0.89999997615814209000 0.00602026609703898430
0.91000002622604370100 0.00632306281477212906
0.92000001668930053700 0.00662197917699813843
0.93000000715255737300 0.00693491613492369652
0.93999999761581420900 0.00725087709724903107
0.94999998807907104500 0.00756452186033129692
0.95999997854232788100 0.00789852254092693329
0.97000002861022949200 0.00823596958070993424
0.98000001907348632800 0.00857562012970447541
0.99000000953674316400 0.00892696902155876160
1.00000000000000000000 0.00928420294076204300
