-1.00000000000000000000 -0.00485763605684041977
-0.99000000953674316400 -0.00484598195180296898
-0.98000001907348632800 -0.00483489083126187325
-0.97000002861022949200 -0.00484340684488415718
-0.95999997854232788100 -0.00482489308342337608
-0.94999998807907104500 -0.00480447197332978249
-0.93999999761581420900 -0.00480597512796521187
-0.93000000715255737300 -0.00478625716641545296
-0.92000001668930053700 -0.00477055599913001061
-0.91000002622604370100 -0.00478846393525600434
-0.89999997615814209000 -0.00478436099365353584
-0.88999998569488525400 -0.00477712787687778473
-0.87999999523162841800 -0.00478377286344766617
-0.87000000476837158200 -0.00478497194126248360
-0.86000001430511474600 -0.00476924283429980278
-0.85000002384185791000 -0.00476290518417954445
-0.83999997377395629900 -0.00475716311484575272
-0.82999998331069946300 -0.00474312715232372284
-0.81999999284744262700 -0.00474415719509124756
-0.81000000238418579100 -0.00474194297567009926
-0.80000001192092895500 -0.00474380003288388252
-0.79000002145767211900 -0.00475285295397043228
-0.77999997138977050800 -0.00474713603034615517
-0.76999998092651367200 -0.00475175213068723679
-0.75999999046325683600 -0.00475643295794725418
-0.75000000000000000000 -0.00474599422886967659
-0.74000000953674316400 -0.00474294694140553475
-0.73000001907348632800 -0.00472912890836596489
-0.72000002861022949200 -0.00472501106560230255
-0.70999997854232788100 -0.00472298078238964081
-0.69999998807907104500 -0.00473268702626228333
-0.68999999761581420900 -0.00472884578630328179
-0.68000000715255737300 -0.00472962111234664917
-0.67000001668930053700 -0.00473600393161177635
-0.66000002622604370100 -0.00472352281212806702
-0.64999997615814209000 -0.00471285777166485787
-0.63999998569488525400 -0.00471250619739294052
-0.62999999523162841800 -0.00469388486817479134
-0.62000000476837158200 -0.00468547921627759934
-0.61000001430511474600 -0.00469675520434975624
-0.60000002384185791000 -0.00469383178278803826
-0.58999997377395629900 -0.00469812285155057907
-0.57999998331069946300 -0.00470279809087514877
-0.56999999284744262700 -0.00469890981912612915
-0.56000000238418579100 -0.00469070998951792717
-0.55000001192092895500 -0.00469091208651661873
-0.54000002145767211900 -0.00467771198600530625
-0.52999997138977050800 -0.00466297520324587822
-0.51999998092651367200 -0.00466415099799633026
-0.50999999046325683600 -0.00466296914964914322
-0.50000000000000000000 -0.00467172404751181603
-0.49000000953674316400 -0.00466937897726893425
-0.47999998927116394000 -0.00466752098873257637
-0.46999999880790710400 -0.00467016408219933510
-0.46000000834465026800 -0.00465788692235946655
-0.44999998807907104500 -0.00465096393600106239
-0.43999999761581420900 -0.00464783189818263054
-0.43000000715255737300 -0.00463092094287276268
-0.41999998688697814900 -0.00462331902235746384
-0.40999999642372131300 -0.00463839201256632805
-0.40000000596046447700 -0.00463491817936301232
-0.38999998569488525400 -0.00463236682116985321
-0.37999999523162841800 -0.00464594596996903420
-0.37000000476837158200 -0.00464810384437441826
-0.36000001430511474600 -0.00462851021438837052
-0.34999999403953552200 -0.00463538989424705506
-0.34000000357627868600 -0.00462573906406760216
-0.33000001311302185100 -0.00460538920015096665
-0.31999999284744262700 -0.00461542000994086266
-0.31000000238418579100 -0.00461752200499176979
-0.30000001192092895500 -0.00461571617051959038
-0.28999999165534973100 -0.00462221400812268257
-0.28000000119209289500 -0.00462723802775144577
-0.27000001072883606000 -0.00462011992931365967
-0.25999999046325683600 -0.00461778603494167328
-0.25000000000000000000 -0.00461601698771119118
-0.23999999463558197000 -0.00459961686283349991
-0.23000000417232513400 -0.00459055788815021515
-0.21999999880790710400 -0.00459038699045777321
-0.20999999344348907500 -0.00459197815507650376
-0.20000000298023223900 -0.00459990696981549263
-0.18999999761581420900 -0.00460094399750232697
-0.18000000715255737300 -0.00459759077057242394
-0.17000000178813934300 -0.00460468279197812081
-0.15999999642372131300 -0.00458633992820978165
-0.15000000596046447800 -0.00458209216594696045
-0.14000000059604644800 -0.00458221184089779854
-0.12999999523162841800 -0.00456000305712223053
-0.11999999731779098500 -0.00456165708601474762
-0.10999999940395355200 -0.00457071186974644661
-0.10000000149011611900 -0.00456963898614048958
-0.09000000357627868650 -0.00456405198201537132
-0.07999999821186065670 -0.00458429101854562760
-0.07000000029802322390 -0.00457775918766856194
-0.05999999865889549260 -0.00455828197300434113
-0.05000000074505805970 -0.00456564780324697495
-0.03999999910593032840 -0.00455143395811319351
-0.02999999932944774630 -0.00453491182997822762
-0.01999999955296516420 -0.00453998520970344544
-0.00999999977648258210 -0.00453285919502377510
0.00000000000000000000 -0.00452661514282226563
0.00999999977648258210 -0.00452942494302988052
0.01999999955296516420 -0.00453076791018247604
0.02999999932944774630 -0.00452229380607604981
0.03999999910593032840 -0.00451527489349246025
0.05000000074505805970 -0.00451396312564611435
0.05999999865889549260 -0.00449613993987441063
0.07000000029802322390 -0.00447609880939126015
0.07999999821186065670 -0.00446983100846409798
0.09000000357627868650 -0.00446366984397172928
0.10000000149011611900 -0.00447216304019093514
0.10999999940395355200 -0.00446427613496780396
0.11999999731779098500 -0.00446213223040103912
0.12999999523162841800 -0.00445840181782841683
0.14000000059604644800 -0.00443881796672940254
0.15000000596046447800 -0.00443216413259506226
0.15999999642372131300 -0.00442573614418506622
0.17000000178813934300 -0.00440229894593358040
0.18000000715255737300 -0.00439576711505651474
0.18999999761581420900 -0.00440199580043554306
0.20000000298023223900 -0.00439285906031727791
0.20999999344348907500 -0.00438388297334313393
0.21999999880790710400 -0.00438975496217608452
0.23000000417232513400 -0.00437402678653597832
0.23999999463558197000 -0.00434579094871878624
0.25000000000000000000 -0.00434498023241758347
0.25999999046325683600 -0.00431828619912266731
0.27000001072883606000 -0.00429113907739520073
0.28000000119209289500 -0.00429043406620621681
0.28999999165534973100 -0.00428133876994252205
0.30000001192092895500 -0.00426174513995647431
0.31000000238418579100 -0.00425209710374474526
0.31999999284744262700 -0.00423129089176654816
0.33000001311302185100 -0.00419586012139916420
0.34000000357627868600 -0.00416155811399221420
0.34999999403953552200 -0.00412517879158258438
0.36000001430511474600 -0.00407031504437327385
0.37000000476837158200 -0.00402741087600588799
0.37999999523162841800 -0.00397692620754241944
0.38999998569488525400 -0.00392539706081151962
0.40000000596046447700 -0.00387179409153759480
0.40999999642372131300 -0.00380931189283728600
0.41999998688697814900 -0.00373915699310600758
0.43000000715255737300 -0.00366088701412081719
0.43999999761581420900 -0.00355966389179229736
0.44999998807907104500 -0.00347058591432869434
0.46000000834465026800 -0.00337085104547441006
0.46999999880790710400 -0.00325118494220077992
0.47999998927116394000 -0.00314177991822361946
0.49000000953674316400 -0.00302848801948130131
0.50000000000000000000 -0.00289900600910186768
0.50999999046325683600 -0.00276021310128271580
0.51999998092651367200 -0.00262732198461890221
0.52999997138977050800 -0.00247207190841436386
0.54000002145767211900 -0.00230908393859863281
0.55000001192092895500 -0.00215381709858775139
0.56000000238418579100 -0.00198404095135629177
0.56999999284744262700 -0.00181198597420006990
0.57999998331069946300 -0.00164733699057251215
0.58999997377395629900 -0.00147154403384774923
0.60000002384185791000 -0.00129173102322965860
0.61000001430511474600 -0.00111391395330429077
0.62000000476837158200 -0.00093963672406971455
0.62999999523162841800 -0.00074544281233102083
0.63999998569488525400 -0.00055941182654350996
0.64999997615814209000 -0.00037154310848563910
0.66000002622604370100 -0.00018126440409105271
0.67000001668930053700 0.00000393792197428411
0.68000000715255737300 0.00019380140292923898
0.68999999761581420900 0.00040166461258195341
0.69999998807907104500 0.00059722131118178368
0.70999997854232788100 0.00079444359289482236
0.72000002861022949200 0.00099415855947881937
0.73000001907348632800 0.00119029998313635588
0.74000000953674316400 0.00139579595997929573
0.75000000000000000000 0.00160943297669291496
0.75999999046325683600 0.00182235997635871172
0.76999998092651367200 0.00204575806856155396
0.77999997138977050800 0.00226444797590374947
0.79000002145767211900 0.00248065800406038761
0.80000001192092895500 0.00270850397646427155
0.81000000238418579100 0.00294036511331796646
0.81999999284744262700 0.00318394997157156468
0.82999998331069946300 0.00342313991859555245
0.83999997377395629900 0.00367439188994467259
0.85000002384185791000 0.00392274605110287666
0.86000001430511474600 0.00419007195159792900
0.87000000476837158200 0.00445213681086897850
0.87999999523162841800 0.00473778182640671730
0.88999998569488525400 0.00502010015770792961
0.89999997615814209000 0.00532477488741278649
0.91000002622604370100 0.00561916315928101540
0.92000001668930053700 0.00591260101646184921
0.93000000715255737300 0.00622514495626091957
0.93999999761581420900 0.00654505612328648567
0.94999998807907104500 0.00687463302165269852
0.95999997854232788100 0.00720742484554648400
0.97000002861022949200 0.00755956815555691719
0.98000001907348632800 0.00792285613715648651
0.99000000953674316400 0.00826906785368919373
1.00000000000000000000 0.00864362530410289765
