-1.00000000000000000000 -0.00479670194908976555
-0.99000000953674316400 -0.00479693990200757980
-0.98000001907348632800 -0.00479862000793218613
-0.97000002861022949200 -0.00478749303147196770
-0.95999997854232788100 -0.00478212488815188408
-0.94999998807907104500 -0.00477711902931332588
-0.93999999761581420900 -0.00477442285045981407
-0.93000000715255737300 -0.00477464823052287102
-0.92000001668930053700 -0.00478872796520590782
-0.91000002622604370100 -0.00479148421436548233
-0.89999997615814209000 -0.00478842481970787048
-0.88999998569488525400 -0.00480391597375273705
-0.87999999523162841800 -0.00479266000911593437
-0.87000000476837158200 -0.00478694494813680649
-0.86000001430511474600 -0.00478760199621319771
-0.85000002384185791000 -0.00476962607353925705
-0.83999997377395629900 -0.00476577412337064743
-0.82999998331069946300 -0.00478183291852474213
-0.81999999284744262700 -0.00478447601199150086
-0.81000000238418579100 -0.00478195119649171829
-0.80000001192092895500 -0.00479847798123955727
-0.79000002145767211900 -0.00479527283459901810
-0.77999997138977050800 -0.00477936211973428726
-0.76999998092651367200 -0.00478883879259228706
-0.75999999046325683600 -0.00478721503168344498
-0.75000000000000000000 -0.00476789008826017380
-0.74000000953674316400 -0.00478180218487977982
-0.73000001907348632800 -0.00478827301412820816
-0.72000002861022949200 -0.00478774681687355042
-0.70999997854232788100 -0.00479886680841445923
-0.69999998807907104500 -0.00480547500774264336
-0.68999999761581420900 -0.00479998905211687088
-0.68000000715255737300 -0.00479291100054979324
-0.67000001668930053700 -0.00479315593838691712
-0.66000002622604370100 -0.00478106178343296051
-0.64999997615814209000 -0.00477789202705025673
-0.63999998569488525400 -0.00478157494217157364
-0.62999999523162841800 -0.00478516286239027977
-0.62000000476837158200 -0.00479831406846642494
-0.61000001430511474600 -0.00479611707851290703
-0.60000002384185791000 -0.00480445381253957749
-0.58999997377395629900 -0.00480590388178825379
-0.57999998331069946300 -0.00479429587721824646
-0.56999999284744262700 -0.00479401694610714913
-0.56000000238418579100 -0.00478265993297100067
-0.55000001192092895500 -0.00477923778817057610
-0.54000002145767211900 -0.00478178495541214943
-0.52999997138977050800 -0.00479209283366799355
-0.51999998092651367200 -0.00479082576930522919
-0.50999999046325683600 -0.00479490496218204498
-0.50000000000000000000 -0.00480446685105562210
-0.49000000953674316400 -0.00479060178622603417
-0.47999998927116394000 -0.00478825904428958893
-0.46999999880790710400 -0.00478523690253496170
-0.46000000834465026800 -0.00476633198559284210
-0.44999998807907104500 -0.00476798601448535919
-0.43999999761581420900 -0.00477991998195648194
-0.43000000715255737300 -0.00477616116404533386
-0.41999998688697814900 -0.00478750187903642655
-0.40999999642372131300 -0.00479228189215064049
-0.40000000596046447700 -0.00479128910228610039
-0.38999998569488525400 -0.00478516193106770516
-0.37999999523162841800 -0.00478835497051477432
-0.37000000476837158200 -0.00477575091645121575
-0.36000001430511474600 -0.00476350681856274605
-0.34999999403953552200 -0.00476885214447975159
-0.34000000357627868600 -0.00476907100528478623
-0.33000001311302185100 -0.00478003220632672310
-0.31999999284744262700 -0.00478029577061533928
-0.31000000238418579100 -0.00478659989312291145
-0.30000001192092895500 -0.00478665111586451531
-0.28999999165534973100 -0.00477109709754586220
-0.28000000119209289500 -0.00477065984159708023
-0.27000001072883606000 -0.00476825097575783730
-0.25999999046325683600 -0.00475431000813841820
-0.25000000000000000000 -0.00475373212248086929
-0.23999999463558197000 -0.00476715108379721642
-0.23000000417232513400 -0.00476914411410689354
-0.21999999880790710400 -0.00476805120706558228
-0.20999999344348907500 -0.00478322384878993035
-0.20000000298023223900 -0.00477330200374126434
-0.18999999761581420900 -0.00475771911442279816
-0.18000000715255737300 -0.00476805679500102997
-0.17000000178813934300 -0.00475525297224521637
-0.15999999642372131300 -0.00473928404971957207
-0.15000000596046447800 -0.00475662900134921074
-0.14000000059604644800 -0.00475588580593466759
-0.12999999523162841800 -0.00475664110854268074
-0.11999999731779098500 -0.00476679299026727677
-0.10999999940395355200 -0.00477135321125388146
-0.10000000149011611900 -0.00475659500807523728
-0.09000000357627868650 -0.00476234313100576401
-0.07999999821186065670 -0.00475419219583272934
-0.07000000029802322390 -0.00473156897351145744
-0.05999999865889549260 -0.00473859300836920738
-0.05000000074505805970 -0.00474169384688138962
-0.03999999910593032840 -0.00474213389679789543
-0.02999999932944774630 -0.00475176982581615448
-0.01999999955296516420 -0.00475233606994152069
-0.00999999977648258210 -0.00474967900663614273
0.00000000000000000000 -0.00474705221131443978
0.00999999977648258210 -0.00473860092461109162
0.01999999955296516420 -0.00473169377073645592
0.02999999932944774630 -0.00471806293353438378
0.03999999910593032840 -0.00471359817311167717
0.05000000074505805970 -0.00471535697579383850
0.05999999865889549260 -0.00471687503159046173
0.07000000029802322390 -0.00472197681665420532
0.07999999821186065670 -0.00472000706940889359
0.09000000357627868650 -0.00472673820331692696
0.10000000149011611900 -0.00471680704504251480
0.10999999940395355200 -0.00470545515418052674
0.11999999731779098500 -0.00470126001164317131
0.12999999523162841800 -0.00468088779598474503
0.14000000059604644800 -0.00467222603037953377
0.15000000596046447800 -0.00468174694105982781
0.15999999642372131300 -0.00468177814036607742
0.17000000178813934300 -0.00467313500121235848
0.18000000715255737300 -0.00467908196151256561
0.18999999761581420900 -0.00467404490336775780
0.20000000298023223900 -0.00465398607775568962
0.20999999344348907500 -0.00465047918260097504
0.21999999880790710400 -0.00463599013164639473
0.23000000417232513400 -0.00460679410025477410
0.23999999463558197000 -0.00460518291220068932
0.25000000000000000000 -0.00459883594885468483
0.25999999046325683600 -0.00458397623151540756
0.27000001072883606000 -0.00458019506186246872
0.28000000119209289500 -0.00456620613113045693
0.28999999165534973100 -0.00453832512721419335
0.30000001192092895500 -0.00451020710170269013
0.31000000238418579100 -0.00448345579206943512
0.31999999284744262700 -0.00443836906924843788
0.33000001311302185100 -0.00439458712935447693
0.34000000357627868600 -0.00435965182259678841
0.34999999403953552200 -0.00431378604844212532
0.36000001430511474600 -0.00427439017221331596
0.37000000476837158200 -0.00421670405194163323
0.37999999523162841800 -0.00415414106100797653
0.38999998569488525400 -0.00408504577353596687
0.40000000596046447700 -0.00400336785241961479
0.40999999642372131300 -0.00391615787521004677
0.41999998688697814900 -0.00381855107843875885
0.43000000715255737300 -0.00371065991930663586
0.43999999761581420900 -0.00360312894918024540
0.44999998807907104500 -0.00349598308093845844
0.46000000834465026800 -0.00336880609393119812
0.46999999880790710400 -0.00323698809370398522
0.47999998927116394000 -0.00310480198822915554
0.49000000953674316400 -0.00295101106166839600
0.50000000000000000000 -0.00279348902404308319
0.50999999046325683600 -0.00263681309297680855
0.51999998092651367200 -0.00246382108889520168
0.52999997138977050800 -0.00229210709221661091
0.54000002145767211900 -0.00212486600503325462
0.55000001192092895500 -0.00194545101840049028
0.56000000238418579100 -0.00176382297649979591
0.56999999284744262700 -0.00158306001685559750
0.57999998331069946300 -0.00139562203548848629
0.58999997377395629900 -0.00119720294605940580
0.60000002384185791000 -0.00100862898398190737
0.61000001430511474600 -0.00082755577750504017
0.62000000476837158200 -0.00062410888494923711
0.62999999523162841800 -0.00042612978722900152
0.63999998569488525400 -0.00022752389486413449
0.64999997615814209000 -0.00003557515083230101
0.66000002622604370100 0.00015800290566403419
0.67000001668930053700 0.00036280159838497639
0.68000000715255737300 0.00056572322500869632
0.68999999761581420900 0.00076869782060384750
0.69999998807907104500 0.00097181001910939813
0.70999997854232788100 0.00116923695895820856
0.72000002861022949200 0.00137760094366967678
0.73000001907348632800 0.00158597901463508606
0.74000000953674316400 0.00179515103809535503
0.75000000000000000000 0.00200788490474224091
0.75999999046325683600 0.00222295406274497509
0.76999998092651367200 0.00244012102484703064
0.77999997138977050800 0.00266253994777798653
0.79000002145767211900 0.00288809603080153465
0.80000001192092895500 0.00311512011103332043
0.81000000238418579100 0.00334974401630461216
0.81999999284744262700 0.00358631811104714871
0.82999998331069946300 0.00382385705597698689
0.83999997377395629900 0.00407250318676233292
0.85000002384185791000 0.00432557519525289536
0.86000001430511474600 0.00458065792918205261
0.87000000476837158200 0.00484559219330549240
0.87999999523162841800 0.00511487200856208801
0.88999998569488525400 0.00538514787331223488
0.89999997615814209000 0.00566215114668011666
0.91000002622604370100 0.00594652676954865456
0.92000001668930053700 0.00623077619820833206
0.93000000715255737300 0.00652202498167753220
0.93999999761581420900 0.00682362308725714684
0.94999998807907104500 0.00712803006172180176
0.95999997854232788100 0.00744306622073054314
0.97000002861022949200 0.00775891495868563652
0.98000001907348632800 0.00808410532772541046
0.99000000953674316400 0.00841258000582456589
1.00000000000000000000 0.00873865839093923569
