-1.00000000000000000000 -0.00465209782123565674
-0.99000000953674316400 -0.00464800978079438210
-0.98000001907348632800 -0.00466693984344601631
-0.97000002861022949200 -0.00466551119461655617
-0.95999997854232788100 -0.00466944277286529541
-0.94999998807907104500 -0.00467119598761200905
-0.93999999761581420900 -0.00467055477201938629
-0.93000000715255737300 -0.00465871300548315048
-0.92000001668930053700 -0.00466704880818724632
-0.91000002622604370100 -0.00465664314106106758
-0.89999997615814209000 -0.00463423691689968109
-0.88999998569488525400 -0.00465166615322232247
-0.87999999523162841800 -0.00465235300362110138
-0.87000000476837158200 -0.00465436698868870735
-0.86000001430511474600 -0.00465109013020992279
-0.85000002384185791000 -0.00465760985389351845
-0.83999997377395629900 -0.00465277908369898796
-0.82999998331069946300 -0.00464654481038451195
-0.81999999284744262700 -0.00464516179636120796
-0.81000000238418579100 -0.00463677290827035904
-0.80000001192092895500 -0.00462900009006261826
-0.79000002145767211900 -0.00462801195681095123
-0.77999997138977050800 -0.00463486183434724808
-0.76999998092651367200 -0.00464092008769512177
-0.75999999046325683600 -0.00464405305683612824
-0.75000000000000000000 -0.00465167500078678131
-0.74000000953674316400 -0.00465660309419035912
-0.73000001907348632800 -0.00463966513052582741
-0.72000002861022949200 -0.00464138109236955643
-0.70999997854232788100 -0.00462836585938930512
-0.69999998807907104500 -0.00461253477260470390
-0.68999999761581420900 -0.00461551407352089882
-0.68000000715255737300 -0.00462628295645117760
-0.67000001668930053700 -0.00462686922401189804
-0.66000002622604370100 -0.00462935119867324829
-0.64999997615814209000 -0.00465078884735703468
-0.63999998569488525400 -0.00464400695636868477
-0.62999999523162841800 -0.00463066808879375458
-0.62000000476837158200 -0.00464049587026238442
-0.61000001430511474600 -0.00462639704346656799
-0.60000002384185791000 -0.00461698183789849281
-0.58999997377395629900 -0.00462739402428269386
-0.57999998331069946300 -0.00463034212589263916
-0.56999999284744262700 -0.00463525298982858658
-0.56000000238418579100 -0.00465321214869618416
-0.55000001192092895500 -0.00465565687045454979
-0.54000002145767211900 -0.00465247593820095062
-0.52999997138977050800 -0.00464772805571556091
-0.51999998092651367200 -0.00464483397081494332
-0.50999999046325683600 -0.00463440688326954842
-0.50000000000000000000 -0.00463150721043348313
-0.49000000953674316400 -0.00463766278699040413
-0.47999998927116394000 -0.00464294198900461197
-0.46999999880790710400 -0.00465076882392168045
-0.46000000834465026800 -0.00464829290285706520
-0.44999998807907104500 -0.00466178823262453079
-0.43999999761581420900 -0.00465671904385089874
-0.43000000715255737300 -0.00464668311178684235
-0.41999998688697814900 -0.00464597297832369805
-0.40999999642372131300 -0.00464470684528350830
-0.40000000596046447700 -0.00463595287874341011
-0.38999998569488525400 -0.00464850896969437599
-0.37999999523162841800 -0.00465306406840682030
-0.37000000476837158200 -0.00465103285387158394
-0.36000001430511474600 -0.00466482900083065033
-0.34999999403953552200 -0.00465592602267861366
-0.34000000357627868600 -0.00464165303856134415
-0.33000001311302185100 -0.00464846380054950714
-0.31999999284744262700 -0.00463681807741522789
-0.31000000238418579100 -0.00462082307785749436
-0.30000001192092895500 -0.00462664803490042687
-0.28999999165534973100 -0.00463125994428992272
-0.28000000119209289500 -0.00463070999830961228
-0.27000001072883606000 -0.00464382022619247437
-0.25999999046325683600 -0.00463542016223073006
-0.25000000000000000000 -0.00463555287569761276
-0.23999999463558197000 -0.00463301502168178558
-0.23000000417232513400 -0.00463035283610224724
-0.21999999880790710400 -0.00461668288335204125
-0.20999999344348907500 -0.00460688490420579910
-0.20000000298023223900 -0.00460307300090789795
-0.18999999761581420900 -0.00459973700344562531
-0.18000000715255737300 -0.00461373711004853249
-0.17000000178813934300 -0.00461054500192403793
-0.15999999642372131300 -0.00461102509871125221
-0.15000000596046447800 -0.00462011899799108505
-0.14000000059604644800 -0.00460835918784141541
-0.12999999523162841800 -0.00460733985528349877
-0.11999999731779098500 -0.00460601691156625748
-0.10999999940395355200 -0.00458827521651983261
-0.10000000149011611900 -0.00458347611129283905
-0.09000000357627868650 -0.00460050581023097038
-0.07999999821186065670 -0.00460004108026623726
-0.07000000029802322390 -0.00459889881312847138
-0.05999999865889549260 -0.00461132405325770378
-0.05000000074505805970 -0.00461557786911725998
-0.03999999910593032840 -0.00459885597229003906
-0.02999999932944774630 -0.00460885604843497276
-0.01999999955296516420 -0.00460011605173349381
-0.00999999977648258210 -0.00458108820021152496
0.00000000000000000000 -0.00459711020812392235
0.00999999977648258210 -0.00459423009306192398
0.01999999955296516420 -0.00459639495238661766
0.02999999932944774630 -0.00460503203794360161
0.03999999910593032840 -0.00461798394098877907
0.05000000074505805970 -0.00461495900526642800
0.05999999865889549260 -0.00461256690323352814
0.07000000029802322390 -0.00460963603109121323
0.07999999821186065670 -0.00459863385185599327
0.09000000357627868650 -0.00458745379000902176
0.10000000149011611900 -0.00459283078089356423
0.10999999940395355200 -0.00459828414022922516
0.11999999731779098500 -0.00460422178730368614
0.12999999523162841800 -0.00460310792550444603
0.14000000059604644800 -0.00460245879366993904
0.15000000596046447800 -0.00460652681067585945
0.15999999642372131300 -0.00459019700065255165
0.17000000178813934300 -0.00458688614889979363
0.18000000715255737300 -0.00458284001797437668
0.18999999761581420900 -0.00456893397495150566
0.20000000298023223900 -0.00456436583772301674
0.20999999344348907500 -0.00457204086706042290
0.21999999880790710400 -0.00456690415740013123
0.23000000417232513400 -0.00455878116190433502
0.23999999463558197000 -0.00456660380586981774
0.25000000000000000000 -0.00455138692632317543
0.25999999046325683600 -0.00452581094577908516
0.27000001072883606000 -0.00452350405976176262
0.28000000119209289500 -0.00450152205303311348
0.28999999165534973100 -0.00447244290262460709
0.30000001192092895500 -0.00446635810658335686
0.31000000238418579100 -0.00444863177835941315
0.31999999284744262700 -0.00442496594041585922
0.33000001311302185100 -0.00441142311319708824
0.34000000357627868600 -0.00438513001427054405
0.34999999403953552200 -0.00434531783685088158
0.36000001430511474600 -0.00430532218888401985
0.37000000476837158200 -0.00426306109875440598
0.37999999523162841800 -0.00420320592820644379
0.38999998569488525400 -0.00414496893063187599
0.40000000596046447700 -0.00408588582649827004
0.40999999642372131300 -0.00402143690735101700
0.41999998688697814900 -0.00395583314821124077
0.43000000715255737300 -0.00387521809898316860
0.43999999761581420900 -0.00379141094163060188
0.44999998807907104500 -0.00369294802658259869
0.46000000834465026800 -0.00357668800279498100
0.46999999880790710400 -0.00346506410278379917
0.47999998927116394000 -0.00334200798533856869
0.49000000953674316400 -0.00320425000973045826
0.50000000000000000000 -0.00307025597430765629
0.50999999046325683600 -0.00293579790741205216
0.51999998092651367200 -0.00278327404521405697
0.52999997138977050800 -0.00262751290574669838
0.54000002145767211900 -0.00247206701897084713
0.55000001192092895500 -0.00229704496450722218
0.56000000238418579100 -0.00211760401725769043
0.56999999284744262700 -0.00194618199020624161
0.57999998331069946300 -0.00176057405769824982
0.58999997377395629900 -0.00157460803166031838
0.60000002384185791000 -0.00139598699752241373
0.61000001430511474600 -0.00120904098730534315
0.62000000476837158200 -0.00102236599195748568
0.62999999523162841800 -0.00084517127834260464
0.63999998569488525400 -0.00064793002093210816
0.64999997615814209000 -0.00045583001337945461
0.66000002622604370100 -0.00026526860892772675
0.67000001668930053700 -0.00008093711221590638
0.68000000715255737300 0.00010590220335870981
0.68999999761581420900 0.00030334870098158717
0.69999998807907104500 0.00050085061229765415
0.70999997854232788100 0.00069759140023961663
0.72000002861022949200 0.00089662329992279410
0.73000001907348632800 0.00108990003354847431
0.74000000953674316400 0.00129527994431555271
0.75000000000000000000 0.00150249595753848553
0.75999999046325683600 0.00171320501249283552
0.76999998092651367200 0.00192518997937440872
0.77999997138977050800 0.00214334903284907341
0.79000002145767211900 0.00236570904962718487
0.80000001192092895500 0.00258958898484706879
0.81000000238418579100 0.00282401707954704762
0.81999999284744262700 0.00306495907716453076
0.82999998331069946300 0.00331011391244828701
0.83999997377395629900 0.00356361502781510353
0.85000002384185791000 0.00382768502458930016
0.86000001430511474600 0.00409252988174557686
0.87000000476837158200 0.00436358107253909111
0.87999999523162841800 0.00464728195220232010
0.88999998569488525400 0.00493098888546228409
0.89999997615814209000 0.00522010307759046555
0.91000002622604370100 0.00553138507530093193
0.92000001668930053700 0.00584348104894161225
0.93000000715255737300 0.00616549002006649971
0.93999999761581420900 0.00649403920397162438
0.94999998807907104500 0.00683054002001881600
0.95999997854232788100 0.00717118522152304650
0.97000002861022949200 0.00751451589167118073
0.98000001907348632800 0.00787128321826457978
0.99000000953674316400 0.00823377911001443863
1.00000000000000000000 0.00859943404793739319
