-1.00000000000000000000 -0.00488898903131484986
-0.99000000953674316400 -0.00490691186860203743
-0.98000001907348632800 -0.00489378906786441803
-0.97000002861022949200 -0.00488743092864751816
-0.95999997854232788100 -0.00489749619737267494
-0.94999998807907104500 -0.00487872119992971420
-0.93999999761581420900 -0.00487522920593619347
-0.93000000715255737300 -0.00488038919866085053
-0.92000001668930053700 -0.00488254195079207420
-0.91000002622604370100 -0.00489444099366664887
-0.89999997615814209000 -0.00489698909223079682
-0.88999998569488525400 -0.00489687221124768257
-0.87999999523162841800 -0.00490340776741504669
-0.87000000476837158200 -0.00488688191398978234
-0.86000001430511474600 -0.00489048101007938385
-0.85000002384185791000 -0.00489046610891819000
-0.83999997377395629900 -0.00487761199474334717
-0.82999998331069946300 -0.00487765716388821602
-0.81999999284744262700 -0.00489311199635267258
-0.81000000238418579100 -0.00489665893837809563
-0.80000001192092895500 -0.00489261606708168984
-0.79000002145767211900 -0.00491257989779114723
-0.77999997138977050800 -0.00490302685648202896
-0.76999998092651367200 -0.00488572521135210991
-0.75999999046325683600 -0.00489775417372584343
-0.75000000000000000000 -0.00488802883774042130
-0.74000000953674316400 -0.00487451115623116493
-0.73000001907348632800 -0.00488542998209595680
-0.72000002861022949200 -0.00488568283617496491
-0.70999997854232788100 -0.00488314591348171234
-0.69999998807907104500 -0.00489843823015689850
-0.68999999761581420900 -0.00490164710208773613
-0.68000000715255737300 -0.00489383097738027573
-0.67000001668930053700 -0.00489168800413608551
-0.66000002622604370100 -0.00489069987088441849
-0.64999997615814209000 -0.00487754680216312409
-0.63999998569488525400 -0.00487373303622007370
-0.62999999523162841800 -0.00487380195409059525
-0.62000000476837158200 -0.00487645389512181282
-0.61000001430511474600 -0.00488211400806903839
-0.60000002384185791000 -0.00487875798717141152
-0.58999997377395629900 -0.00488206790760159493
-0.57999998331069946300 -0.00488572614267468453
-0.56999999284744262700 -0.00487063778564333916
-0.56000000238418579100 -0.00486866291612386704
-0.55000001192092895500 -0.00486352294683456421
-0.54000002145767211900 -0.00484172999858856201
-0.52999997138977050800 -0.00484255515038967133
-0.51999998092651367200 -0.00486166495829820633
-0.50999999046325683600 -0.00485882395878434181
-0.50000000000000000000 -0.00485701020807027817
-0.49000000953674316400 -0.00487334700301289559
-0.47999998927116394000 -0.00486337207257747650
-0.46999999880790710400 -0.00484824413433670998
-0.46000000834465026800 -0.00485820602625608444
-0.44999998807907104500 -0.00483923498541116715
-0.43999999761581420900 -0.00482095079496502876
-0.43000000715255737300 -0.00483948597684502602
-0.41999998688697814900 -0.00483892299234867096
-0.40999999642372131300 -0.00484261102974414826
-0.40000000596046447700 -0.00485209189355373383
-0.38999998569488525400 -0.00485843420028686524
-0.37999999523162841800 -0.00484958617016673088
-0.37000000476837158200 -0.00484586507081985474
-0.36000001430511474600 -0.00484351115301251412
-0.34999999403953552200 -0.00483598886057734490
-0.34000000357627868600 -0.00482938205823302269
-0.33000001311302185100 -0.00482885586097836495
-0.31999999284744262700 -0.00483630411326885224
-0.31000000238418579100 -0.00484820595011115074
-0.30000001192092895500 -0.00484703714028000832
-0.28999999165534973100 -0.00485319877043366432
-0.28000000119209289500 -0.00485865492373704910
-0.27000001072883606000 -0.00484087783843278885
-0.25999999046325683600 -0.00484677217900753021
-0.25000000000000000000 -0.00484264688566327095
-0.23999999463558197000 -0.00482235616073012352
-0.23000000417232513400 -0.00482280785217881203
-0.21999999880790710400 -0.00483476696535944939
-0.20999999344348907500 -0.00483357021585106850
-0.20000000298023223900 -0.00483630690723657608
-0.18999999761581420900 -0.00485244998708367348
-0.18000000715255737300 -0.00484179984778165817
-0.17000000178813934300 -0.00483229896053671837
-0.15999999642372131300 -0.00483999680727720261
-0.15000000596046447800 -0.00482786307111382485
-0.14000000059604644800 -0.00480707595124840737
-0.12999999523162841800 -0.00481884088367223740
-0.11999999731779098500 -0.00481927720829844475
-0.10999999940395355200 -0.00482340017333626747
-0.10000000149011611900 -0.00483283400535583496
-0.09000000357627868650 -0.00482939789071679115
-0.07999999821186065670 -0.00483208708465099335
-0.07000000029802322390 -0.00482789706438779831
-0.05999999865889549260 -0.00482390588149428368
-0.05000000074505805970 -0.00481453118845820427
-0.03999999910593032840 -0.00480272620916366577
-0.02999999932944774630 -0.00480052502825856209
-0.01999999955296516420 -0.00480181910097599030
-0.00999999977648258210 -0.00480735395103693009
0.00000000000000000000 -0.00479763885959982872
0.00999999977648258210 -0.00479943212121725083
0.01999999955296516420 -0.00481153512373566628
0.02999999932944774630 -0.00479742977768182755
0.03999999910593032840 -0.00478597776964306832
0.05000000074505805970 -0.00478205783292651177
0.05999999865889549260 -0.00476477900519967079
0.07000000029802322390 -0.00475405715405941010
0.07999999821186065670 -0.00476636504754424095
0.09000000357627868650 -0.00476301321759819985
0.10000000149011611900 -0.00476422999054193497
0.10999999940395355200 -0.00477426499128341675
0.11999999731779098500 -0.00477374577894806862
0.12999999523162841800 -0.00476149283349514008
0.14000000059604644800 -0.00474700611084699631
0.15000000596046447800 -0.00474159885197877884
0.15999999642372131300 -0.00472435215488076210
0.17000000178813934300 -0.00471994001418352127
0.18000000715255737300 -0.00471431715413928032
0.18999999761581420900 -0.00471380678936839104
0.20000000298023223900 -0.00471816118806600571
0.20999999344348907500 -0.00471259513869881630
0.21999999880790710400 -0.00470852619037032128
0.23000000417232513400 -0.00470332102850079537
0.23999999463558197000 -0.00467629591003060341
0.25000000000000000000 -0.00467010308057069779
0.25999999046325683600 -0.00465334206819534302
0.27000001072883606000 -0.00462455907836556435
0.28000000119209289500 -0.00461169006302952767
0.28999999165534973100 -0.00460463389754295349
0.30000001192092895500 -0.00458304816856980324
0.31000000238418579100 -0.00456105917692184448
0.31999999284744262700 -0.00454579805955290795
0.33000001311302185100 -0.00450650788843631745
0.34000000357627868600 -0.00445816479623317719
0.34999999403953552200 -0.00441773282364010811
0.36000001430511474600 -0.00436040898784995079
0.37000000476837158200 -0.00429566716775298119
0.37999999523162841800 -0.00424871919676661492
0.38999998569488525400 -0.00418527983129024506
0.40000000596046447700 -0.00411293003708124161
0.40999999642372131300 -0.00404307292774319649
0.41999998688697814900 -0.00395380379632115364
0.43000000715255737300 -0.00385525892488658428
0.43999999761581420900 -0.00374656892381608486
0.44999998807907104500 -0.00363207003101706505
0.46000000834465026800 -0.00350612890906631947
0.46999999880790710400 -0.00337101588957011700
0.47999998927116394000 -0.00323279201984405518
0.49000000953674316400 -0.00309100304730236530
0.50000000000000000000 -0.00294679892249405384
0.50999999046325683600 -0.00278659211471676827
0.51999998092651367200 -0.00262400601059198380
0.52999997138977050800 -0.00245300098322331905
0.54000002145767211900 -0.00226867990568280220
0.55000001192092895500 -0.00208749994635581970
0.56000000238418579100 -0.00190152903087437153
0.56999999284744262700 -0.00170503102708607912
0.57999998331069946300 -0.00151765602640807629
0.58999997377395629900 -0.00132933398708701134
0.60000002384185791000 -0.00113492796663194895
0.61000001430511474600 -0.00095623708330094814
0.62000000476837158200 -0.00075358507456257939
0.62999999523162841800 -0.00055708742002025247
0.63999998569488525400 -0.00036234440631233156
0.64999997615814209000 -0.00016645519644953310
0.66000002622604370100 0.00001801088910724502
0.67000001668930053700 0.00020436619524843991
0.68000000715255737300 0.00040402339072898030
0.68999999761581420900 0.00060212332755327225
0.69999998807907104500 0.00079836958320811391
0.70999997854232788100 0.00099623377900570631
0.72000002861022949200 0.00118689099326729775
0.73000001907348632800 0.00139152398332953453
0.74000000953674316400 0.00159580202307552099
0.75000000000000000000 0.00180309603456407785
0.75999999046325683600 0.00201366888359189034
0.76999998092651367200 0.00222873501479625702
0.77999997138977050800 0.00244690105319023132
0.79000002145767211900 0.00267054699361324310
0.80000001192092895500 0.00290055503137409687
0.81000000238418579100 0.00313672493211925030
0.81999999284744262700 0.00337940989993512631
0.82999998331069946300 0.00362888793461024761
0.83999997377395629900 0.00388491293415427208
0.85000002384185791000 0.00414667418226599693
0.86000001430511474600 0.00441547390073537827
0.87000000476837158200 0.00469212513417005539
0.87999999523162841800 0.00497312517836689949
0.88999998569488525400 0.00526273390278220177
0.89999997615814209000 0.00556166702881455422
0.91000002622604370100 0.00587042700499296189
0.92000001668930053700 0.00618741381913423538
0.93000000715255737300 0.00650907400995492935
0.93999999761581420900 0.00684517109766602516
0.94999998807907104500 0.00718443701043725014
0.95999997854232788100 0.00752373086288571358
0.97000002861022949200 0.00788217503577470780
0.98000001907348632800 0.00823910627514123917
0.99000000953674316400 0.00860077515244483948
1.00000000000000000000 0.00898514781147241593
