-1.00000000000000000000 -0.00486476020887494087
-0.99000000953674316400 -0.00486773997545242310
-0.98000001907348632800 -0.00488392682746052742
-0.97000002861022949200 -0.00488172285258769989
-0.95999997854232788100 -0.00488324882462620735
-0.94999998807907104500 -0.00489622214809060097
-0.93999999761581420900 -0.00489227520301938057
-0.93000000715255737300 -0.00487379217520356178
-0.92000001668930053700 -0.00488964421674609184
-0.91000002622604370100 -0.00487309601157903671
-0.89999997615814209000 -0.00485871499404311180
-0.88999998569488525400 -0.00487117003649473190
-0.87999999523162841800 -0.00487075885757803917
-0.87000000476837158200 -0.00487447017803788185
-0.86000001430511474600 -0.00488610705360770226
-0.85000002384185791000 -0.00488792592659592629
-0.83999997377395629900 -0.00488406885415315628
-0.82999998331069946300 -0.00488160783424973488
-0.81999999284744262700 -0.00487818801775574684
-0.81000000238418579100 -0.00486874300986528397
-0.80000001192092895500 -0.00486652087420225144
-0.79000002145767211900 -0.00486211106181144714
-0.77999997138977050800 -0.00487117795273661614
-0.76999998092651367200 -0.00487944483757019043
-0.75999999046325683600 -0.00487821595743298531
-0.75000000000000000000 -0.00488453684374690056
-0.74000000953674316400 -0.00488901603966951370
-0.73000001907348632800 -0.00486844219267368317
-0.72000002861022949200 -0.00487808696925640106
-0.70999997854232788100 -0.00487114302814006806
-0.69999998807907104500 -0.00485166721045970917
-0.68999999761581420900 -0.00486122490838170052
-0.68000000715255737300 -0.00487111601978540421
-0.67000001668930053700 -0.00486888410523533821
-0.66000002622604370100 -0.00487411813810467720
-0.64999997615814209000 -0.00488654617220163346
-0.63999998569488525400 -0.00487345922738313675
-0.62999999523162841800 -0.00487001286819577217
-0.62000000476837158200 -0.00487546622753143311
-0.61000001430511474600 -0.00486164819449186325
-0.60000002384185791000 -0.00485234707593917847
-0.58999997377395629900 -0.00486058508977293968
-0.57999998331069946300 -0.00486276205629110336
-0.56999999284744262700 -0.00487395515665411949
-0.56000000238418579100 -0.00487927021458745003
-0.55000001192092895500 -0.00488051399588584900
-0.54000002145767211900 -0.00488304579630494118
-0.52999997138977050800 -0.00486995605751872063
-0.51999998092651367200 -0.00486775720492005348
-0.50999999046325683600 -0.00486779399216175080
-0.50000000000000000000 -0.00485278991982340813
-0.49000000953674316400 -0.00485572591423988342
-0.47999998927116394000 -0.00487651303410530090
-0.46999999880790710400 -0.00488071190193295479
-0.46000000834465026800 -0.00487597379833459854
-0.44999998807907104500 -0.00490632420405745506
-0.43999999761581420900 -0.00489741703495383263
-0.43000000715255737300 -0.00488142296671867371
-0.41999998688697814900 -0.00489387102425098419
-0.40999999642372131300 -0.00487969210371375084
-0.40000000596046447700 -0.00486247520893812180
-0.38999998569488525400 -0.00487831793725490570
-0.37999999523162841800 -0.00488223694264888764
-0.37000000476837158200 -0.00487780105322599411
-0.36000001430511474600 -0.00489364378154277802
-0.34999999403953552200 -0.00489548593759536743
-0.34000000357627868600 -0.00488500995561480522
-0.33000001311302185100 -0.00488646700978279114
-0.31999999284744262700 -0.00488091818988323212
-0.31000000238418579100 -0.00486235879361629486
-0.30000001192092895500 -0.00486958306282758713
-0.28999999165534973100 -0.00486887618899345398
-0.28000000119209289500 -0.00486756395548582077
-0.27000001072883606000 -0.00488486886024475098
-0.25999999046325683600 -0.00488157384097576142
-0.25000000000000000000 -0.00488334102556109429
-0.23999999463558197000 -0.00488486094400286675
-0.23000000417232513400 -0.00487212603911757469
-0.21999999880790710400 -0.00486781401559710503
-0.20999999344348907500 -0.00486187404021620751
-0.20000000298023223900 -0.00485498085618019104
-0.18999999761581420900 -0.00485317921265959740
-0.18000000715255737300 -0.00486981216818094254
-0.17000000178813934300 -0.00486624892801046372
-0.15999999642372131300 -0.00486488686874508858
-0.15000000596046447800 -0.00488269422203302384
-0.14000000059604644800 -0.00487044593319296837
-0.12999999523162841800 -0.00485778320580720902
-0.11999999731779098500 -0.00486494414508342743
-0.10999999940395355200 -0.00484388321638107300
-0.10000000149011611900 -0.00484026921913027764
-0.09000000357627868650 -0.00485718622803688049
-0.07999999821186065670 -0.00485297897830605507
-0.07000000029802322390 -0.00485802115872502327
-0.05999999865889549260 -0.00486786710098385811
-0.05000000074505805970 -0.00487009622156620026
-0.03999999910593032840 -0.00486127985641360283
-0.02999999932944774630 -0.00486051896587014198
-0.01999999955296516420 -0.00485019013285636902
-0.00999999977648258210 -0.00483647407963871956
0.00000000000000000000 -0.00483642099425196648
0.00999999977648258210 -0.00483539700508117676
0.01999999955296516420 -0.00483592506498098374
0.02999999932944774630 -0.00484862085431814194
0.03999999910593032840 -0.00484606018289923668
0.05000000074505805970 -0.00484779616817831993
0.05999999865889549260 -0.00485135009512305260
0.07000000029802322390 -0.00483386078849434853
0.07999999821186065670 -0.00482970289885997772
0.09000000357627868650 -0.00482416199520230293
0.10000000149011611900 -0.00481127994135022164
0.10999999940395355200 -0.00480915512889623642
0.11999999731779098500 -0.00482015497982501984
0.12999999523162841800 -0.00481614097952842713
0.14000000059604644800 -0.00481024710461497307
0.15000000596046447800 -0.00482333404943346977
0.15999999642372131300 -0.00480740098282694817
0.17000000178813934300 -0.00478694308549165726
0.18000000715255737300 -0.00479293381795287132
0.18999999761581420900 -0.00476727401837706566
0.20000000298023223900 -0.00475737592205405235
0.20999999344348907500 -0.00475979084149003029
0.21999999880790710400 -0.00475229416042566300
0.23000000417232513400 -0.00474170688539743424
0.23999999463558197000 -0.00474507920444011688
0.25000000000000000000 -0.00472901389002799988
0.25999999046325683600 -0.00471021188423037529
0.27000001072883606000 -0.00469174515455961228
0.28000000119209289500 -0.00466726394370198250
0.28999999165534973100 -0.00463205622509121895
0.30000001192092895500 -0.00461040297523140907
0.31000000238418579100 -0.00458357809111475945
0.31999999284744262700 -0.00455553783103823662
0.33000001311302185100 -0.00453071296215057373
0.34000000357627868600 -0.00448657711967825890
0.34999999403953552200 -0.00444964691996574402
0.36000001430511474600 -0.00439807306975126267
0.37000000476837158200 -0.00432941177859902382
0.37999999523162841800 -0.00426569022238254547
0.38999998569488525400 -0.00419007008895277977
0.40000000596046447700 -0.00410012807697057724
0.40999999642372131300 -0.00402161013334989548
0.41999998688697814900 -0.00393844582140445709
0.43000000715255737300 -0.00383371091447770596
0.43999999761581420900 -0.00373019906692206860
0.44999998807907104500 -0.00361933303065598011
0.46000000834465026800 -0.00348539697006344795
0.46999999880790710400 -0.00334884994663298130
0.47999998927116394000 -0.00321315508335828781
0.49000000953674316400 -0.00305731710977852345
0.50000000000000000000 -0.00290178507566452026
0.50999999046325683600 -0.00274648307822644711
0.51999998092651367200 -0.00258127995766699314
0.52999997138977050800 -0.00241450010798871517
0.54000002145767211900 -0.00224174303002655506
0.55000001192092895500 -0.00206490489654242992
0.56000000238418579100 -0.00187892501708120108
0.56999999284744262700 -0.00169119599740952253
0.57999998331069946300 -0.00150140095502138138
0.58999997377395629900 -0.00130904105026274920
0.60000002384185791000 -0.00111517100594937801
0.61000001430511474600 -0.00094107550103217363
0.62000000476837158200 -0.00073872262146323919
0.62999999523162841800 -0.00054021150572225451
0.63999998569488525400 -0.00034349109046161175
0.64999997615814209000 -0.00015022189472801983
0.66000002622604370100 0.00003333756103529595
0.67000001668930053700 0.00022642400290351361
0.68000000715255737300 0.00042638689046725631
0.68999999761581420900 0.00062450027326121926
0.69999998807907104500 0.00082306808326393366
0.70999997854232788100 0.00102093303576111794
0.72000002861022949200 0.00121462903916835785
0.73000001907348632800 0.00141921895556151867
0.74000000953674316400 0.00162352202460169792
0.75000000000000000000 0.00183111999649554491
0.75999999046325683600 0.00204142206348478794
0.76999998092651367200 0.00225409795530140400
0.77999997138977050800 0.00247046188451349735
0.79000002145767211900 0.00269090989604592323
0.80000001192092895500 0.00291422498412430286
0.81000000238418579100 0.00314415106549859047
0.81999999284744262700 0.00338019197806715965
0.82999998331069946300 0.00362028810195624828
0.83999997377395629900 0.00386856705881655216
0.85000002384185791000 0.00412036711350083351
0.86000001430511474600 0.00437743077054619789
0.87000000476837158200 0.00464424397796392441
0.87999999523162841800 0.00491084298118948937
0.88999998569488525400 0.00518497405573725701
0.89999997615814209000 0.00546721601858735085
0.91000002622604370100 0.00574974808841943741
0.92000001668930053700 0.00604307511821389198
0.93000000715255737300 0.00635275617241859436
0.93999999761581420900 0.00666020298376679421
0.94999998807907104500 0.00697526196017861366
0.95999997854232788100 0.00730041880160570145
0.97000002861022949200 0.00762812001630663872
0.98000001907348632800 0.00795686244964599610
0.99000000953674316400 0.00830093026161193848
1.00000000000000000000 0.00864117033779621125
