-1.00000000000000000000 -0.00486465310677886009
-0.99000000953674316400 -0.00486697209998965264
-0.98000001907348632800 -0.00487991701811552048
-0.97000002861022949200 -0.00488098198547959328
-0.95999997854232788100 -0.00486521888524293900
-0.94999998807907104500 -0.00487592304125428200
-0.93999999761581420900 -0.00486622098833322525
-0.93000000715255737300 -0.00484523782506585121
-0.92000001668930053700 -0.00485699018463492394
-0.91000002622604370100 -0.00486245984211564064
-0.89999997615814209000 -0.00486225401982665062
-0.88999998569488525400 -0.00487398682162165642
-0.87999999523162841800 -0.00488018011674284935
-0.87000000476837158200 -0.00487013021484017372
-0.86000001430511474600 -0.00486667407676577568
-0.85000002384185791000 -0.00486720213666558266
-0.83999997377395629900 -0.00485260086134076119
-0.82999998331069946300 -0.00484880805015563965
-0.81999999284744262700 -0.00485381484031677246
-0.81000000238418579100 -0.00485539389774203301
-0.80000001192092895500 -0.00486515508964657784
-0.79000002145767211900 -0.00486544286832213402
-0.77999997138977050800 -0.00487313512712717056
-0.76999998092651367200 -0.00487255118787288666
-0.75999999046325683600 -0.00486025586724281311
-0.75000000000000000000 -0.00485970592126250267
-0.74000000953674316400 -0.00484796799719333649
-0.73000001907348632800 -0.00484359683468937874
-0.72000002861022949200 -0.00484931096434593201
-0.70999997854232788100 -0.00485870102420449257
-0.69999998807907104500 -0.00486011197790503502
-0.68999999761581420900 -0.00486378790810704231
-0.68000000715255737300 -0.00487579312175512314
-0.67000001668930053700 -0.00485804304480552674
-0.66000002622604370100 -0.00485984096303582192
-0.64999997615814209000 -0.00485624279826879502
-0.63999998569488525400 -0.00483444193378090859
-0.62999999523162841800 -0.00484833586961030960
-0.62000000476837158200 -0.00485092494636774063
-0.61000001430511474600 -0.00485011190176010132
-0.60000002384185791000 -0.00486055901274085045
-0.58999997377395629900 -0.00487060099840164185
-0.57999998331069946300 -0.00485948286950588226
-0.56999999284744262700 -0.00485607702285051346
-0.56000000238418579100 -0.00485904887318611145
-0.55000001192092895500 -0.00484286015853285790
-0.54000002145767211900 -0.00483886897563934326
-0.52999997138977050800 -0.00484332209452986717
-0.51999998092651367200 -0.00484328018501400948
-0.50999999046325683600 -0.00485696177929639816
-0.50000000000000000000 -0.00486118998378515244
-0.49000000953674316400 -0.00486376415938138962
-0.47999998927116394000 -0.00486356206238269806
-0.46999999880790710400 -0.00485024321824312210
-0.46000000834465026800 -0.00484901294112205506
-0.44999998807907104500 -0.00484555214643478394
-0.43999999761581420900 -0.00483638700097799301
-0.43000000715255737300 -0.00484090484678745270
-0.41999998688697814900 -0.00485128583386540413
-0.40999999642372131300 -0.00485446210950613022
-0.40000000596046447700 -0.00485197920352220535
-0.38999998569488525400 -0.00487069180235266686
-0.37999999523162841800 -0.00485777622088789940
-0.37000000476837158200 -0.00484788184985518456
-0.36000001430511474600 -0.00485319178551435471
-0.34999999403953552200 -0.00483009498566389084
-0.34000000357627868600 -0.00483190407976508141
-0.33000001311302185100 -0.00484179798513650894
-0.31999999284744262700 -0.00484398007392883301
-0.31000000238418579100 -0.00483042187988758087
-0.30000001192092895500 -0.00484648207202553749
-0.28999999165534973100 -0.00484399497509002686
-0.28000000119209289500 -0.00483070081099867821
-0.27000001072883606000 -0.00483183888718485832
-0.25999999046325683600 -0.00481919199228286743
-0.25000000000000000000 -0.00479555688798427582
-0.23999999463558197000 -0.00481124315410852432
-0.23000000417232513400 -0.00481373909860849381
-0.21999999880790710400 -0.00481058796867728234
-0.20999999344348907500 -0.00482575409114360809
-0.20000000298023223900 -0.00482973083853721619
-0.18999999761581420900 -0.00482178386300802231
-0.18000000715255737300 -0.00481457402929663658
-0.17000000178813934300 -0.00481413491070270538
-0.15999999642372131300 -0.00479220598936080933
-0.15000000596046447800 -0.00478723784908652306
-0.14000000059604644800 -0.00478718616068363190
-0.12999999523162841800 -0.00478719407692551613
-0.11999999731779098500 -0.00478817615658044815
-0.10999999940395355200 -0.00478368019685149193
-0.10000000149011611900 -0.00479094218462705612
-0.09000000357627868650 -0.00479066697880625725
-0.07999999821186065670 -0.00477482378482818604
-0.07000000029802322390 -0.00477238418534398079
-0.05999999865889549260 -0.00476312590762972832
-0.05000000074505805970 -0.00475610187277197838
-0.03999999910593032840 -0.00475298985838890076
-0.02999999932944774630 -0.00476640881970524788
-0.01999999955296516420 -0.00476460484787821770
-0.00999999977648258210 -0.00476667191833257675
0.00000000000000000000 -0.00477665290236473084
0.00999999977648258210 -0.00476990081369876862
0.01999999955296516420 -0.00475004082545638085
0.02999999932944774630 -0.00476412707939743996
0.03999999910593032840 -0.00474868901073932648
0.05000000074505805970 -0.00472963880747556687
0.05999999865889549260 -0.00474706385284662247
0.07000000029802322390 -0.00474406220018863678
0.07999999821186065670 -0.00474158022552728653
0.09000000357627868650 -0.00475213909521698952
0.10000000149011611900 -0.00475553004071116448
0.10999999940395355200 -0.00473791919648647308
0.11999999731779098500 -0.00473641185089945793
0.12999999523162841800 -0.00472906278446316719
0.14000000059604644800 -0.00471695978194475174
0.15000000596046447800 -0.00471871113404631615
0.15999999642372131300 -0.00471549620851874352
0.17000000178813934300 -0.00471536908298730850
0.18000000715255737300 -0.00471968203783035278
0.18999999761581420900 -0.00471507478505373001
0.20000000298023223900 -0.00470949383452534676
0.20999999344348907500 -0.00470061879605054856
0.21999999880790710400 -0.00468639889732003212
0.23000000417232513400 -0.00467123882845044136
0.23999999463558197000 -0.00464904401451349259
0.25000000000000000000 -0.00463460898026823998
0.25999999046325683600 -0.00462766084820032120
0.27000001072883606000 -0.00462302612140774727
0.28000000119209289500 -0.00460706604644656181
0.28999999165534973100 -0.00459690112620592117
0.30000001192092895500 -0.00458507798612117767
0.31000000238418579100 -0.00454765511676669121
0.31999999284744262700 -0.00451577082276344299
0.33000001311302185100 -0.00448204297572374344
0.34000000357627868600 -0.00442517688497900963
0.34999999403953552200 -0.00438875099644064903
0.36000001430511474600 -0.00434833578765392304
0.37000000476837158200 -0.00429424596950411797
0.37999999523162841800 -0.00423449696972966194
0.38999998569488525400 -0.00417743390426039696
0.40000000596046447700 -0.00409683212637901306
0.40999999642372131300 -0.00400455901399254799
0.41999998688697814900 -0.00392055185511708260
0.43000000715255737300 -0.00381252891384065151
0.43999999761581420900 -0.00369350402615964413
0.44999998807907104500 -0.00358529901131987572
0.46000000834465026800 -0.00346696097403764725
0.46999999880790710400 -0.00333501002751290798
0.47999998927116394000 -0.00320688588544726372
0.49000000953674316400 -0.00306069711223244667
0.50000000000000000000 -0.00290632806718349457
0.50999999046325683600 -0.00274305208586156368
0.51999998092651367200 -0.00257901800796389580
0.52999997138977050800 -0.00240691401995718479
0.54000002145767211900 -0.00223071989603340626
0.55000001192092895500 -0.00205449806526303291
0.56000000238418579100 -0.00187577703036367893
0.56999999284744262700 -0.00169575796462595463
0.57999998331069946300 -0.00150967796798795462
0.58999997377395629900 -0.00132391403894871473
0.60000002384185791000 -0.00113412295468151569
0.61000001430511474600 -0.00095925427740439773
0.62000000476837158200 -0.00076198641909286380
0.62999999523162841800 -0.00057343958178535104
0.63999998569488525400 -0.00038155569927766919
0.64999997615814209000 -0.00019471440464258194
0.66000002622604370100 -0.00002697618947422598
0.67000001668930053700 0.00015677929332014173
0.68000000715255737300 0.00034711608896031976
0.68999999761581420900 0.00053327967179939151
0.69999998807907104500 0.00071956310421228409
0.70999997854232788100 0.00090526702115312219
0.72000002861022949200 0.00108515599276870489
0.73000001907348632800 0.00127518200315535069
0.74000000953674316400 0.00146458903327584267
0.75000000000000000000 0.00165626697707921267
0.75999999046325683600 0.00185016298200935125
0.76999998092651367200 0.00204646191559731960
0.77999997138977050800 0.00224663806147873402
0.79000002145767211900 0.00244979793205857277
0.80000001192092895500 0.00265823490917682648
0.81000000238418579100 0.00287290196865797043
0.81999999284744262700 0.00309139909222722054
0.82999998331069946300 0.00331376888789236546
0.83999997377395629900 0.00354526191949844360
0.85000002384185791000 0.00377707509323954582
0.86000001430511474600 0.00401452183723449707
0.87000000476837158200 0.00426097400486469269
0.87999999523162841800 0.00450806599110364914
0.88999998569488525400 0.00476424582302570343
0.89999997615814209000 0.00502976588904857636
0.91000002622604370100 0.00530062010511755943
0.92000001668930053700 0.00557513581588864327
0.93000000715255737300 0.00586137501522898674
0.93999999761581420900 0.00615069316700100899
0.94999998807907104500 0.00644154613837599755
0.95999997854232788100 0.00674458406865596771
0.97000002861022949200 0.00704920990392565727
0.98000001907348632800 0.00735528580844402313
0.99000000953674316400 0.00767860794439911843
1.00000000000000000000 0.00800801813602447510
