-1.00000000000000000000 -0.00475414097309112549
-0.99000000953674316400 -0.00476373499259352684
-0.98000001907348632800 -0.00476923817768692970
-0.97000002861022949200 -0.00477005122229456902
-0.95999997854232788100 -0.00477871811017394066
-0.94999998807907104500 -0.00478062499314546585
-0.93999999761581420900 -0.00476568518206477165
-0.93000000715255737300 -0.00477347197011113167
-0.92000001668930053700 -0.00476808194071054459
-0.91000002622604370100 -0.00474593508988618851
-0.89999997615814209000 -0.00475706206634640694
-0.88999998569488525400 -0.00476448517292737961
-0.87999999523162841800 -0.00476500019431114197
-0.87000000476837158200 -0.00477202702313661575
-0.86000001430511474600 -0.00478382222354412079
-0.85000002384185791000 -0.00477619608864188194
-0.83999997377395629900 -0.00477080699056386948
-0.82999998331069946300 -0.00477610807865858078
-0.81999999284744262700 -0.00476505281403660774
-0.81000000238418579100 -0.00475241802632808685
-0.80000001192092895500 -0.00475896103307604790
-0.79000002145767211900 -0.00476154778152704239
-0.77999997138977050800 -0.00477046100422739983
-0.76999998092651367200 -0.00477501191198825836
-0.75999999046325683600 -0.00477633904665708542
-0.75000000000000000000 -0.00478023476898670197
-0.74000000953674316400 -0.00477031478658318520
-0.73000001907348632800 -0.00476880976930260658
-0.72000002861022949200 -0.00476571498438715935
-0.70999997854232788100 -0.00474841101095080376
-0.69999998807907104500 -0.00475319894030690193
-0.68999999761581420900 -0.00476382486522197724
-0.68000000715255737300 -0.00476703094318509102
-0.67000001668930053700 -0.00476265279576182366
-0.66000002622604370100 -0.00478118611499667168
-0.64999997615814209000 -0.00477381702512502670
-0.63999998569488525400 -0.00475514400750398636
-0.62999999523162841800 -0.00477461609989404678
-0.62000000476837158200 -0.00476574013009667397
-0.61000001430511474600 -0.00474944803863763809
-0.60000002384185791000 -0.00476386491209268570
-0.58999997377395629900 -0.00476870220154523850
-0.57999998331069946300 -0.00476416992023587227
-0.56999999284744262700 -0.00478017888963222504
-0.56000000238418579100 -0.00478351907804608345
-0.55000001192092895500 -0.00477762985974550247
-0.54000002145767211900 -0.00477335089817643166
-0.52999997138977050800 -0.00477482099086046219
-0.51999998092651367200 -0.00476112915202975273
-0.50999999046325683600 -0.00475501082837581635
-0.50000000000000000000 -0.00475978385657072067
-0.49000000953674316400 -0.00476134009659290314
-0.47999998927116394000 -0.00477249594405293465
-0.46999999880790710400 -0.00477089779451489449
-0.46000000834465026800 -0.00477748923003673554
-0.44999998807907104500 -0.00477871298789978028
-0.43999999761581420900 -0.00476489402353763580
-0.43000000715255737300 -0.00476497085765004158
-0.41999998688697814900 -0.00476350216194987297
-0.40999999642372131300 -0.00475072022527456284
-0.40000000596046447700 -0.00475279521197080612
-0.38999998569488525400 -0.00476872315630316734
-0.37999999523162841800 -0.00476930616423487663
-0.37000000476837158200 -0.00476859882473945618
-0.36000001430511474600 -0.00478301802650094032
-0.34999999403953552200 -0.00477426778525114060
-0.34000000357627868600 -0.00476690288633108139
-0.33000001311302185100 -0.00477285915985703468
-0.31999999284744262700 -0.00475749420002102852
-0.31000000238418579100 -0.00474305497482419014
-0.30000001192092895500 -0.00476054614409804344
-0.28999999165534973100 -0.00476022576913237572
-0.28000000119209289500 -0.00476151378825306893
-0.27000001072883606000 -0.00477564102038741112
-0.25999999046325683600 -0.00477763684466481209
-0.25000000000000000000 -0.00476707378402352333
-0.23999999463558197000 -0.00476741092279553414
-0.23000000417232513400 -0.00476244697347283364
-0.21999999880790710400 -0.00474318303167819977
-0.20999999344348907500 -0.00474955281242728234
-0.20000000298023223900 -0.00475058518350124359
-0.18999999761581420900 -0.00474975490942597389
-0.18000000715255737300 -0.00476175593212246895
-0.17000000178813934300 -0.00476083392277359963
-0.15999999642372131300 -0.00476258201524615288
-0.15000000596046447800 -0.00476364977657794953
-0.14000000059604644800 -0.00474930182099342346
-0.12999999523162841800 -0.00474671786651015282
-0.11999999731779098500 -0.00474092783406376839
-0.10999999940395355200 -0.00473062088713049889
-0.10000000149011611900 -0.00473324302583932877
-0.09000000357627868650 -0.00474425917491316796
-0.07999999821186065670 -0.00474523613229393959
-0.07000000029802322390 -0.00474226195365190506
-0.05999999865889549260 -0.00475915614515542984
-0.05000000074505805970 -0.00474408594891428948
-0.03999999910593032840 -0.00473608123138546944
-0.02999999932944774630 -0.00474181910976767540
-0.01999999955296516420 -0.00472274189814925194
-0.00999999977648258210 -0.00471305288374423981
0.00000000000000000000 -0.00472913309931755066
0.00999999977648258210 -0.00472909212112426758
0.01999999955296516420 -0.00472573796287178993
0.02999999932944774630 -0.00473879696801304817
0.03999999910593032840 -0.00474072387441992760
0.05000000074505805970 -0.00473204720765352249
0.05999999865889549260 -0.00472999177873134613
0.07000000029802322390 -0.00472425110638141632
0.07999999821186065670 -0.00470552314072847366
0.09000000357627868650 -0.00470824493095278740
0.10000000149011611900 -0.00470684701576828957
0.10999999940395355200 -0.00470587518066167832
0.11999999731779098500 -0.00471959821879863739
0.12999999523162841800 -0.00471458304673433304
0.14000000059604644800 -0.00471634510904550553
0.15000000596046447800 -0.00471471482887864113
0.15999999642372131300 -0.00469891307875514031
0.17000000178813934300 -0.00469490187242627144
0.18000000715255737300 -0.00468426290899515152
0.18999999761581420900 -0.00467618508264422417
0.20000000298023223900 -0.00466973101720213890
0.20999999344348907500 -0.00467890081927180290
0.21999999880790710400 -0.00467078201472759247
0.23000000417232513400 -0.00466750888153910637
0.23999999463558197000 -0.00467310799285769463
0.25000000000000000000 -0.00465372484177350998
0.25999999046325683600 -0.00463261501863598824
0.27000001072883606000 -0.00462866108864545822
0.28000000119209289500 -0.00459710089489817619
0.28999999165534973100 -0.00457720179110765457
0.30000001192092895500 -0.00457495776936411858
0.31000000238418579100 -0.00455275317654013634
0.31999999284744262700 -0.00453365221619606018
0.33000001311302185100 -0.00451929820701479912
0.34000000357627868600 -0.00449126400053501129
0.34999999403953552200 -0.00444976892322301865
0.36000001430511474600 -0.00441716797649860382
0.37000000476837158200 -0.00436588702723383904
0.37999999523162841800 -0.00430128816515207291
0.38999998569488525400 -0.00425357185304164887
0.40000000596046447700 -0.00419412087649106980
0.40999999642372131300 -0.00412584980949759483
0.41999998688697814900 -0.00405831215903162956
0.43000000715255737300 -0.00397425005212426186
0.43999999761581420900 -0.00388091406784951687
0.44999998807907104500 -0.00378052005544304848
0.46000000834465026800 -0.00366634991951286793
0.46999999880790710400 -0.00354007398709654808
0.47999998927116394000 -0.00340607902035117149
0.49000000953674316400 -0.00326737505383789539
0.50000000000000000000 -0.00312515394762158394
0.50999999046325683600 -0.00297830090858042240
0.51999998092651367200 -0.00281653297133743763
0.52999997138977050800 -0.00264907302334904671
0.54000002145767211900 -0.00248033902607858181
0.55000001192092895500 -0.00229241698980331421
0.56000000238418579100 -0.00210644607432186604
0.56999999284744262700 -0.00191693694796413183
0.57999998331069946300 -0.00171581900212913752
0.58999997377395629900 -0.00152180297300219536
0.60000002384185791000 -0.00132779101841151714
0.61000001430511474600 -0.00112841301597654820
0.62000000476837158200 -0.00094434822676703334
0.62999999523162841800 -0.00073645130032673478
0.63999998569488525400 -0.00053359800949692726
0.64999997615814209000 -0.00033117309794761240
0.66000002622604370100 -0.00013214039790909737
0.67000001668930053700 0.00005793827949673869
0.68000000715255737300 0.00024968449724838138
0.68999999761581420900 0.00045650888932868838
0.69999998807907104500 0.00066064007114619017
0.70999997854232788100 0.00086409872164949775
0.72000002861022949200 0.00105958804488182068
0.73000001907348632800 0.00127062702085822821
0.74000000953674316400 0.00148093898314982653
0.75000000000000000000 0.00169567402917891741
0.75999999046325683600 0.00191251805517822504
0.76999998092651367200 0.00213313801214098930
0.77999997138977050800 0.00236065592616796494
0.79000002145767211900 0.00258989003486931324
0.80000001192092895500 0.00282701198011636734
0.81000000238418579100 0.00307373492978513241
0.81999999284744262700 0.00332540809176862240
0.82999998331069946300 0.00358383893035352230
0.83999997377395629900 0.00385326100513339043
0.85000002384185791000 0.00412824703380465508
0.86000001430511474600 0.00440758699551224709
0.87000000476837158200 0.00469937594607472420
0.87999999523162841800 0.00499528506770730019
0.88999998569488525400 0.00529531203210353852
0.89999997615814209000 0.00561304623261094094
0.91000002622604370100 0.00593897793442010880
0.92000001668930053700 0.00627172179520130158
0.93000000715255737300 0.00661979289725422859
0.93999999761581420900 0.00697143096476793289
0.94999998807907104500 0.00733155198395252228
0.95999997854232788100 0.00770179601386189461
0.97000002861022949200 0.00807778257876634598
0.98000001907348632800 0.00846044439822435379
0.99000000953674316400 0.00885365623980760575
1.00000000000000000000 0.00925156194716691971
