-1.00000000000000000000 -0.00480602588504552841
-0.99000000953674316400 -0.00479548890143632889
-0.98000001907348632800 -0.00479061994701623917
-0.97000002861022949200 -0.00479310518130660057
-0.95999997854232788100 -0.00477988505735993385
-0.94999998807907104500 -0.00477465288713574410
-0.93999999761581420900 -0.00478027807548642159
-0.93000000715255737300 -0.00477981101721525192
-0.92000001668930053700 -0.00479024508967995644
-0.91000002622604370100 -0.00479340879246592522
-0.89999997615814209000 -0.00479726120829582214
-0.88999998569488525400 -0.00479573803022503853
-0.87999999523162841800 -0.00478219706565141678
-0.87000000476837158200 -0.00478275213390588761
-0.86000001430511474600 -0.00477821286767721176
-0.85000002384185791000 -0.00476688519120216370
-0.83999997377395629900 -0.00476866308599710465
-0.82999998331069946300 -0.00478119077160954476
-0.81999999284744262700 -0.00478190509602427483
-0.81000000238418579100 -0.00477536022663116455
-0.80000001192092895500 -0.00479175709187984467
-0.79000002145767211900 -0.00478012487292289734
-0.77999997138977050800 -0.00476584304124116898
-0.76999998092651367200 -0.00477830599993467331
-0.75999999046325683600 -0.00476214196532964707
-0.75000000000000000000 -0.00474824476987123490
-0.74000000953674316400 -0.00476246420294046402
-0.73000001907348632800 -0.00476437993347644806
-0.72000002861022949200 -0.00476345606148242951
-0.70999997854232788100 -0.00477758003398776055
-0.69999998807907104500 -0.00478151114657521248
-0.68999999761581420900 -0.00476896483451128006
-0.68000000715255737300 -0.00476928893476724625
-0.67000001668930053700 -0.00476837903261184693
-0.66000002622604370100 -0.00475199799984693527
-0.64999997615814209000 -0.00475207623094320297
-0.63999998569488525400 -0.00475393282249569893
-0.62999999523162841800 -0.00475719105452299118
-0.62000000476837158200 -0.00476949708536267281
-0.61000001430511474600 -0.00477077998220920563
-0.60000002384185791000 -0.00477381516247987747
-0.58999997377395629900 -0.00477655418217182160
-0.57999998331069946300 -0.00476238178089261055
-0.56999999284744262700 -0.00476144300773739815
-0.56000000238418579100 -0.00475858710706233978
-0.55000001192092895500 -0.00474988017231225968
-0.54000002145767211900 -0.00474926410242915154
-0.52999997138977050800 -0.00476358318701386452
-0.51999998092651367200 -0.00476565398275852204
-0.50999999046325683600 -0.00476274499669671059
-0.50000000000000000000 -0.00478234421461820603
-0.49000000953674316400 -0.00477036694064736366
-0.47999998927116394000 -0.00475559616461396218
-0.46999999880790710400 -0.00476577412337064743
-0.46000000834465026800 -0.00475396588444709778
-0.44999998807907104500 -0.00473596807569265366
-0.43999999761581420900 -0.00475424295291304588
-0.43000000715255737300 -0.00475530512630939484
-0.41999998688697814900 -0.00475092092528939247
-0.40999999642372131300 -0.00476827193051576615
-0.40000000596046447700 -0.00477255880832672119
-0.38999998569488525400 -0.00476116593927145004
-0.37999999523162841800 -0.00475814007222652435
-0.37000000476837158200 -0.00475758314132690430
-0.36000001430511474600 -0.00475135492160916329
-0.34999999403953552200 -0.00474929809570312500
-0.34000000357627868600 -0.00475135678425431252
-0.33000001311302185100 -0.00475295586511492729
-0.31999999284744262700 -0.00476616015657782555
-0.31000000238418579100 -0.00476269004866480827
-0.30000001192092895500 -0.00476717390120029450
-0.28999999165534973100 -0.00477269478142261505
-0.28000000119209289500 -0.00475203804671764374
-0.27000001072883606000 -0.00476268120110034943
-0.25999999046325683600 -0.00476364186033606529
-0.25000000000000000000 -0.00474669504910707474
-0.23999999463558197000 -0.00474904477596282959
-0.23000000417232513400 -0.00476355897262692452
-0.21999999880790710400 -0.00476083997637033463
-0.20999999344348907500 -0.00476978905498981476
-0.20000000298023223900 -0.00478907395154237747
-0.18999999761581420900 -0.00477855512872338295
-0.18000000715255737300 -0.00476062484085559845
-0.17000000178813934300 -0.00477387709543108940
-0.15999999642372131300 -0.00476066395640373230
-0.15000000596046447800 -0.00474162120372056961
-0.14000000059604644800 -0.00476105511188507080
-0.12999999523162841800 -0.00475880410522222519
-0.11999999731779098500 -0.00476095499470829964
-0.10999999940395355200 -0.00477191479876637459
-0.10000000149011611900 -0.00477443914860486984
-0.09000000357627868650 -0.00476768519729375839
-0.07999999821186065670 -0.00476591382175683975
-0.07000000029802322390 -0.00476439483463764191
-0.05999999865889549260 -0.00474420096725225449
-0.05000000074505805970 -0.00473634712398052216
-0.03999999910593032840 -0.00473750196397304535
-0.02999999932944774630 -0.00473852781578898430
-0.01999999955296516420 -0.00475154491141438484
-0.00999999977648258210 -0.00474567292258143425
0.00000000000000000000 -0.00474957283586263657
0.00999999977648258210 -0.00475855683907866478
0.01999999955296516420 -0.00474691810086369515
0.02999999932944774630 -0.00473920302465558052
0.03999999910593032840 -0.00474264193326234818
0.05000000074505805970 -0.00471831485629081726
0.05999999865889549260 -0.00471697002649307251
0.07000000029802322390 -0.00472654402256011963
0.07999999821186065670 -0.00472699012607336044
0.09000000357627868650 -0.00471986597403883934
0.10000000149011611900 -0.00473356712609529495
0.10999999940395355200 -0.00473199598491191864
0.11999999731779098500 -0.00471458211541175842
0.12999999523162841800 -0.00471978122368454933
0.14000000059604644800 -0.00470717204734683037
0.15000000596046447800 -0.00468325102701783180
0.15999999642372131300 -0.00468903686851263046
0.17000000178813934300 -0.00469031510874629021
0.18000000715255737300 -0.00468329712748527527
0.18999999761581420900 -0.00469336193054914475
0.20000000298023223900 -0.00468535115942358971
0.20999999344348907500 -0.00467887707054615021
0.21999999880790710400 -0.00466927979141473770
0.23000000417232513400 -0.00465567596256732941
0.23999999463558197000 -0.00463677383959293366
0.25000000000000000000 -0.00462080398574471474
0.25999999046325683600 -0.00460758199915289879
0.27000001072883606000 -0.00459692208096385002
0.28000000119209289500 -0.00459698820486664772
0.28999999165534973100 -0.00457591284066438675
0.30000001192092895500 -0.00455879420042037964
0.31000000238418579100 -0.00454910797998309136
0.31999999284744262700 -0.00451035285368561745
0.33000001311302185100 -0.00447838194668292999
0.34000000357627868600 -0.00444932095706462860
0.34999999403953552200 -0.00439612893387675285
0.36000001430511474600 -0.00435407087206840515
0.37000000476837158200 -0.00432582804933190346
0.37999999523162841800 -0.00427053309977054596
0.38999998569488525400 -0.00421570101752877236
0.40000000596046447700 -0.00416374485939741135
0.40999999642372131300 -0.00408760178834199906
0.41999998688697814900 -0.00399622507393360138
0.43000000715255737300 -0.00391859794035553932
0.43999999761581420900 -0.00381272309459745884
0.44999998807907104500 -0.00369312800467014313
0.46000000834465026800 -0.00359198008663952351
0.46999999880790710400 -0.00347020593471825123
0.47999998927116394000 -0.00334618589840829372
0.49000000953674316400 -0.00321402307599782944
0.50000000000000000000 -0.00306918099522590637
0.50999999046325683600 -0.00291145406663417816
0.51999998092651367200 -0.00274900603108108044
0.52999997138977050800 -0.00258163502439856529
0.54000002145767211900 -0.00240482296794652939
0.55000001192092895500 -0.00222418410703539848
0.56000000238418579100 -0.00204087607562541962
0.56999999284744262700 -0.00185561901889741421
0.57999998331069946300 -0.00166777102276682854
0.58999997377395629900 -0.00147780100814998150
0.60000002384185791000 -0.00128287298139184713
0.61000001430511474600 -0.00108838605228811502
0.62000000476837158200 -0.00090697110863402486
0.62999999523162841800 -0.00070042919833213091
0.63999998569488525400 -0.00050449982518330216
0.64999997615814209000 -0.00030322730890475214
0.66000002622604370100 -0.00010466710227774456
0.67000001668930053700 0.00007892766734585166
0.68000000715255737300 0.00026363480719737709
0.68999999761581420900 0.00046813618973828852
0.69999998807907104500 0.00066759838955476880
0.70999997854232788100 0.00086678238585591316
0.72000002861022949200 0.00105650001205503941
0.73000001907348632800 0.00126282102428376675
0.74000000953674316400 0.00146788894198834896
0.75000000000000000000 0.00167536805383861065
0.75999999046325683600 0.00188749900553375483
0.76999998092651367200 0.00210109492763876915
0.77999997138977050800 0.00232171593233942986
0.79000002145767211900 0.00254841009154915810
0.80000001192092895500 0.00277883210219442844
0.81000000238418579100 0.00301620899699628353
0.81999999284744262700 0.00326318992301821709
0.82999998331069946300 0.00351117504760622978
0.83999997377395629900 0.00376668502576649189
0.85000002384185791000 0.00403383001685142517
0.86000001430511474600 0.00430030608549714089
0.87000000476837158200 0.00457845814526081085
0.87999999523162841800 0.00487035093829035759
0.88999998569488525400 0.00516484118998050690
0.89999997615814209000 0.00546683184802532196
0.91000002622604370100 0.00578313600271940232
0.92000001668930053700 0.00610367301851511002
0.93000000715255737300 0.00642741890624165535
0.93999999761581420900 0.00676600122824311257
0.94999998807907104500 0.00710792979225516320
0.95999997854232788100 0.00745271099731326103
0.97000002861022949200 0.00781627930700778961
0.98000001907348632800 0.00818558968603610993
0.99000000953674316400 0.00856732856482267380
1.00000000000000000000 0.00895764306187629700
