-1.00000000000000000000 -0.00492761703208088875
-0.99000000953674316400 -0.00492456415668129921
-0.98000001907348632800 -0.00492403190582990647
-0.97000002861022949200 -0.00493623595684766770
-0.95999997854232788100 -0.00494182109832763672
-0.94999998807907104500 -0.00493820104748010636
-0.93999999761581420900 -0.00495698489248752594
-0.93000000715255737300 -0.00494688190519809723
-0.92000001668930053700 -0.00492991507053375244
-0.91000002622604370100 -0.00494151515886187554
-0.89999997615814209000 -0.00492844078689813614
-0.88999998569488525400 -0.00491491612046957016
-0.87999999523162841800 -0.00492808921262621880
-0.87000000476837158200 -0.00493408087641000748
-0.86000001430511474600 -0.00493200309574604035
-0.85000002384185791000 -0.00494592497125267983
-0.83999997377395629900 -0.00494882278144359589
-0.82999998331069946300 -0.00493847299367189408
-0.81999999284744262700 -0.00493693491443991661
-0.81000000238418579100 -0.00493943504989147186
-0.80000001192092895500 -0.00492600211873650551
-0.79000002145767211900 -0.00492054922506213188
-0.77999997138977050800 -0.00492706522345542908
-0.76999998092651367200 -0.00492567382752895355
-0.75999999046325683600 -0.00494079897180199623
-0.75000000000000000000 -0.00493985693901777268
-0.74000000953674316400 -0.00494274590164422989
-0.73000001907348632800 -0.00494765304028987885
-0.72000002861022949200 -0.00493349879980087280
-0.70999997854232788100 -0.00493274489417672157
-0.69999998807907104500 -0.00493351882323622704
-0.68999999761581420900 -0.00491710985079407692
-0.68000000715255737300 -0.00491749821230769158
-0.67000001668930053700 -0.00493449484929442406
-0.66000002622604370100 -0.00493451999500393868
-0.64999997615814209000 -0.00493269693106412888
-0.63999998569488525400 -0.00494916597381234169
-0.62999999523162841800 -0.00494031794369220734
-0.62000000476837158200 -0.00492323283106088638
-0.61000001430511474600 -0.00493674585595726967
-0.60000002384185791000 -0.00492408918216824532
-0.58999997377395629900 -0.00490401592105627060
-0.57999998331069946300 -0.00492428615689277649
-0.56999999284744262700 -0.00492264097556471825
-0.56000000238418579100 -0.00492418697103857994
-0.55000001192092895500 -0.00493586901575326920
-0.54000002145767211900 -0.00494024902582168579
-0.52999997138977050800 -0.00493283802643418312
-0.51999998092651367200 -0.00492956815287470818
-0.50999999046325683600 -0.00492737721651792526
-0.50000000000000000000 -0.00491541298106312752
-0.49000000953674316400 -0.00490842806175351143
-0.47999998927116394000 -0.00490972911939024925
-0.46999999880790710400 -0.00491196708753705025
-0.46000000834465026800 -0.00492548616603016854
-0.44999998807907104500 -0.00492411712184548378
-0.43999999761581420900 -0.00492657115682959557
-0.43000000715255737300 -0.00493810186162590981
-0.41999998688697814900 -0.00492244493216276169
-0.40999999642372131300 -0.00492132687941193581
-0.40000000596046447700 -0.00492292921990156174
-0.38999998569488525400 -0.00489818211644887924
-0.37999999523162841800 -0.00490314001217484474
-0.37000000476837158200 -0.00491577899083495140
-0.36000001430511474600 -0.00491581298410892487
-0.34999999403953552200 -0.00491208396852016449
-0.34000000357627868600 -0.00492883101105690003
-0.33000001311302185100 -0.00492309592664241791
-0.31999999284744262700 -0.00491339899599552155
-0.31000000238418579100 -0.00492410501465201378
-0.30000001192092895500 -0.00491165602579712868
-0.28999999165534973100 -0.00488973595201969147
-0.28000000119209289500 -0.00490571884438395500
-0.27000001072883606000 -0.00490402197465300560
-0.25999999046325683600 -0.00490423012524843216
-0.25000000000000000000 -0.00492106890305876732
-0.23999999463558197000 -0.00491551496088504791
-0.23000000417232513400 -0.00491758296266198158
-0.21999999880790710400 -0.00491829495877027512
-0.20999999344348907500 -0.00491451378911733627
-0.20000000298023223900 -0.00490388693287968636
-0.18999999761581420900 -0.00489844009280204773
-0.18000000715255737300 -0.00489835906773805618
-0.17000000178813934300 -0.00489734020084142685
-0.15999999642372131300 -0.00491099106147885323
-0.15000000596046447800 -0.00491167604923248291
-0.14000000059604644800 -0.00491089699789881706
-0.12999999523162841800 -0.00492490781471133232
-0.11999999731779098500 -0.00491166999563574791
-0.10999999940395355200 -0.00490356702357530594
-0.10000000149011611900 -0.00490758614614605904
-0.09000000357627868650 -0.00488961301743984223
-0.07999999821186065670 -0.00488332798704504967
-0.07000000029802322390 -0.00489823007956147194
-0.05999999865889549260 -0.00489417603239417076
-0.05000000074505805970 -0.00489979702979326248
-0.03999999910593032840 -0.00490711815655231476
-0.02999999932944774630 -0.00490982597693800926
-0.01999999955296516420 -0.00489606522023677826
-0.00999999977648258210 -0.00489560887217521668
0.00000000000000000000 -0.00488801812753081322
0.00999999977648258210 -0.00487429788336157799
0.01999999955296516420 -0.00487286783754825592
0.02999999932944774630 -0.00486690178513526917
0.03999999910593032840 -0.00487144012004137039
0.05000000074505805970 -0.00488182716071605683
0.05999999865889549260 -0.00487981084734201431
0.07000000029802322390 -0.00488159107044339180
0.07999999821186065670 -0.00488392077386379242
0.09000000357627868650 -0.00486768782138824463
0.10000000149011611900 -0.00486531201750040054
0.10999999940395355200 -0.00486394297331571579
0.11999999731779098500 -0.00484299194067716599
0.12999999523162841800 -0.00484078191220760346
0.14000000059604644800 -0.00485455198213458061
0.15000000596046447800 -0.00485247001051902771
0.15999999642372131300 -0.00484488718211650849
0.17000000178813934300 -0.00485848682001233101
0.18000000715255737300 -0.00484305201098322868
0.18999999761581420900 -0.00482397200539708138
0.20000000298023223900 -0.00483421795070171356
0.20999999344348907500 -0.00481626996770501137
0.21999999880790710400 -0.00478889001533389092
0.23000000417232513400 -0.00479322997853159905
0.23999999463558197000 -0.00478564715012907982
0.25000000000000000000 -0.00477454997599124909
0.25999999046325683600 -0.00477778213098645210
0.27000001072883606000 -0.00476458482444286347
0.28000000119209289500 -0.00474848179146647453
0.28999999165534973100 -0.00472777010872960091
0.30000001192092895500 -0.00470984820276498795
0.31000000238418579100 -0.00467788800597190857
0.31999999284744262700 -0.00464313989505171776
0.33000001311302185100 -0.00461679510772228241
0.34000000357627868600 -0.00458195013925433159
0.34999999403953552200 -0.00455742795020341873
0.36000001430511474600 -0.00451021594926714897
0.37000000476837158200 -0.00446433015167713165
0.37999999523162841800 -0.00441500078886747360
0.38999998569488525400 -0.00434181699529290199
0.40000000596046447700 -0.00426864996552467346
0.40999999642372131300 -0.00419046217575669289
0.41999998688697814900 -0.00408921716734766960
0.43000000715255737300 -0.00399590609595179558
0.43999999761581420900 -0.00390256894752383232
0.44999998807907104500 -0.00378861906938254833
0.46000000834465026800 -0.00367091293446719647
0.46999999880790710400 -0.00354691199027001858
0.47999998927116394000 -0.00340782711282372475
0.49000000953674316400 -0.00325412908568978310
0.50000000000000000000 -0.00310130696743726730
0.50999999046325683600 -0.00293442490510642529
0.51999998092651367200 -0.00275358697399497032
0.52999997138977050800 -0.00258194701746106148
0.54000002145767211900 -0.00240016588941216469
0.55000001192092895500 -0.00221776403486728668
0.56000000238418579100 -0.00202965200878679752
0.56999999284744262700 -0.00183504505548626185
0.57999998331069946300 -0.00163938198238611221
0.58999997377395629900 -0.00143846496939659119
0.60000002384185791000 -0.00123393198009580374
0.61000001430511474600 -0.00103291100822389126
0.62000000476837158200 -0.00085530307842418551
0.62999999523162841800 -0.00063846039120107889
0.63999998569488525400 -0.00043636109330691397
0.64999997615814209000 -0.00023365170636679977
0.66000002622604370100 -0.00004706966865342110
0.67000001668930053700 0.00014264859782997519
0.68000000715255737300 0.00034756370587274432
0.68999999761581420900 0.00055016711121425033
0.69999998807907104500 0.00075081118848174810
0.70999997854232788100 0.00095045421039685607
0.72000002861022949200 0.00114150298759341240
0.73000001907348632800 0.00134902202989906073
0.74000000953674316400 0.00155571999493986368
0.75000000000000000000 0.00176576094236224890
0.75999999046325683600 0.00197951402515172958
0.76999998092651367200 0.00219738692976534367
0.77999997138977050800 0.00242033391259610653
0.79000002145767211900 0.00264849700033664703
0.80000001192092895500 0.00288362894207239151
0.81000000238418579100 0.00312335509806871414
0.81999999284744262700 0.00336979702115058899
0.82999998331069946300 0.00362302502617239952
0.83999997377395629900 0.00387893198058009148
0.85000002384185791000 0.00414774008095264435
0.86000001430511474600 0.00442432705312967301
0.87000000476837158200 0.00470730196684598923
0.87999999523162841800 0.00499852281063795090
0.88999998569488525400 0.00529906619340181351
0.89999997615814209000 0.00560600683093070984
0.91000002622604370100 0.00591788580641150475
0.92000001668930053700 0.00624082982540130615
0.93000000715255737300 0.00656915502622723580
0.93999999761581420900 0.00690107606351375580
0.94999998807907104500 0.00725173205137252808
0.95999997854232788100 0.00760646816343069077
0.97000002861022949200 0.00797251705080270767
0.98000001907348632800 0.00834947917610406876
0.99000000953674316400 0.00872955285012722016
1.00000000000000000000 0.00912266876548528672
