-1.00000000000000000000 -0.00494546396657824516
-0.99000000953674316400 -0.00496176676824688912
-0.98000001907348632800 -0.00495939888060092926
-0.97000002861022949200 -0.00496145198121666908
-0.95999997854232788100 -0.00496411416679620743
-0.94999998807907104500 -0.00494957109913229942
-0.93999999761581420900 -0.00494545884430408478
-0.93000000715255737300 -0.00494132982566952706
-0.92000001668930053700 -0.00492452923208475113
-0.91000002622604370100 -0.00492276810109615326
-0.89999997615814209000 -0.00493003521114587784
-0.88999998569488525400 -0.00492836907505989075
-0.87999999523162841800 -0.00492961984127759934
-0.87000000476837158200 -0.00494489213451743126
-0.86000001430511474600 -0.00493405479937791824
-0.85000002384185791000 -0.00491977715864777565
-0.83999997377395629900 -0.00493032019585371018
-0.82999998331069946300 -0.00491471495479345322
-0.81999999284744262700 -0.00490063289180397988
-0.81000000238418579100 -0.00492148613557219505
-0.80000001192092895500 -0.00491729984059929848
-0.79000002145767211900 -0.00492012500762939453
-0.77999997138977050800 -0.00493370322510600090
-0.76999998092651367200 -0.00494880182668566704
-0.75999999046325683600 -0.00493626995012164116
-0.75000000000000000000 -0.00494739413261413574
-0.74000000953674316400 -0.00494666583836078644
-0.73000001907348632800 -0.00492974184453487396
-0.72000002861022949200 -0.00493060285225510597
-0.70999997854232788100 -0.00492974789813160896
-0.69999998807907104500 -0.00493524176999926567
-0.68999999761581420900 -0.00494651217013597489
-0.68000000715255737300 -0.00494549795985221863
-0.67000001668930053700 -0.00494824117049574852
-0.66000002622604370100 -0.00495291920378804207
-0.64999997615814209000 -0.00493862992152571678
-0.63999998569488525400 -0.00493766693398356438
-0.62999999523162841800 -0.00493793888017535210
-0.62000000476837158200 -0.00492007099092006684
-0.61000001430511474600 -0.00492657301947474480
-0.60000002384185791000 -0.00493941502645611763
-0.58999997377395629900 -0.00494013680145144463
-0.57999998331069946300 -0.00493914121761918068
-0.56999999284744262700 -0.00495784683153033257
-0.56000000238418579100 -0.00494576198980212212
-0.55000001192092895500 -0.00492940610274672508
-0.54000002145767211900 -0.00494355009868741036
-0.52999997138977050800 -0.00492664892226457596
-0.51999998092651367200 -0.00491497479379177094
-0.50999999046325683600 -0.00493135815486311913
-0.50000000000000000000 -0.00493485899642109871
-0.49000000953674316400 -0.00493325898423790932
-0.47999998927116394000 -0.00495027983561158180
-0.46999999880790710400 -0.00495325401425361633
-0.46000000834465026800 -0.00494319014251232147
-0.44999998807907104500 -0.00494196685031056404
-0.43999999761581420900 -0.00494050001725554466
-0.43000000715255737300 -0.00492530688643455506
-0.41999998688697814900 -0.00492120720446109772
-0.40999999642372131300 -0.00492581492289900780
-0.40000000596046447700 -0.00492575904354453087
-0.38999998569488525400 -0.00493994401767849922
-0.37999999523162841800 -0.00493593420833349228
-0.37000000476837158200 -0.00494338804855942726
-0.36000001430511474600 -0.00494333496317267418
-0.34999999403953552200 -0.00492760213091969490
-0.34000000357627868600 -0.00492618186399340630
-0.33000001311302185100 -0.00492863403633236885
-0.31999999284744262700 -0.00491228792816400528
-0.31000000238418579100 -0.00490959594026207924
-0.30000001192092895500 -0.00492912018671631813
-0.28999999165534973100 -0.00492234900593757630
-0.28000000119209289500 -0.00492596020922064781
-0.27000001072883606000 -0.00494382483884692192
-0.25999999046325683600 -0.00493140891194343567
-0.25000000000000000000 -0.00491463905200362206
-0.23999999463558197000 -0.00492912903428077698
-0.23000000417232513400 -0.00491410493850708008
-0.21999999880790710400 -0.00489850901067256928
-0.20999999344348907500 -0.00491965515539050102
-0.20000000298023223900 -0.00491406489163637161
-0.18999999761581420900 -0.00491702090948820114
-0.18000000715255737300 -0.00493254978209733963
-0.17000000178813934300 -0.00494476221501827240
-0.15999999642372131300 -0.00493186013773083687
-0.15000000596046447800 -0.00493461918085813522
-0.14000000059604644800 -0.00492863915860652924
-0.12999999523162841800 -0.00491636479273438454
-0.11999999731779098500 -0.00491270981729030609
-0.10999999940395355200 -0.00490959594026207924
-0.10000000149011611900 -0.00491491006687283516
-0.09000000357627868650 -0.00492871319875121117
-0.07999999821186065670 -0.00492760678753256798
-0.07000000029802322390 -0.00493050692602992058
-0.05999999865889549260 -0.00493863178417086601
-0.05000000074505805970 -0.00491844909265637398
-0.03999999910593032840 -0.00492002908140420914
-0.02999999932944774630 -0.00492137577384710312
-0.01999999955296516420 -0.00489676883444190026
-0.00999999977648258210 -0.00489853508770465851
0.00000000000000000000 -0.00491642719134688378
0.00999999977648258210 -0.00491486396640539169
0.01999999955296516420 -0.00491019804030656815
0.02999999932944774630 -0.00492515787482261658
0.03999999910593032840 -0.00491900695487856865
0.05000000074505805970 -0.00490493280813097954
0.05999999865889549260 -0.00491399690508842468
0.07000000029802322390 -0.00490049319341778755
0.07999999821186065670 -0.00487735215574502945
0.09000000357627868650 -0.00488652987405657768
0.10000000149011611900 -0.00488652382045984268
0.10999999940395355200 -0.00488226721063256264
0.11999999731779098500 -0.00489677488803863526
0.12999999523162841800 -0.00489131687209010124
0.14000000059604644800 -0.00488867796957492829
0.15000000596046447800 -0.00487789977341890335
0.15999999642372131300 -0.00487165013328194618
0.17000000178813934300 -0.00485590519383549690
0.18000000715255737300 -0.00484763784334063530
0.18999999761581420900 -0.00484147993847727776
0.20000000298023223900 -0.00483947899192571640
0.20999999344348907500 -0.00484130205586552620
0.21999999880790710400 -0.00483110314235091210
0.23000000417232513400 -0.00483403587713837624
0.23999999463558197000 -0.00482529308646917343
0.25000000000000000000 -0.00479754712432622910
0.25999999046325683600 -0.00478959223255515099
0.27000001072883606000 -0.00477385800331830979
0.28000000119209289500 -0.00473782792687416077
0.28999999165534973100 -0.00472129601985216141
0.30000001192092895500 -0.00471564708277583122
0.31000000238418579100 -0.00468748714774847031
0.31999999284744262700 -0.00466505903750658035
0.33000001311302185100 -0.00464447401463985443
0.34000000357627868600 -0.00460311584174633026
0.34999999403953552200 -0.00455217296257615090
0.36000001430511474600 -0.00451707420870661736
0.37000000476837158200 -0.00445240316912531853
0.37999999523162841800 -0.00438309879973530770
0.38999998569488525400 -0.00433018617331981659
0.40000000596046447700 -0.00425641098991036415
0.40999999642372131300 -0.00418171100318431854
0.41999998688697814900 -0.00410177418962121010
0.43000000715255737300 -0.00400549685582518578
0.43999999761581420900 -0.00390001689083874226
0.44999998807907104500 -0.00378309097141027451
0.46000000834465026800 -0.00366078503429889679
0.46999999880790710400 -0.00352790206670761108
0.47999998927116394000 -0.00338303297758102417
0.49000000953674316400 -0.00323871592991054058
0.50000000000000000000 -0.00309134507551789284
0.50999999046325683600 -0.00293569499626755714
0.51999998092651367200 -0.00276830908842384815
0.52999997138977050800 -0.00259924400597810745
0.54000002145767211900 -0.00242342310957610607
0.55000001192092895500 -0.00223210710100829601
0.56000000238418579100 -0.00205038604326546192
0.56999999284744262700 -0.00185711495578289032
0.57999998331069946300 -0.00165941205341368914
0.58999997377395629900 -0.00146886298898607492
0.60000002384185791000 -0.00127635395620018244
0.61000001430511474600 -0.00108051497954875231
0.62000000476837158200 -0.00090194342192262411
0.62999999523162841800 -0.00069840991636738181
0.63999998569488525400 -0.00050086819101125002
0.64999997615814209000 -0.00030530279036611319
0.66000002622604370100 -0.00011317570169921964
0.67000001668930053700 0.00006987516826484352
0.68000000715255737300 0.00025301220011897385
0.68999999761581420900 0.00045124100870452821
0.69999998807907104500 0.00064611609559506178
0.70999997854232788100 0.00083973119035363197
0.72000002861022949200 0.00103490799665451050
0.73000001907348632800 0.00122224900405853987
0.74000000953674316400 0.00142318895086646080
0.75000000000000000000 0.00162618700414896011
0.75999999046325683600 0.00183101696893572807
0.76999998092651367200 0.00203817500732839108
0.77999997138977050800 0.00225176592357456684
0.79000002145767211900 0.00246807606890797615
0.80000001192092895500 0.00268892594613134861
0.81000000238418579100 0.00291893607936799526
0.81999999284744262700 0.00315321795642375946
0.82999998331069946300 0.00339344399981200695
0.83999997377395629900 0.00364292599260807037
0.85000002384185791000 0.00389780197292566300
0.86000001430511474600 0.00415593804791569710
0.87000000476837158200 0.00442355079576373100
0.87999999523162841800 0.00469695311039686203
0.88999998569488525400 0.00497430982068181038
0.89999997615814209000 0.00526523217558860779
0.91000002622604370100 0.00556162279099225998
0.92000001668930053700 0.00586695410311222077
0.93000000715255737300 0.00618243822827935219
0.93999999761581420900 0.00650293985381722450
0.94999998807907104500 0.00683000218123197556
0.95999997854232788100 0.00716633209958672524
0.97000002861022949200 0.00750533584505319596
0.98000001907348632800 0.00785561744123697281
0.99000000953674316400 0.00820811931043863297
1.00000000000000000000 0.00857007037848234177
