-1.00000000000000000000 -0.00496243219822645188
-0.99000000953674316400 -0.00497824791818857193
-0.98000001907348632800 -0.00497663579881191254
-0.97000002861022949200 -0.00496538402512669563
-0.95999997854232788100 -0.00497510703280568123
-0.94999998807907104500 -0.00496579799801111221
-0.93999999761581420900 -0.00494265696033835411
-0.93000000715255737300 -0.00495538208633661270
-0.92000001668930053700 -0.00495554599910974503
-0.91000002622604370100 -0.00495540117844939232
-0.89999997615814209000 -0.00497989216819405556
-0.88999998569488525400 -0.00497829914093017578
-0.87999999523162841800 -0.00498239416629076004
-0.87000000476837158200 -0.00498209288343787193
-0.86000001430511474600 -0.00497328117489814758
-0.85000002384185791000 -0.00496705016121268273
-0.83999997377395629900 -0.00495965499430894852
-0.82999998331069946300 -0.00495680794119834900
-0.81999999284744262700 -0.00495706591755151749
-0.81000000238418579100 -0.00497691193595528603
-0.80000001192092895500 -0.00497215986251831055
-0.79000002145767211900 -0.00497312378138303757
-0.77999997138977050800 -0.00498753879219293595
-0.76999998092651367200 -0.00497546792030334473
-0.75999999046325683600 -0.00496587809175252915
-0.75000000000000000000 -0.00497495895251631737
-0.74000000953674316400 -0.00495319114997982979
-0.73000001907348632800 -0.00494770007207989693
-0.72000002861022949200 -0.00496633118018507958
-0.70999997854232788100 -0.00496326806023716927
-0.69999998807907104500 -0.00496749719604849816
-0.68999999761581420900 -0.00497840996831655502
-0.68000000715255737300 -0.00498319510370492935
-0.67000001668930053700 -0.00497118197381496430
-0.66000002622604370100 -0.00498074712231755257
-0.64999997615814209000 -0.00497065717354416847
-0.63999998569488525400 -0.00495285121724009514
-0.62999999523162841800 -0.00496515585109591484
-0.62000000476837158200 -0.00496219005435705185
-0.61000001430511474600 -0.00496490485966205597
-0.60000002384185791000 -0.00497735291719436646
-0.58999997377395629900 -0.00497866794466972351
-0.57999998331069946300 -0.00498103117570281029
-0.56999999284744262700 -0.00498200580477714539
-0.56000000238418579100 -0.00497223110869526863
-0.55000001192092895500 -0.00496737984940409660
-0.54000002145767211900 -0.00495878420770168305
-0.52999997138977050800 -0.00495541281998157501
-0.51999998092651367200 -0.00495997397229075432
-0.50999999046325683600 -0.00497029023244976998
-0.50000000000000000000 -0.00497419899329543114
-0.49000000953674316400 -0.00497076613828539848
-0.47999998927116394000 -0.00498613715171813965
-0.46999999880790710400 -0.00497281597927212715
-0.46000000834465026800 -0.00496126012876629830
-0.44999998807907104500 -0.00494871195405721665
-0.43999999761581420900 -0.00492904987186193466
-0.43000000715255737300 -0.00492907082661986351
-0.41999998688697814900 -0.00493675097823143006
-0.40999999642372131300 -0.00493769207969307900
-0.40000000596046447700 -0.00493892701342701912
-0.38999998569488525400 -0.00495062815025448799
-0.37999999523162841800 -0.00495001906529068947
-0.37000000476837158200 -0.00494289211928844452
-0.36000001430511474600 -0.00494298012927174568
-0.34999999403953552200 -0.00493524502962827683
-0.34000000357627868600 -0.00491605000570416451
-0.33000001311302185100 -0.00491908192634582520
-0.31999999284744262700 -0.00492414878681302071
-0.31000000238418579100 -0.00492376601323485375
-0.30000001192092895500 -0.00491739111021161080
-0.28999999165534973100 -0.00491271214559674263
-0.28000000119209289500 -0.00491878017783164978
-0.27000001072883606000 -0.00491786794736981392
-0.25999999046325683600 -0.00490722293034195900
-0.25000000000000000000 -0.00490797497332096100
-0.23999999463558197000 -0.00489272782579064369
-0.23000000417232513400 -0.00489017786458134651
-0.21999999880790710400 -0.00489180814474821091
-0.20999999344348907500 -0.00490331510081887245
-0.20000000298023223900 -0.00489657092839479447
-0.18999999761581420900 -0.00491041410714387894
-0.18000000715255737300 -0.00491536408662796021
-0.17000000178813934300 -0.00490056909620761872
-0.15999999642372131300 -0.00490349112078547478
-0.15000000596046447800 -0.00491987913846969605
-0.14000000059604644800 -0.00489747896790504456
-0.12999999523162841800 -0.00490022497251629830
-0.11999999731779098500 -0.00491149909794330597
-0.10999999940395355200 -0.00490935100242495537
-0.10000000149011611900 -0.00492267077788710594
-0.09000000357627868650 -0.00492415996268391609
-0.07999999821186065670 -0.00492771482095122338
-0.07000000029802322390 -0.00492265308275818825
-0.05999999865889549260 -0.00491834105923771858
-0.05000000074505805970 -0.00490830186754465103
-0.03999999910593032840 -0.00489691691473126412
-0.02999999932944774630 -0.00489567499607801438
-0.01999999955296516420 -0.00489639490842819214
-0.00999999977648258210 -0.00491006206721067429
0.00000000000000000000 -0.00490886392071843147
0.00999999977648258210 -0.00490597402676939964
0.01999999955296516420 -0.00491511123254895210
0.02999999932944774630 -0.00491285603493452072
0.03999999910593032840 -0.00489408802241086960
0.05000000074505805970 -0.00489935697987675667
0.05999999865889549260 -0.00488684512674808502
0.07000000029802322390 -0.00486946385353803635
0.07999999821186065670 -0.00488012284040451050
0.09000000357627868650 -0.00488261599093675614
0.10000000149011611900 -0.00488069094717502594
0.10999999940395355200 -0.00488894199952483177
0.11999999731779098500 -0.00489020720124244690
0.12999999523162841800 -0.00487373722717165947
0.14000000059604644800 -0.00487334700301289559
0.15000000596046447800 -0.00486578699201345444
0.15999999642372131300 -0.00484154000878334046
0.17000000178813934300 -0.00484509486705064774
0.18000000715255737300 -0.00484210299327969551
0.18999999761581420900 -0.00483835209161043167
0.20000000298023223900 -0.00484377890825271607
0.20999999344348907500 -0.00483923684805631638
0.21999999880790710400 -0.00483203493058681488
0.23000000417232513400 -0.00482477294281125069
0.23999999463558197000 -0.00480475882068276406
0.25000000000000000000 -0.00478802807629108429
0.25999999046325683600 -0.00477273017168045044
0.27000001072883606000 -0.00474915187805891037
0.28000000119209289500 -0.00473687192425131798
0.28999999165534973100 -0.00473579997196793556
0.30000001192092895500 -0.00472139194607734680
0.31000000238418579100 -0.00469634402543306351
0.31999999284744262700 -0.00468826107680797577
0.33000001311302185100 -0.00464445119723677635
0.34000000357627868600 -0.00459759915247559548
0.34999999403953552200 -0.00456608692184090614
0.36000001430511474600 -0.00450350996106863022
0.37000000476837158200 -0.00444629788398742676
0.37999999523162841800 -0.00439703278243541718
0.38999998569488525400 -0.00433327909559011460
0.40000000596046447700 -0.00426024477928876877
0.40999999642372131300 -0.00419212412089109421
0.41999998688697814900 -0.00410380586981773377
0.43000000715255737300 -0.00399831309914588928
0.43999999761581420900 -0.00389488204382359982
0.44999998807907104500 -0.00376927200704813004
0.46000000834465026800 -0.00363492802716791630
0.46999999880790710400 -0.00350238289684057236
0.47999998927116394000 -0.00336551899090409279
0.49000000953674316400 -0.00321517698466777802
0.50000000000000000000 -0.00306663801893591881
0.50999999046325683600 -0.00290170102380216122
0.51999998092651367200 -0.00273195188492536545
0.52999997138977050800 -0.00255399500019848347
0.54000002145767211900 -0.00236740102991461754
0.55000001192092895500 -0.00217730808071792126
0.56000000238418579100 -0.00198125396855175495
0.56999999284744262700 -0.00178183696698397398
0.57999998331069946300 -0.00158413895405828953
0.58999997377395629900 -0.00138596002943813801
0.60000002384185791000 -0.00117806997150182724
0.61000001430511474600 -0.00098642869852483273
0.62000000476837158200 -0.00077490322291851044
0.62999999523162841800 -0.00056435697479173541
0.63999998569488525400 -0.00035474958713166416
0.64999997615814209000 -0.00014697489677928388
0.66000002622604370100 0.00005352991865947843
0.67000001668930053700 0.00025591260055080056
0.68000000715255737300 0.00046929129166528583
0.68999999761581420900 0.00068292691139504313
0.69999998807907104500 0.00089615100296214223
0.70999997854232788100 0.00110078195575624704
0.72000002861022949200 0.00131930294446647167
0.73000001907348632800 0.00153813394717872143
0.74000000953674316400 0.00175776705145835877
0.75000000000000000000 0.00198109890334308148
0.75999999046325683600 0.00220702192746102810
0.76999998092651367200 0.00243641808629035950
0.77999997138977050800 0.00266941590234637261
0.79000002145767211900 0.00290762702934443951
0.80000001192092895500 0.00315143191255629063
0.81000000238418579100 0.00340344896540045738
0.81999999284744262700 0.00365881901234388352
0.82999998331069946300 0.00392040098085999489
0.83999997377395629900 0.00419005705043673515
0.85000002384185791000 0.00446175597608089447
0.86000001430511474600 0.00474245380610227585
0.87000000476837158200 0.00502944504842162132
0.87999999523162841800 0.00531886518001556397
0.88999998569488525400 0.00562049401924014092
0.89999997615814209000 0.00593184307217597962
0.91000002622604370100 0.00624699285253882408
0.92000001668930053700 0.00657349405810236931
0.93000000715255737300 0.00690622581169009209
0.93999999761581420900 0.00724425585940480232
0.94999998807907104500 0.00758937699720263481
0.95999997854232788100 0.00794362463057041168
0.97000002861022949200 0.00830074865370988846
0.98000001907348632800 0.00866424478590488434
0.99000000953674316400 0.00903846137225627899
1.00000000000000000000 0.00942087825387716294
