-1.00000000000000000000 -0.00484620919451117516
-0.99000000953674316400 -0.00484429206699132919
-0.98000001907348632800 -0.00486091710627079010
-0.97000002861022949200 -0.00486756395548582077
-0.95999997854232788100 -0.00485260086134076119
-0.94999998807907104500 -0.00485574686899781227
-0.93999999761581420900 -0.00485090306028723717
-0.93000000715255737300 -0.00483166985213756561
-0.92000001668930053700 -0.00483426591381430626
-0.91000002622604370100 -0.00483842892572283745
-0.89999997615814209000 -0.00483760377392172814
-0.88999998569488525400 -0.00485298177227377892
-0.87999999523162841800 -0.00484979199245572090
-0.87000000476837158200 -0.00485735898837447167
-0.86000001430511474600 -0.00485558109357953072
-0.85000002384185791000 -0.00484653888270258904
-0.83999997377395629900 -0.00484256912022829056
-0.82999998331069946300 -0.00483101001009345055
-0.81999999284744262700 -0.00482762185856699944
-0.81000000238418579100 -0.00483128987252712250
-0.80000001192092895500 -0.00484533281996846199
-0.79000002145767211900 -0.00484168902039527893
-0.77999997138977050800 -0.00484615610912442208
-0.76999998092651367200 -0.00486036622896790505
-0.75999999046325683600 -0.00484569882974028588
-0.75000000000000000000 -0.00483764382079243660
-0.74000000953674316400 -0.00484340311959385872
-0.73000001907348632800 -0.00482331402599811554
-0.72000002861022949200 -0.00482255080714821816
-0.70999997854232788100 -0.00483651598915457726
-0.69999998807907104500 -0.00483440002426505089
-0.68999999761581420900 -0.00484006619080901146
-0.68000000715255737300 -0.00485255802050232887
-0.67000001668930053700 -0.00485330121591687203
-0.66000002622604370100 -0.00484737008810043335
-0.64999997615814209000 -0.00485204020515084267
-0.63999998569488525400 -0.00484401779249310494
-0.62999999523162841800 -0.00482442416250705719
-0.62000000476837158200 -0.00483456114307045937
-0.61000001430511474600 -0.00482987798750400543
-0.60000002384185791000 -0.00484011089429259300
-0.58999997377395629900 -0.00484850397333502770
-0.57999998331069946300 -0.00484754797071218491
-0.56999999284744262700 -0.00485439598560333252
-0.56000000238418579100 -0.00485320389270782471
-0.55000001192092895500 -0.00484192697331309319
-0.54000002145767211900 -0.00484190881252288818
-0.52999997138977050800 -0.00483210897073149681
-0.51999998092651367200 -0.00481987418606877327
-0.50999999046325683600 -0.00483049079775810242
-0.50000000000000000000 -0.00483740121126174927
-0.49000000953674316400 -0.00483781192451715470
-0.47999998927116394000 -0.00484191998839378357
-0.46999999880790710400 -0.00485402112826704979
-0.46000000834465026800 -0.00483783613890409470
-0.44999998807907104500 -0.00483660819008946419
-0.43999999761581420900 -0.00483755907043814659
-0.43000000715255737300 -0.00481745181605219841
-0.41999998688697814900 -0.00482355803251266480
-0.40999999642372131300 -0.00482844701036810875
-0.40000000596046447700 -0.00482620485126972199
-0.38999998569488525400 -0.00483323307707905770
-0.37999999523162841800 -0.00484129181131720543
-0.37000000476837158200 -0.00484322104603052139
-0.36000001430511474600 -0.00483749387785792351
-0.34999999403953552200 -0.00483355810865759850
-0.34000000357627868600 -0.00482530007138848305
-0.33000001311302185100 -0.00481670396402478218
-0.31999999284744262700 -0.00481340289115905762
-0.31000000238418579100 -0.00481534004211425781
-0.30000001192092895500 -0.00481993891298770905
-0.28999999165534973100 -0.00482963398098945618
-0.28000000119209289500 -0.00482506211847066879
-0.27000001072883606000 -0.00483566988259553909
-0.25999999046325683600 -0.00483255414292216301
-0.25000000000000000000 -0.00481732608750462532
-0.23999999463558197000 -0.00482209678739309311
-0.23000000417232513400 -0.00481522409245371819
-0.21999999880790710400 -0.00479834713041782379
-0.20999999344348907500 -0.00481647299602627754
-0.20000000298023223900 -0.00482621602714061737
-0.18999999761581420900 -0.00482457689940929413
-0.18000000715255737300 -0.00483209080994129181
-0.17000000178813934300 -0.00484040379524230957
-0.15999999642372131300 -0.00482862908393144608
-0.15000000596046447800 -0.00482206698507070542
-0.14000000059604644800 -0.00483003584668040276
-0.12999999523162841800 -0.00481087481603026390
-0.11999999731779098500 -0.00480927713215351105
-0.10999999940395355200 -0.00481498287990689278
-0.10000000149011611900 -0.00481107691302895546
-0.09000000357627868650 -0.00482316594570875168
-0.07999999821186065670 -0.00482764001935720444
-0.07000000029802322390 -0.00482841301709413529
-0.05999999865889549260 -0.00482608890160918236
-0.05000000074505805970 -0.00481663597747683525
-0.03999999910593032840 -0.00480887712910771370
-0.02999999932944774630 -0.00480839889496564865
-0.01999999955296516420 -0.00479744980111718178
-0.00999999977648258210 -0.00479562208056449890
0.00000000000000000000 -0.00480789598077535629
0.00999999977648258210 -0.00481070391833782196
0.01999999955296516420 -0.00480938702821731568
0.02999999932944774630 -0.00481112720444798470
0.03999999910593032840 -0.00481254188343882561
0.05000000074505805970 -0.00479382509365677834
0.05999999865889549260 -0.00479552615433931351
0.07000000029802322390 -0.00479114102199673653
0.07999999821186065670 -0.00476511102169752121
0.09000000357627868650 -0.00476687122136354447
0.10000000149011611900 -0.00477634416893124581
0.10999999940395355200 -0.00477088196203112602
0.11999999731779098500 -0.00477423798292875290
0.12999999523162841800 -0.00478587485849857330
0.14000000059604644800 -0.00477336905896663666
0.15000000596046447800 -0.00476295920088887215
0.15999999642372131300 -0.00476582814007997513
0.17000000178813934300 -0.00474864291027188301
0.18000000715255737300 -0.00473398482427001000
0.18999999761581420900 -0.00473167700693011284
0.20000000298023223900 -0.00472989212721586228
0.20999999344348907500 -0.00472900085151195526
0.21999999880790710400 -0.00472873682156205177
0.23000000417232513400 -0.00471772812306880951
0.23999999463558197000 -0.00471198977902531624
0.25000000000000000000 -0.00469146808609366417
0.25999999046325683600 -0.00467617809772491455
0.27000001072883606000 -0.00466109905391931534
0.28000000119209289500 -0.00463407114148139954
0.28999999165534973100 -0.00461105816066265106
0.30000001192092895500 -0.00459951208904385567
0.31000000238418579100 -0.00458170007914304733
0.31999999284744262700 -0.00454994197934865952
0.33000001311302185100 -0.00453305104747414589
0.34000000357627868600 -0.00449293293058872223
0.34999999403953552200 -0.00443542283028364182
0.36000001430511474600 -0.00439659599214792252
0.37000000476837158200 -0.00433729309588670731
0.37999999523162841800 -0.00426259497180581093
0.38999998569488525400 -0.00420551095157861710
0.40000000596046447700 -0.00413721799850463867
0.40999999642372131300 -0.00405322713777422905
0.41999998688697814900 -0.00397494109347462654
0.43000000715255737300 -0.00388022093102335930
0.43999999761581420900 -0.00376940402202308178
0.44999998807907104500 -0.00365264806896448136
0.46000000834465026800 -0.00353038799948990345
0.46999999880790710400 -0.00339201791211962700
0.47999998927116394000 -0.00324808410368859768
0.49000000953674316400 -0.00310452608391642571
0.50000000000000000000 -0.00294893910177052021
0.50999999046325683600 -0.00279607996344566345
0.51999998092651367200 -0.00262937392108142376
0.52999997138977050800 -0.00245523010380566120
0.54000002145767211900 -0.00228016707114875317
0.55000001192092895500 -0.00209048809483647347
0.56000000238418579100 -0.00190256303176283836
0.56999999284744262700 -0.00171208602841943502
0.57999998331069946300 -0.00151162594556808472
0.58999997377395629900 -0.00131582701578736305
0.60000002384185791000 -0.00112216302659362555
0.61000001430511474600 -0.00093618448590859771
0.62000000476837158200 -0.00072376331081613898
0.62999999523162841800 -0.00052364467410370708
0.63999998569488525400 -0.00031988060800358653
0.64999997615814209000 -0.00011532630014698952
0.66000002622604370100 0.00007836546137696132
0.67000001668930053700 0.00027704660897143185
0.68000000715255737300 0.00048661848995834589
0.68999999761581420900 0.00069326162338256836
0.69999998807907104500 0.00090203637955710292
0.70999997854232788100 0.00110300502274185419
0.72000002861022949200 0.00131653505377471447
0.73000001907348632800 0.00152956601232290268
0.74000000953674316400 0.00174410501495003700
0.75000000000000000000 0.00196164101362228394
0.75999999046325683600 0.00218195398338139057
0.76999998092651367200 0.00240413798019289970
0.77999997138977050800 0.00263143097981810570
0.79000002145767211900 0.00286161107942461968
0.80000001192092895500 0.00309533206745982170
0.81000000238418579100 0.00333683588542044163
0.81999999284744262700 0.00358401401899755001
0.82999998331069946300 0.00383372791111469269
0.83999997377395629900 0.00409279018640518189
0.85000002384185791000 0.00435659894719719887
0.86000001430511474600 0.00462172087281942368
0.87000000476837158200 0.00489666219800710678
0.87999999523162841800 0.00517801521345973015
0.88999998569488525400 0.00545907486230134964
0.89999997615814209000 0.00575324520468711853
0.91000002622604370100 0.00605671200901269913
0.92000001668930053700 0.00636179512366652489
0.93000000715255737300 0.00668044295161962509
0.93999999761581420900 0.00700190197676420212
0.94999998807907104500 0.00732843205332756043
0.95999997854232788100 0.00766237406060099602
0.97000002861022949200 0.00800103414803743363
0.98000001907348632800 0.00834480579942464829
0.99000000953674316400 0.00869678426533937454
1.00000000000000000000 0.00905664544552564621
