-1.00000000000000000000 -0.00470989476889371872
-0.99000000953674316400 -0.00471312087029218674
-0.98000001907348632800 -0.00472700083628296852
-0.97000002861022949200 -0.00471547478809952736
-0.95999997854232788100 -0.00470525212585926056
-0.94999998807907104500 -0.00471246894448995590
-0.93999999761581420900 -0.00469486881047487259
-0.93000000715255737300 -0.00469138985499739647
-0.92000001668930053700 -0.00470411311835050583
-0.91000002622604370100 -0.00470691919326782227
-0.89999997615814209000 -0.00470842700451612473
-0.88999998569488525400 -0.00472051184624433518
-0.87999999523162841800 -0.00472310977056622505
-0.87000000476837158200 -0.00470140017569065094
-0.86000001430511474600 -0.00470616295933723450
-0.85000002384185791000 -0.00469478685408830643
-0.83999997377395629900 -0.00466906977817416191
-0.82999998331069946300 -0.00467616319656372070
-0.81999999284744262700 -0.00467979209497570992
-0.81000000238418579100 -0.00468595419079065323
-0.80000001192092895500 -0.00469447998329997063
-0.79000002145767211900 -0.00469791283831000328
-0.77999997138977050800 -0.00469403900206089020
-0.76999998092651367200 -0.00468853209167718887
-0.75999999046325683600 -0.00468890182673931122
-0.75000000000000000000 -0.00468291994184255600
-0.74000000953674316400 -0.00467721000313758850
-0.73000001907348632800 -0.00467655481770634651
-0.72000002861022949200 -0.00468564499169588089
-0.70999997854232788100 -0.00469015398994088173
-0.69999998807907104500 -0.00468869786709547043
-0.68999999761581420900 -0.00469373399391770363
-0.68000000715255737300 -0.00469003897160291672
-0.67000001668930053700 -0.00467480299994349480
-0.66000002622604370100 -0.00468022003769874573
-0.64999997615814209000 -0.00467042205855250359
-0.63999998569488525400 -0.00465358793735504151
-0.62999999523162841800 -0.00466878013685345650
-0.62000000476837158200 -0.00467039411887526512
-0.61000001430511474600 -0.00467030704021453858
-0.60000002384185791000 -0.00468145404011011124
-0.58999997377395629900 -0.00468540517613291741
-0.57999998331069946300 -0.00467076385393738747
-0.56999999284744262700 -0.00467657903209328652
-0.56000000238418579100 -0.00467001181095838547
-0.55000001192092895500 -0.00464854110032320023
-0.54000002145767211900 -0.00465775700286030770
-0.52999997138977050800 -0.00466073211282491684
-0.51999998092651367200 -0.00466299708932638168
-0.50999999046325683600 -0.00467183301225304604
-0.50000000000000000000 -0.00467333896085619927
-0.49000000953674316400 -0.00467348098754882813
-0.47999998927116394000 -0.00467256596311926842
-0.46999999880790710400 -0.00466780876740813255
-0.46000000834465026800 -0.00465631112456321716
-0.44999998807907104500 -0.00465108314529061318
-0.43999999761581420900 -0.00464753899723291397
-0.43000000715255737300 -0.00465252902358770371
-0.41999998688697814900 -0.00467171799391508103
-0.40999999642372131300 -0.00467528915032744408
-0.40000000596046447700 -0.00467611011117696762
-0.38999998569488525400 -0.00468638492748141289
-0.37999999523162841800 -0.00467214314267039299
-0.37000000476837158200 -0.00466804997995495796
-0.36000001430511474600 -0.00466940086334943772
-0.34999999403953552200 -0.00465060817077755928
-0.34000000357627868600 -0.00465043494477868080
-0.33000001311302185100 -0.00466634985059499741
-0.31999999284744262700 -0.00466625392436981201
-0.31000000238418579100 -0.00466350885108113289
-0.30000001192092895500 -0.00468003097921609879
-0.28999999165534973100 -0.00467231310904026032
-0.28000000119209289500 -0.00465652020648121834
-0.27000001072883606000 -0.00466861622408032417
-0.25999999046325683600 -0.00465640611946582794
-0.25000000000000000000 -0.00464190915226936340
-0.23999999463558197000 -0.00465486897155642510
-0.23000000417232513400 -0.00466028787195682526
-0.21999999880790710400 -0.00465802010148763657
-0.20999999344348907500 -0.00466978596523404122
-0.20000000298023223900 -0.00467455619946122170
-0.18999999761581420900 -0.00466319499537348747
-0.18000000715255737300 -0.00466068414971232414
-0.17000000178813934300 -0.00465832510963082314
-0.15999999642372131300 -0.00464009121060371399
-0.15000000596046447800 -0.00464157201349735260
-0.14000000059604644800 -0.00464459788054227829
-0.12999999523162841800 -0.00464803585782647133
-0.11999999731779098500 -0.00465512182563543320
-0.10999999940395355200 -0.00465102121233940125
-0.10000000149011611900 -0.00465529784560203552
-0.09000000357627868650 -0.00465108780190348625
-0.07999999821186065670 -0.00464656203985214234
-0.07000000029802322390 -0.00463846186175942421
-0.05999999865889549260 -0.00462284591048955918
-0.05000000074505805970 -0.00462335394695401192
-0.03999999910593032840 -0.00462514022365212441
-0.02999999932944774630 -0.00463133119046688080
-0.01999999955296516420 -0.00462772184982895851
-0.00999999977648258210 -0.00463236495852470398
0.00000000000000000000 -0.00463917013257741928
0.00999999977648258210 -0.00462828809395432472
0.01999999955296516420 -0.00461249798536300659
0.02999999932944774630 -0.00461638579145073891
0.03999999910593032840 -0.00459827389568090439
0.05000000074505805970 -0.00459372205659747124
0.05999999865889549260 -0.00461350986734032631
0.07000000029802322390 -0.00461042718961834908
0.07999999821186065670 -0.00461220508441329003
0.09000000357627868650 -0.00461791409179568291
0.10000000149011611900 -0.00461737811565399170
0.10999999940395355200 -0.00460318382829427719
0.11999999731779098500 -0.00460592005401849747
0.12999999523162841800 -0.00459167687222361565
0.14000000059604644800 -0.00456704385578632355
0.15000000596046447800 -0.00457344623282551766
0.15999999642372131300 -0.00457042315974831581
0.17000000178813934300 -0.00457006879150867462
0.18000000715255737300 -0.00457145692780613899
0.18999999761581420900 -0.00456921709701418877
0.20000000298023223900 -0.00456401798874139786
0.20999999344348907500 -0.00454821716994047165
0.21999999880790710400 -0.00453796703368425369
0.23000000417232513400 -0.00452595809474587441
0.23999999463558197000 -0.00450546899810433388
0.25000000000000000000 -0.00449351407587528229
0.25999999046325683600 -0.00448991777375340462
0.27000001072883606000 -0.00447988091036677361
0.28000000119209289500 -0.00446686614304780960
0.28999999165534973100 -0.00446117017418146134
0.30000001192092895500 -0.00443650782108306885
0.31000000238418579100 -0.00439719995483756066
0.31999999284744262700 -0.00437667779624462128
0.33000001311302185100 -0.00433494104072451592
0.34000000357627868600 -0.00428611598908901215
0.34999999403953552200 -0.00425278721377253533
0.36000001430511474600 -0.00421069422736763954
0.37000000476837158200 -0.00415961584076285362
0.37999999523162841800 -0.00410445779561996460
0.38999998569488525400 -0.00404589902609586716
0.40000000596046447700 -0.00396323809400200844
0.40999999642372131300 -0.00387950101867318154
0.41999998688697814900 -0.00379061792045831680
0.43000000715255737300 -0.00368222291581332684
0.43999999761581420900 -0.00357318506576120854
0.44999998807907104500 -0.00346364197321236134
0.46000000834465026800 -0.00334346294403076172
0.46999999880790710400 -0.00321880192495882511
0.47999998927116394000 -0.00308262603357434273
0.49000000953674316400 -0.00293991994112730026
0.50000000000000000000 -0.00278887408785521984
0.50999999046325683600 -0.00262663490138947964
0.51999998092651367200 -0.00246257195249199867
0.52999997138977050800 -0.00229322304949164391
0.54000002145767211900 -0.00211764592677354813
0.55000001192092895500 -0.00194094399921596050
0.56000000238418579100 -0.00176315405406057835
0.56999999284744262700 -0.00157935300376266241
0.57999998331069946300 -0.00139059696812182665
0.58999997377395629900 -0.00120364595204591751
0.60000002384185791000 -0.00100812898017466068
0.61000001430511474600 -0.00082077598199248314
0.62000000476837158200 -0.00062067189719527960
0.62999999523162841800 -0.00042107619810849428
0.63999998569488525400 -0.00021722599922213703
0.64999997615814209000 -0.00002242228947579861
0.66000002622604370100 0.00016968230193015188
0.67000001668930053700 0.00037687589065171778
0.68000000715255737300 0.00058148190146312118
0.68999999761581420900 0.00078640802530571818
0.69999998807907104500 0.00099313037935644388
0.70999997854232788100 0.00119337101932615042
0.72000002861022949200 0.00140382396057248116
0.73000001907348632800 0.00161418400239199400
0.74000000953674316400 0.00182492099702358246
0.75000000000000000000 0.00203834590502083302
0.75999999046325683600 0.00225437898188829422
0.76999998092651367200 0.00247241207398474217
0.77999997138977050800 0.00269464100711047649
0.79000002145767211900 0.00291962199844419956
0.80000001192092895500 0.00314755388535559178
0.81000000238418579100 0.00337972003035247326
0.81999999284744262700 0.00361358001828193665
0.82999998331069946300 0.00385279697366058827
0.83999997377395629900 0.00409698206931352616
0.85000002384185791000 0.00434373877942562103
0.86000001430511474600 0.00459720008075237274
0.87000000476837158200 0.00485875690355896950
0.87999999523162841800 0.00512144714593887329
0.88999998569488525400 0.00538898678496479988
0.89999997615814209000 0.00566385779529809952
0.91000002622604370100 0.00593734113499522209
0.92000001668930053700 0.00621689902618527413
0.93000000715255737300 0.00650331610813736916
0.93999999761581420900 0.00678825285285711289
0.94999998807907104500 0.00708556082099676132
0.95999997854232788100 0.00738841481506824494
0.97000002861022949200 0.00769573077559471131
0.98000001907348632800 0.00800764653831720352
0.99000000953674316400 0.00833151396363973618
1.00000000000000000000 0.00865347217768430710
