-1.00000000000000000000 -0.00473581114783883095
-0.99000000953674316400 -0.00472924299538135529
-0.98000001907348632800 -0.00472771888598799706
-0.97000002861022949200 -0.00472328206524252892
-0.95999997854232788100 -0.00470693781971931458
-0.94999998807907104500 -0.00471198000013828278
-0.93999999761581420900 -0.00471457280218601227
-0.93000000715255737300 -0.00472611002624034882
-0.92000001668930053700 -0.00472221104428172112
-0.91000002622604370100 -0.00472922483459115029
-0.89999997615814209000 -0.00473186792805790901
-0.88999998569488525400 -0.00472015701234340668
-0.87999999523162841800 -0.00472410302609205246
-0.87000000476837158200 -0.00471691321581602097
-0.86000001430511474600 -0.00470158178359270096
-0.85000002384185791000 -0.00470229191705584526
-0.83999997377395629900 -0.00471467617899179459
-0.82999998331069946300 -0.00471353484317660332
-0.81999999284744262700 -0.00472260406240820885
-0.81000000238418579100 -0.00473253894597291947
-0.80000001192092895500 -0.00472815195098519325
-0.79000002145767211900 -0.00471122423186898232
-0.77999997138977050800 -0.00471623800694942475
-0.76999998092651367200 -0.00470437481999397278
-0.75999999046325683600 -0.00469262013211846352
-0.75000000000000000000 -0.00470002414658665657
-0.74000000953674316400 -0.00470031984150409699
-0.73000001907348632800 -0.00471142120659351349
-0.72000002861022949200 -0.00471313809975981712
-0.70999997854232788100 -0.00471691414713859558
-0.69999998807907104500 -0.00470851594582200050
-0.68999999761581420900 -0.00469673098996281624
-0.68000000715255737300 -0.00469599477946758270
-0.67000001668930053700 -0.00469603994861245156
-0.66000002622604370100 -0.00468415999785065651
-0.64999997615814209000 -0.00468541122972965241
-0.63999998569488525400 -0.00469188112765550614
-0.62999999523162841800 -0.00469066901132464409
-0.62000000476837158200 -0.00468895491212606430
-0.61000001430511474600 -0.00470588402822613716
-0.60000002384185791000 -0.00469548208639025688
-0.58999997377395629900 -0.00468430388718843460
-0.57999998331069946300 -0.00469324411824345589
-0.56999999284744262700 -0.00467716902494430542
-0.56000000238418579100 -0.00465953815728425980
-0.55000001192092895500 -0.00466874800622463226
-0.54000002145767211900 -0.00466869678348302841
-0.52999997138977050800 -0.00467164302244782448
-0.51999998092651367200 -0.00468216883018612862
-0.50999999046325683600 -0.00468366919085383415
-0.50000000000000000000 -0.00467133382335305214
-0.49000000953674316400 -0.00468871090561151505
-0.47999998927116394000 -0.00468217208981513977
-0.46999999880790710400 -0.00466132815927267075
-0.46000000834465026800 -0.00466961693018674851
-0.44999998807907104500 -0.00467091100290417671
-0.43999999761581420900 -0.00467588286846876145
-0.43000000715255737300 -0.00468513602390885353
-0.41999998688697814900 -0.00468695396557450295
-0.40999999642372131300 -0.00468832487240433693
-0.40000000596046447700 -0.00469335122033953667
-0.38999998569488525400 -0.00469134096056222916
-0.37999999523162841800 -0.00468116300180554390
-0.37000000476837158200 -0.00467411708086729050
-0.36000001430511474600 -0.00467091798782348633
-0.34999999403953552200 -0.00467643188312649727
-0.34000000357627868600 -0.00468745408579707146
-0.33000001311302185100 -0.00468785781413316727
-0.31999999284744262700 -0.00468910718336701393
-0.31000000238418579100 -0.00469997897744178772
-0.30000001192092895500 -0.00468718400225043297
-0.28999999165534973100 -0.00468500889837741852
-0.28000000119209289500 -0.00468532321974635124
-0.27000001072883606000 -0.00466549396514892578
-0.25999999046325683600 -0.00466759176924824715
-0.25000000000000000000 -0.00468071922659873963
-0.23999999463558197000 -0.00468089897185564041
-0.23000000417232513400 -0.00468061398714780808
-0.21999999880790710400 -0.00469595193862915039
-0.20999999344348907500 -0.00468650320544838906
-0.20000000298023223900 -0.00467379391193389893
-0.18999999761581420900 -0.00468448502942919731
-0.18000000715255737300 -0.00467194989323616028
-0.17000000178813934300 -0.00465962383896112442
-0.15999999642372131300 -0.00466919597238302231
-0.15000000596046447800 -0.00467177713289856911
-0.14000000059604644800 -0.00467461813241243363
-0.12999999523162841800 -0.00468432577326893807
-0.11999999731779098500 -0.00468952022492885590
-0.10999999940395355200 -0.00468264007940888405
-0.10000000149011611900 -0.00468417722731828690
-0.09000000357627868650 -0.00468340516090393067
-0.07999999821186065670 -0.00466898689046502114
-0.07000000029802322390 -0.00466661015525460243
-0.05999999865889549260 -0.00466956105083227158
-0.05000000074505805970 -0.00467388797551393509
-0.03999999910593032840 -0.00468937912955880165
-0.02999999932944774630 -0.00468857912346720696
-0.01999999955296516420 -0.00469993194565176964
-0.00999999977648258210 -0.00469159707427024841
0.00000000000000000000 -0.00468127196654677391
0.00999999977648258210 -0.00467966403812170029
0.01999999955296516420 -0.00467383116483688355
0.02999999932944774630 -0.00465756980702280998
0.03999999910593032840 -0.00466143386438488960
0.05000000074505805970 -0.00467146700248122215
0.05999999865889549260 -0.00466756196692585945
0.07000000029802322390 -0.00466955499723553658
0.07999999821186065670 -0.00468156812712550163
0.09000000357627868650 -0.00466681504622101784
0.10000000149011611900 -0.00465325778350234032
0.10999999940395355200 -0.00465642008930444718
0.11999999731779098500 -0.00464062485843896866
0.12999999523162841800 -0.00462951092049479485
0.14000000059604644800 -0.00463741319254040718
0.15000000596046447800 -0.00463413307443261147
0.15999999642372131300 -0.00463595986366271973
0.17000000178813934300 -0.00463837990537285805
0.18000000715255737300 -0.00463927676901221275
0.18999999761581420900 -0.00462373485788702965
0.20000000298023223900 -0.00461690220981836319
0.20999999344348907500 -0.00460455799475312233
0.21999999880790710400 -0.00458008004352450371
0.23000000417232513400 -0.00457883486524224281
0.23999999463558197000 -0.00456861499696969986
0.25000000000000000000 -0.00456492416560649872
0.25999999046325683600 -0.00455832015722990036
0.27000001072883606000 -0.00454623391851782799
0.28000000119209289500 -0.00453575421124696732
0.28999999165534973100 -0.00451434403657913208
0.30000001192092895500 -0.00448946887627243996
0.31000000238418579100 -0.00446531502529978752
0.31999999284744262700 -0.00442553777247667313
0.33000001311302185100 -0.00439258106052875519
0.34000000357627868600 -0.00437164399772882462
0.34999999403953552200 -0.00433797808364033699
0.36000001430511474600 -0.00429806718602776528
0.37000000476837158200 -0.00425742100924253464
0.37999999523162841800 -0.00420795613899827004
0.38999998569488525400 -0.00413744198158383370
0.40000000596046447700 -0.00407606177031993866
0.40999999642372131300 -0.00399869820103049278
0.41999998688697814900 -0.00390293099917471409
0.43000000715255737300 -0.00382671202532947064
0.43999999761581420900 -0.00373532692901790142
0.44999998807907104500 -0.00363388494588434696
0.46000000834465026800 -0.00352970906533300877
0.46999999880790710400 -0.00341439596377313137
0.47999998927116394000 -0.00328723900020122528
0.49000000953674316400 -0.00315102096647024155
0.50000000000000000000 -0.00300746690481901169
0.50999999046325683600 -0.00285316794179379940
0.51999998092651367200 -0.00269402796402573586
0.52999997138977050800 -0.00253202393651008606
0.54000002145767211900 -0.00236789300106465817
0.55000001192092895500 -0.00219904794357717037
0.56000000238418579100 -0.00202243006788194180
0.56999999284744262700 -0.00184311100747436285
0.57999998331069946300 -0.00166068598628044128
0.58999997377395629900 -0.00146790104918181896
0.60000002384185791000 -0.00127999705728143454
0.61000001430511474600 -0.00108832900878041983
0.62000000476837158200 -0.00091647810768336058
0.62999999523162841800 -0.00071135011967271566
0.63999998569488525400 -0.00051656941650435328
0.64999997615814209000 -0.00031622301321476698
0.66000002622604370100 -0.00011949679901590571
0.67000001668930053700 0.00006475619738921523
0.68000000715255737300 0.00025577261112630367
0.68999999761581420900 0.00046225931146182120
0.69999998807907104500 0.00066418910864740610
0.70999997854232788100 0.00086773751536384225
0.72000002861022949200 0.00106504897121340036
0.73000001907348632800 0.00127704197075217962
0.74000000953674316400 0.00148979504592716694
0.75000000000000000000 0.00170706794597208500
0.75999999046325683600 0.00192886800505220890
0.76999998092651367200 0.00215441104955971241
0.77999997138977050800 0.00238625402562320232
0.79000002145767211900 0.00262471591122448444
0.80000001192092895500 0.00286756595596671105
0.81000000238418579100 0.00311827310360968113
0.81999999284744262700 0.00337572908028960228
0.82999998331069946300 0.00363832199946045876
0.83999997377395629900 0.00391121814027428627
0.85000002384185791000 0.00419518304988741875
0.86000001430511474600 0.00448660412803292275
0.87000000476837158200 0.00478522991761565209
0.87999999523162841800 0.00509392376989126206
0.88999998569488525400 0.00541306100785732269
0.89999997615814209000 0.00573186017572879791
0.91000002622604370100 0.00606589578092098236
0.92000001668930053700 0.00640322593972086907
0.93000000715255737300 0.00674087880179286003
0.93999999761581420900 0.00710324989631772042
0.94999998807907104500 0.00747595401480793953
0.95999997854232788100 0.00785295013338327408
0.97000002861022949200 0.00824008043855428696
0.98000001907348632800 0.00864083226770162583
0.99000000953674316400 0.00904055871069431305
1.00000000000000000000 0.00944662094116210938
