-1.00000000000000000000 -0.00479825306683778763
-0.99000000953674316400 -0.00478134676814079285
-0.98000001907348632800 -0.00479432707652449608
-0.97000002861022949200 -0.00478246994316577912
-0.95999997854232788100 -0.00476228585466742516
-0.94999998807907104500 -0.00477488897740840912
-0.93999999761581420900 -0.00477640097960829735
-0.93000000715255737300 -0.00477810017764568329
-0.92000001668930053700 -0.00479086581617593765
-0.91000002622604370100 -0.00479341996833682060
-0.89999997615814209000 -0.00478990701958537102
-0.88999998569488525400 -0.00478955311700701714
-0.87999999523162841800 -0.00478462083265185356
-0.87000000476837158200 -0.00477470923215150833
-0.86000001430511474600 -0.00476910592988133431
-0.85000002384185791000 -0.00476938905194401741
-0.83999997377395629900 -0.00477370619773864746
-0.82999998331069946300 -0.00478561781346797943
-0.81999999284744262700 -0.00478572119027376175
-0.81000000238418579100 -0.00479410821571946144
-0.80000001192092895500 -0.00480201281607151032
-0.79000002145767211900 -0.00478301802650094032
-0.77999997138977050800 -0.00478426320478320122
-0.76999998092651367200 -0.00478377705439925194
-0.75999999046325683600 -0.00476423418149352074
-0.75000000000000000000 -0.00476479483768343926
-0.74000000953674316400 -0.00478316796943545342
-0.73000001907348632800 -0.00478654308244585991
-0.72000002861022949200 -0.00478428881615400314
-0.70999997854232788100 -0.00480318022891879082
-0.69999998807907104500 -0.00479266420006752014
-0.68999999761581420900 -0.00477389199659228325
-0.68000000715255737300 -0.00478869816288352013
-0.67000001668930053700 -0.00477643217891454697
-0.66000002622604370100 -0.00475709000602364540
-0.64999997615814209000 -0.00477088289335370064
-0.63999998569488525400 -0.00477122515439987183
-0.62999999523162841800 -0.00476576993241906166
-0.62000000476837158200 -0.00477777002379298210
-0.61000001430511474600 -0.00478076981380581856
-0.60000002384185791000 -0.00477411504834890366
-0.58999997377395629900 -0.00476774200797080994
-0.57999998331069946300 -0.00476814992725849152
-0.56999999284744262700 -0.00474628200754523277
-0.56000000238418579100 -0.00473928498104214668
-0.55000001192092895500 -0.00474427780136466026
-0.54000002145767211900 -0.00474554579704999924
-0.52999997138977050800 -0.00475688278675079346
-0.51999998092651367200 -0.00475543597713112831
-0.50999999046325683600 -0.00476283906027674675
-0.50000000000000000000 -0.00476368516683578491
-0.49000000953674316400 -0.00474656606093049050
-0.47999998927116394000 -0.00474288919940590859
-0.46999999880790710400 -0.00473819812759757042
-0.46000000834465026800 -0.00472183991223573685
-0.44999998807907104500 -0.00472931005060672760
-0.43999999761581420900 -0.00474094087257981300
-0.43000000715255737300 -0.00473913596943020821
-0.41999998688697814900 -0.00474322680383920670
-0.40999999642372131300 -0.00475366087630391121
-0.40000000596046447700 -0.00474023213610053063
-0.38999998569488525400 -0.00473111122846603394
-0.37999999523162841800 -0.00473876902833580971
-0.37000000476837158200 -0.00472169183194637299
-0.36000001430511474600 -0.00471466407179832459
-0.34999999403953552200 -0.00472884718328714371
-0.34000000357627868600 -0.00473269307985901833
-0.33000001311302185100 -0.00474457303062081337
-0.31999999284744262700 -0.00475330278277397156
-0.31000000238418579100 -0.00475812004879117012
-0.30000001192092895500 -0.00474618189036846161
-0.28999999165534973100 -0.00474668713286519051
-0.28000000119209289500 -0.00474350480362772942
-0.27000001072883606000 -0.00472921179607510567
-0.25999999046325683600 -0.00473398016765713692
-0.25000000000000000000 -0.00473154615610837937
-0.23999999463558197000 -0.00473875505849719048
-0.23000000417232513400 -0.00474862102419137955
-0.21999999880790710400 -0.00474915606901049614
-0.20999999344348907500 -0.00475717615336179733
-0.20000000298023223900 -0.00475483201444149018
-0.18999999761581420900 -0.00474374322220683098
-0.18000000715255737300 -0.00474229408428072930
-0.17000000178813934300 -0.00473628379404544830
-0.15999999642372131300 -0.00472355587407946587
-0.15000000596046447800 -0.00472967000678181648
-0.14000000059604644800 -0.00473900418728590012
-0.12999999523162841800 -0.00473754992708563805
-0.11999999731779098500 -0.00474831182509660721
-0.10999999940395355200 -0.00476386211812496185
-0.10000000149011611900 -0.00474760681390762329
-0.09000000357627868650 -0.00474131107330322266
-0.07999999821186065670 -0.00474742893129587174
-0.07000000029802322390 -0.00472811795771121979
-0.05999999865889549260 -0.00472241220995783806
-0.05000000074505805970 -0.00473321182653307915
-0.03999999910593032840 -0.00473475782200694084
-0.02999999932944774630 -0.00473855389282107353
-0.01999999955296516420 -0.00474380888044834137
-0.00999999977648258210 -0.00474420515820384026
0.00000000000000000000 -0.00473770406097173691
0.00999999977648258210 -0.00473254080861806870
0.01999999955296516420 -0.00473093008622527123
0.02999999932944774630 -0.00470575084909796715
0.03999999910593032840 -0.00470199808478355408
0.05000000074505805970 -0.00470287911593914032
0.05999999865889549260 -0.00470380205661058426
0.07000000029802322390 -0.00471195718273520470
0.07999999821186065670 -0.00470768008381128311
0.09000000357627868650 -0.00471633998677134514
0.10000000149011611900 -0.00471045402809977532
0.10999999940395355200 -0.00469260523095726967
0.11999999731779098500 -0.00468486919999122620
0.12999999523162841800 -0.00467389402911067009
0.14000000059604644800 -0.00466159312054514885
0.15000000596046447800 -0.00466259801760315895
0.15999999642372131300 -0.00467037921771407128
0.17000000178813934300 -0.00466444296762347222
0.18000000715255737300 -0.00466428697109222412
0.18999999761581420900 -0.00467097479850053787
0.20000000298023223900 -0.00465751904994249344
0.20999999344348907500 -0.00464107608422636986
0.21999999880790710400 -0.00464399810880422592
0.23000000417232513400 -0.00461948290467262268
0.23999999463558197000 -0.00460922997444868088
0.25000000000000000000 -0.00461244909092783928
0.25999999046325683600 -0.00460701482370495796
0.27000001072883606000 -0.00460600899532437325
0.28000000119209289500 -0.00460182409733533859
0.28999999165534973100 -0.00459001818671822548
0.30000001192092895500 -0.00456388201564550400
0.31000000238418579100 -0.00454612495377659798
0.31999999284744262700 -0.00451846281066536904
0.33000001311302185100 -0.00448945397511124611
0.34000000357627868600 -0.00446715904399752617
0.34999999403953552200 -0.00443048588931560516
0.36000001430511474600 -0.00440141698345541954
0.37000000476837158200 -0.00436288118362426758
0.37999999523162841800 -0.00431706104427576065
0.38999998569488525400 -0.00426817778497934342
0.40000000596046447700 -0.00420302897691726685
0.40999999642372131300 -0.00412940280511975289
0.41999998688697814900 -0.00405258499085903168
0.43000000715255737300 -0.00395852793008089066
0.43999999761581420900 -0.00385748990811407566
0.44999998807907104500 -0.00376523705199360848
0.46000000834465026800 -0.00365841994062066078
0.46999999880790710400 -0.00354135502129793167
0.47999998927116394000 -0.00341588701121509075
0.49000000953674316400 -0.00328182405792176724
0.50000000000000000000 -0.00312618492171168327
0.50999999046325683600 -0.00297447293996810913
0.51999998092651367200 -0.00281032104976475239
0.52999997138977050800 -0.00263070105575025082
0.54000002145767211900 -0.00246113911271095276
0.55000001192092895500 -0.00228261295706033707
0.56000000238418579100 -0.00209977594204246998
0.56999999284744262700 -0.00191522797103971243
0.57999998331069946300 -0.00172430905513465405
0.58999997377395629900 -0.00152844097465276718
0.60000002384185791000 -0.00133199105039238930
0.61000001430511474600 -0.00113331794273108244
0.62000000476837158200 -0.00095692340983077884
0.62999999523162841800 -0.00074874848360195756
0.63999998569488525400 -0.00054545141756534576
0.64999997615814209000 -0.00034754749503917992
0.66000002622604370100 -0.00015167839592322707
0.67000001668930053700 0.00002886782931454945
0.68000000715255737300 0.00021309360454324633
0.68999999761581420900 0.00041249729110859334
0.69999998807907104500 0.00061025790637359023
0.70999997854232788100 0.00080557831097394228
0.72000002861022949200 0.00100153998937457800
0.73000001907348632800 0.00119010801427066326
0.74000000953674316400 0.00139393401332199574
0.75000000000000000000 0.00159947900101542473
0.75999999046325683600 0.00180952996015548706
0.76999998092651367200 0.00202298001386225224
0.77999997138977050800 0.00224286806769669056
0.79000002145767211900 0.00246907700784504414
0.80000001192092895500 0.00270050298422574997
0.81000000238418579100 0.00293820910155773163
0.81999999284744262700 0.00318356999196112156
0.82999998331069946300 0.00343425595201551914
0.83999997377395629900 0.00369234406389296055
0.85000002384185791000 0.00396134005859494209
0.86000001430511474600 0.00423733098432421684
0.87000000476837158200 0.00452507706359028816
0.87999999523162841800 0.00482090516015887261
0.88999998569488525400 0.00512328511103987694
0.89999997615814209000 0.00543729821220040322
0.91000002622604370100 0.00575795723125338555
0.92000001668930053700 0.00608509918674826622
0.93000000715255737300 0.00642409920692443848
0.93999999761581420900 0.00676714209839701653
0.94999998807907104500 0.00712083512917160988
0.95999997854232788100 0.00749236484989523888
0.97000002861022949200 0.00787133164703845978
0.98000001907348632800 0.00825675856322050095
0.99000000953674316400 0.00865614227950572968
1.00000000000000000000 0.00906599313020706177
