-1.00000000000000000000 -0.00495724612846970558
-0.99000000953674316400 -0.00494802510365843773
-0.98000001907348632800 -0.00493017584085464478
-0.97000002861022949200 -0.00494679296389222145
-0.95999997854232788100 -0.00493374001234769821
-0.94999998807907104500 -0.00491830287501215935
-0.93999999761581420900 -0.00493449112400412560
-0.93000000715255737300 -0.00493477797135710716
-0.92000001668930053700 -0.00493736006319522858
-0.91000002622604370100 -0.00494865886867046356
-0.89999997615814209000 -0.00495408196002244950
-0.88999998569488525400 -0.00494475197046995163
-0.87999999523162841800 -0.00494012096896767616
-0.87000000476837158200 -0.00493702013045549393
-0.86000001430511474600 -0.00492651993408799172
-0.85000002384185791000 -0.00492535205557942391
-0.83999997377395629900 -0.00492197601124644280
-0.82999998331069946300 -0.00492933578789234162
-0.81999999284744262700 -0.00493835611268877983
-0.81000000238418579100 -0.00494215078651905060
-0.80000001192092895500 -0.00494504906237125397
-0.79000002145767211900 -0.00495165493339300156
-0.77999997138977050800 -0.00493335677310824394
-0.76999998092651367200 -0.00493796681985259056
-0.75999999046325683600 -0.00494120782241225243
-0.75000000000000000000 -0.00492470990866422653
-0.74000000953674316400 -0.00493396399542689324
-0.73000001907348632800 -0.00494659692049026489
-0.72000002861022949200 -0.00494708307087421417
-0.70999997854232788100 -0.00494990311563014984
-0.69999998807907104500 -0.00496567320078611374
-0.68999999761581420900 -0.00495513901114463806
-0.68000000715255737300 -0.00494460389018058777
-0.67000001668930053700 -0.00495555019006133080
-0.66000002622604370100 -0.00494360784068703652
-0.64999997615814209000 -0.00492548383772373200
-0.63999998569488525400 -0.00493880221620202065
-0.62999999523162841800 -0.00494030397385358811
-0.62000000476837158200 -0.00494281901046633721
-0.61000001430511474600 -0.00495372898876667023
-0.60000002384185791000 -0.00495361723005771637
-0.58999997377395629900 -0.00495360186323523522
-0.57999998331069946300 -0.00494241109117865563
-0.56999999284744262700 -0.00494137406349182129
-0.56000000238418579100 -0.00493468204513192177
-0.55000001192092895500 -0.00492554018273949623
-0.54000002145767211900 -0.00492208916693925858
-0.52999997138977050800 -0.00492855207994580269
-0.51999998092651367200 -0.00494226207956671715
-0.50999999046325683600 -0.00493807112798094750
-0.50000000000000000000 -0.00494911801069974899
-0.49000000953674316400 -0.00495343795046210289
-0.47999998927116394000 -0.00493536982685327530
-0.46999999880790710400 -0.00493940198794007302
-0.46000000834465026800 -0.00493826391175389290
-0.44999998807907104500 -0.00491709308698773384
-0.43999999761581420900 -0.00491810310631990433
-0.43000000715255737300 -0.00493590813130140305
-0.41999998688697814900 -0.00493208784610033035
-0.40999999642372131300 -0.00493532977998256684
-0.40000000596046447700 -0.00494744209572672844
-0.38999998569488525400 -0.00494308723136782646
-0.37999999523162841800 -0.00493484595790505409
-0.37000000476837158200 -0.00494538992643356323
-0.36000001430511474600 -0.00493027595803141594
-0.34999999403953552200 -0.00491643883287906647
-0.34000000357627868600 -0.00492348382249474526
-0.33000001311302185100 -0.00492538604885339737
-0.31999999284744262700 -0.00493112113326787949
-0.31000000238418579100 -0.00493598822504281998
-0.30000001192092895500 -0.00493717100471258164
-0.28999999165534973100 -0.00493892095983028412
-0.28000000119209289500 -0.00494779692962765694
-0.27000001072883606000 -0.00494061596691608429
-0.25999999046325683600 -0.00493960315361618996
-0.25000000000000000000 -0.00493285106495022774
-0.23999999463558197000 -0.00492378277704119682
-0.23000000417232513400 -0.00493417214602231980
-0.21999999880790710400 -0.00494154077023267746
-0.20999999344348907500 -0.00494208000600337982
-0.20000000298023223900 -0.00494859321042895317
-0.18999999761581420900 -0.00495566101744771004
-0.18000000715255737300 -0.00493984483182430268
-0.17000000178813934300 -0.00494110584259033203
-0.15999999642372131300 -0.00493735587224364281
-0.15000000596046447800 -0.00491610402241349220
-0.14000000059604644800 -0.00492530921474099159
-0.12999999523162841800 -0.00493056187406182289
-0.11999999731779098500 -0.00492954580113291741
-0.10999999940395355200 -0.00493602501228451729
-0.10000000149011611900 -0.00494467606768012047
-0.09000000357627868650 -0.00494198501110076904
-0.07999999821186065670 -0.00493524689227342606
-0.07000000029802322390 -0.00493609579280018807
-0.05999999865889549260 -0.00492454599589109421
-0.05000000074505805970 -0.00491080479696393013
-0.03999999910593032840 -0.00491246581077575684
-0.02999999932944774630 -0.00491212308406829834
-0.01999999955296516420 -0.00492230383679270744
-0.00999999977648258210 -0.00492631597444415093
0.00000000000000000000 -0.00491980090737342835
0.00999999977648258210 -0.00493054697290062905
0.01999999955296516420 -0.00492876209318637848
0.02999999932944774630 -0.00491444906219840050
0.03999999910593032840 -0.00491358805447816849
0.05000000074505805970 -0.00490716891363263130
0.05999999865889549260 -0.00488743418827652931
0.07000000029802322390 -0.00489165913313627243
0.07999999821186065670 -0.00490559078752994538
0.09000000357627868650 -0.00489923404529690743
0.10000000149011611900 -0.00490347482264041901
0.10999999940395355200 -0.00491512892767786980
0.11999999731779098500 -0.00489860912784934044
0.12999999523162841800 -0.00488645490258932114
0.14000000059604644800 -0.00489157717674970627
0.15000000596046447800 -0.00487557006999850273
0.15999999642372131300 -0.00486042210832238197
0.17000000178813934300 -0.00486942799761891365
0.18000000715255737300 -0.00486204680055379868
0.18999999761581420900 -0.00486401095986366272
0.20000000298023223900 -0.00486272480338811875
0.20999999344348907500 -0.00486282305791974068
0.21999999880790710400 -0.00484799081459641457
0.23000000417232513400 -0.00483567314222455025
0.23999999463558197000 -0.00482027418911457062
0.25000000000000000000 -0.00480480305850505829
0.25999999046325683600 -0.00479359179735183716
0.27000001072883606000 -0.00477977003902196884
0.28000000119209289500 -0.00477562798187136650
0.28999999165534973100 -0.00476714596152305603
0.30000001192092895500 -0.00474924920126795769
0.31000000238418579100 -0.00473808497190475464
0.31999999284744262700 -0.00471114506945014000
0.33000001311302185100 -0.00466825487092137337
0.34000000357627868600 -0.00464197201654314995
0.34999999403953552200 -0.00459871394559741020
0.36000001430511474600 -0.00454391492530703545
0.37000000476837158200 -0.00450152298435568810
0.37999999523162841800 -0.00445675803348422051
0.38999998569488525400 -0.00439424300566315651
0.40000000596046447700 -0.00433175219222903252
0.40999999642372131300 -0.00426538102328777313
0.41999998688697814900 -0.00417290301993489266
0.43000000715255737300 -0.00407433509826660156
0.43999999761581420900 -0.00397819513455033302
0.44999998807907104500 -0.00385598605498671532
0.46000000834465026800 -0.00373359606601297856
0.46999999880790710400 -0.00360725703649222851
0.47999998927116394000 -0.00347124505788087845
0.49000000953674316400 -0.00332898204214870930
0.50000000000000000000 -0.00317672500386834145
0.50999999046325683600 -0.00301508209668099880
0.51999998092651367200 -0.00284587498754262924
0.52999997138977050800 -0.00266291992738842964
0.54000002145767211900 -0.00248172902502119541
0.55000001192092895500 -0.00229229801334440708
0.56000000238418579100 -0.00209333607926964760
0.56999999284744262700 -0.00189931201748549938
0.57999998331069946300 -0.00170236197300255299
0.58999997377395629900 -0.00150115694850683212
0.60000002384185791000 -0.00129647995345294476
0.61000001430511474600 -0.00109455198980867863
0.62000000476837158200 -0.00090380571782588959
0.62999999523162841800 -0.00068600912345573306
0.63999998569488525400 -0.00047748669749125838
0.64999997615814209000 -0.00026906430139206350
0.66000002622604370100 -0.00007050351268844679
0.67000001668930053700 0.00012602659990079701
0.68000000715255737300 0.00033877120586112142
0.68999999761581420900 0.00055082602193579078
0.69999998807907104500 0.00076138082658872008
0.70999997854232788100 0.00097199837910011411
0.72000002861022949200 0.00117309100460261107
0.73000001907348632800 0.00139140104874968529
0.74000000953674316400 0.00160845299251377583
0.75000000000000000000 0.00182840100023895502
0.75999999046325683600 0.00205157906748354435
0.76999998092651367200 0.00227728602476418018
0.77999997138977050800 0.00250738393515348435
0.79000002145767211900 0.00274465093389153481
0.80000001192092895500 0.00298600294627249241
0.81000000238418579100 0.00323244393803179264
0.81999999284744262700 0.00348696997389197350
0.82999998331069946300 0.00374597101472318173
0.83999997377395629900 0.00400852784514427185
0.85000002384185791000 0.00428061420097947121
0.86000001430511474600 0.00456030713394284248
0.87000000476837158200 0.00484145898371934891
0.87999999523162841800 0.00513431802392005921
0.88999998569488525400 0.00543790217489004135
0.89999997615814209000 0.00574643909931182862
0.91000002622604370100 0.00606429018080234528
0.92000001668930053700 0.00639066798612475395
0.93000000715255737300 0.00672262022271752358
0.93999999761581420900 0.00706076202914118767
0.94999998807907104500 0.00740343704819679260
0.95999997854232788100 0.00775187695398926735
0.97000002861022949200 0.00810826662927865982
0.98000001907348632800 0.00847193319350481034
0.99000000953674316400 0.00885004922747612000
1.00000000000000000000 0.00923873484134674073
