-1.00000000000000000000 -0.00498694600537419319
-0.99000000953674316400 -0.00498329102993011475
-0.98000001907348632800 -0.00496709719300270081
-0.97000002861022949200 -0.00496828323230147362
-0.95999997854232788100 -0.00497155683115124703
-0.94999998807907104500 -0.00497069116681814194
-0.93999999761581420900 -0.00498708710074424744
-0.93000000715255737300 -0.00498115411028265953
-0.92000001668930053700 -0.00498762819916009903
-0.91000002622604370100 -0.00499170878902077675
-0.89999997615814209000 -0.00498000020161271095
-0.88999998569488525400 -0.00497752707451581955
-0.87999999523162841800 -0.00497709307819604874
-0.87000000476837158200 -0.00495710596442222595
-0.86000001430511474600 -0.00495262397453188896
-0.85000002384185791000 -0.00496327783912420273
-0.83999997377395629900 -0.00496228085830807686
-0.82999998331069946300 -0.00496071716770529747
-0.81999999284744262700 -0.00497798295691609383
-0.81000000238418579100 -0.00496956100687384606
-0.80000001192092895500 -0.00495252897962927818
-0.79000002145767211900 -0.00496925506740808487
-0.77999997138977050800 -0.00495378393679857254
-0.76999998092651367200 -0.00493880501016974449
-0.75999999046325683600 -0.00495545705780386925
-0.75000000000000000000 -0.00495836790651082993
-0.74000000953674316400 -0.00495682610198855400
-0.73000001907348632800 -0.00496980501338839531
-0.72000002861022949200 -0.00496551999822258949
-0.70999997854232788100 -0.00495503982529044151
-0.69999998807907104500 -0.00495170196518301964
-0.68999999761581420900 -0.00494978483766317368
-0.68000000715255737300 -0.00493900477886199951
-0.67000001668930053700 -0.00493926415219902992
-0.66000002622604370100 -0.00493458891287446022
-0.64999997615814209000 -0.00494021689519286156
-0.63999998569488525400 -0.00494926422834396362
-0.62999999523162841800 -0.00495170801877975464
-0.62000000476837158200 -0.00495427707210183144
-0.61000001430511474600 -0.00496119307354092598
-0.60000002384185791000 -0.00494259689003229141
-0.58999997377395629900 -0.00494547002017498017
-0.57999998331069946300 -0.00494387000799179077
-0.56999999284744262700 -0.00492085283622145653
-0.56000000238418579100 -0.00492779305204749108
-0.55000001192092895500 -0.00493900803849101067
-0.54000002145767211900 -0.00493913004174828530
-0.52999997138977050800 -0.00494053401052951813
-0.51999998092651367200 -0.00495579605922102928
-0.50999999046325683600 -0.00494641391560435295
-0.50000000000000000000 -0.00493546715006232262
-0.49000000953674316400 -0.00494749099016189575
-0.47999998927116394000 -0.00493141589686274529
-0.46999999880790710400 -0.00491600297391414642
-0.46000000834465026800 -0.00493024196475744248
-0.44999998807907104500 -0.00493142707273364067
-0.43999999761581420900 -0.00493214884772896767
-0.43000000715255737300 -0.00494648702442646027
-0.41999998688697814900 -0.00494387000799179077
-0.40999999642372131300 -0.00494295684620738030
-0.40000000596046447700 -0.00493755284696817398
-0.38999998569488525400 -0.00493393279612064362
-0.37999999523162841800 -0.00492735300213098526
-0.37000000476837158200 -0.00491920998319983483
-0.36000001430511474600 -0.00491605605930089951
-0.34999999403953552200 -0.00492241978645324707
-0.34000000357627868600 -0.00493527902290225029
-0.33000001311302185100 -0.00493264105170965195
-0.31999999284744262700 -0.00493869697675108910
-0.31000000238418579100 -0.00494473101571202278
-0.30000001192092895500 -0.00492918910458683968
-0.28999999165534973100 -0.00493209622800350189
-0.28000000119209289500 -0.00492768688127398491
-0.27000001072883606000 -0.00491566723212599754
-0.25999999046325683600 -0.00492437183856964112
-0.25000000000000000000 -0.00493812700733542442
-0.23999999463558197000 -0.00493101915344595909
-0.23000000417232513400 -0.00494373217225074768
-0.21999999880790710400 -0.00495133595541119576
-0.20999999344348907500 -0.00494885398074984551
-0.20000000298023223900 -0.00494098477065563202
-0.18999999761581420900 -0.00494999391958117485
-0.18000000715255737300 -0.00493259821087121964
-0.17000000178813934300 -0.00491863302886486054
-0.15999999642372131300 -0.00492599513381719589
-0.15000000596046447800 -0.00492615904659032822
-0.14000000059604644800 -0.00493513513356447220
-0.12999999523162841800 -0.00494045810773968697
-0.11999999731779098500 -0.00494949193671345711
-0.10999999940395355200 -0.00495187519118189812
-0.10000000149011611900 -0.00494925584644079209
-0.09000000357627868650 -0.00493910722434520722
-0.07999999821186065670 -0.00493800314143300057
-0.07000000029802322390 -0.00492131011560559273
-0.05999999865889549260 -0.00491872709244489670
-0.05000000074505805970 -0.00492402492091059685
-0.03999999910593032840 -0.00493181217461824417
-0.02999999932944774630 -0.00493008084595203400
-0.01999999955296516420 -0.00493569299578666687
-0.00999999977648258210 -0.00494072912260890007
0.00000000000000000000 -0.00492406077682971954
0.00999999977648258210 -0.00491686305031180382
0.01999999955296516420 -0.00492657301947474480
0.02999999932944774630 -0.00490751722827553749
0.03999999910593032840 -0.00489976722747087479
0.05000000074505805970 -0.00491056405007839203
0.05999999865889549260 -0.00491049187257885933
0.07000000029802322390 -0.00490627577528357506
0.07999999821186065670 -0.00492278486490249634
0.09000000357627868650 -0.00492000719532370567
0.10000000149011611900 -0.00491192098706960678
0.10999999940395355200 -0.00490456400439143181
0.11999999731779098500 -0.00490124197676777840
0.12999999523162841800 -0.00488254195079207420
0.14000000059604644800 -0.00487770698964595795
0.15000000596046447800 -0.00487622898072004318
0.15999999642372131300 -0.00487520406022667885
0.17000000178813934300 -0.00488552497699856758
0.18000000715255737300 -0.00488628214225172997
0.18999999761581420900 -0.00488958414644002915
0.20000000298023223900 -0.00488491216674447060
0.20999999344348907500 -0.00486463680863380432
0.21999999880790710400 -0.00486015900969505310
0.23000000417232513400 -0.00484544876962900162
0.23999999463558197000 -0.00482469983398914337
0.25000000000000000000 -0.00482068723067641258
0.25999999046325683600 -0.00482451589778065682
0.27000001072883606000 -0.00480602681636810303
0.28000000119209289500 -0.00479972688481211662
0.28999999165534973100 -0.00479062087833881378
0.30000001192092895500 -0.00475925393402576447
0.31000000238418579100 -0.00472945719957351685
0.31999999284744262700 -0.00471252296119928360
0.33000001311302185100 -0.00466585904359817505
0.34000000357627868600 -0.00462635001167654991
0.34999999403953552200 -0.00459951302036643028
0.36000001430511474600 -0.00455030519515275955
0.37000000476837158200 -0.00450887717306613922
0.37999999523162841800 -0.00445411400869488716
0.38999998569488525400 -0.00439294381067156792
0.40000000596046447700 -0.00431902380660176277
0.40999999642372131300 -0.00423185713589191437
0.41999998688697814900 -0.00414126599207520485
0.43000000715255737300 -0.00404090899974107742
0.43999999761581420900 -0.00393055519089102745
0.44999998807907104500 -0.00381691404618322849
0.46000000834465026800 -0.00370185100473463535
0.46999999880790710400 -0.00357407098636031151
0.47999998927116394000 -0.00343318097293376923
0.49000000953674316400 -0.00329232099466025829
0.50000000000000000000 -0.00313302292488515377
0.50999999046325683600 -0.00296075991354882717
0.51999998092651367200 -0.00279684294946491718
0.52999997138977050800 -0.00261241290718317032
0.54000002145767211900 -0.00242347992025315762
0.55000001192092895500 -0.00224210997112095356
0.56000000238418579100 -0.00204996089451014996
0.56999999284744262700 -0.00185369001701474190
0.57999998331069946300 -0.00165725196711719036
0.58999997377395629900 -0.00145689398050308228
0.60000002384185791000 -0.00124890101142227650
0.61000001430511474600 -0.00104198302142322063
0.62000000476837158200 -0.00085384870180860162
0.62999999523162841800 -0.00063687062356621027
0.63999998569488525400 -0.00042428390588611364
0.64999997615814209000 -0.00021239719353616238
0.66000002622604370100 -0.00002498469075362664
0.67000001668930053700 0.00018289190484210849
0.68000000715255737300 0.00039913240470923483
0.68999999761581420900 0.00061378191458061337
0.69999998807907104500 0.00082800589734688401
0.70999997854232788100 0.00104166194796562195
0.72000002861022949200 0.00124941102694720030
0.73000001907348632800 0.00146999896969646215
0.74000000953674316400 0.00169019598979502916
0.75000000000000000000 0.00191330804955214262
0.75999999046325683600 0.00213853199966251850
0.76999998092651367200 0.00236688088625669479
0.77999997138977050800 0.00259957998059689999
0.79000002145767211900 0.00283469399437308312
0.80000001192092895500 0.00307530793361365795
0.81000000238418579100 0.00332249305211007595
0.81999999284744262700 0.00357469497248530388
0.82999998331069946300 0.00383439310826361179
0.83999997377395629900 0.00409780722111463547
0.85000002384185791000 0.00436871778219938278
0.86000001430511474600 0.00464428681880235672
0.87000000476837158200 0.00492232013493776322
0.87999999523162841800 0.00521116703748703003
0.88999998569488525400 0.00550622306764125824
0.89999997615814209000 0.00580158689990639687
0.91000002622604370100 0.00611235108226537705
0.92000001668930053700 0.00643142405897378922
0.93000000715255737300 0.00675364490598440170
0.93999999761581420900 0.00708245206624269486
0.94999998807907104500 0.00742451287806034088
0.95999997854232788100 0.00776209216564893723
0.97000002861022949200 0.00810572132468223572
0.98000001907348632800 0.00846701581031084061
0.99000000953674316400 0.00882449466735124588
1.00000000000000000000 0.00918776541948318482
