-1.00000000000000000000 -0.00489908410236239433
-0.99000000953674316400 -0.00489697791635990143
-0.98000001907348632800 -0.00491400016471743584
-0.97000002861022949200 -0.00491083087399601936
-0.95999997854232788100 -0.00491173006594181061
-0.94999998807907104500 -0.00492920400574803352
-0.93999999761581420900 -0.00492148892953991890
-0.93000000715255737300 -0.00490117399021983147
-0.92000001668930053700 -0.00491444487124681473
-0.91000002622604370100 -0.00490397587418556214
-0.89999997615814209000 -0.00488488189876079559
-0.88999998569488525400 -0.00490315910428762436
-0.87999999523162841800 -0.00490373512730002403
-0.87000000476837158200 -0.00490630092099308968
-0.86000001430511474600 -0.00492096319794654846
-0.85000002384185791000 -0.00492555415257811546
-0.83999997377395629900 -0.00491392519325017929
-0.82999998331069946300 -0.00491380691528320313
-0.81999999284744262700 -0.00491305813193321228
-0.81000000238418579100 -0.00489450711756944657
-0.80000001192092895500 -0.00489747989922761917
-0.79000002145767211900 -0.00489711621776223183
-0.77999997138977050800 -0.00490018213167786598
-0.76999998092651367200 -0.00491328816860914230
-0.75999999046325683600 -0.00491470983251929283
-0.75000000000000000000 -0.00491675594821572304
-0.74000000953674316400 -0.00491925515234470368
-0.73000001907348632800 -0.00490839686244726181
-0.72000002861022949200 -0.00490704597905278206
-0.70999997854232788100 -0.00489897420629858971
-0.69999998807907104500 -0.00489004887640476227
-0.68999999761581420900 -0.00489660399034619332
-0.68000000715255737300 -0.00490956800058484078
-0.67000001668930053700 -0.00491015613079071045
-0.66000002622604370100 -0.00491191912442445755
-0.64999997615814209000 -0.00492862798273563385
-0.63999998569488525400 -0.00491254823282361031
-0.62999999523162841800 -0.00490430789068341255
-0.62000000476837158200 -0.00490947114303708077
-0.61000001430511474600 -0.00489429989829659462
-0.60000002384185791000 -0.00488702114671468735
-0.58999997377395629900 -0.00490272277966141701
-0.57999998331069946300 -0.00490355491638183594
-0.56999999284744262700 -0.00490837590768933296
-0.56000000238418579100 -0.00491906981915235520
-0.55000001192092895500 -0.00491899996995925903
-0.54000002145767211900 -0.00491541298106312752
-0.52999997138977050800 -0.00491470517590641976
-0.51999998092651367200 -0.00490440381690859795
-0.50999999046325683600 -0.00489065703004598618
-0.50000000000000000000 -0.00489551201462745667
-0.49000000953674316400 -0.00489432411268353462
-0.47999998927116394000 -0.00490165781229734421
-0.46999999880790710400 -0.00491063017398118973
-0.46000000834465026800 -0.00490474794059991837
-0.44999998807907104500 -0.00491782277822494507
-0.43999999761581420900 -0.00490861898288130760
-0.43000000715255737300 -0.00490099005401134491
-0.41999998688697814900 -0.00490078097209334374
-0.40999999642372131300 -0.00488269096240401268
-0.40000000596046447700 -0.00488278502598404884
-0.38999998569488525400 -0.00489598093554377556
-0.37999999523162841800 -0.00489846197888255119
-0.37000000476837158200 -0.00489391479641199112
-0.36000001430511474600 -0.00491025205701589584
-0.34999999403953552200 -0.00490906415507197380
-0.34000000357627868600 -0.00489197298884391785
-0.33000001311302185100 -0.00490185478702187538
-0.31999999284744262700 -0.00489322282373905182
-0.31000000238418579100 -0.00486725801602005959
-0.30000001192092895500 -0.00488229887560009957
-0.28999999165534973100 -0.00488717295229434967
-0.28000000119209289500 -0.00488376291468739510
-0.27000001072883606000 -0.00489749992266297341
-0.25999999046325683600 -0.00489888200536370278
-0.25000000000000000000 -0.00489398976787924767
-0.23999999463558197000 -0.00489150080829858780
-0.23000000417232513400 -0.00488920602947473526
-0.21999999880790710400 -0.00487477378919720650
-0.20999999344348907500 -0.00487055722624063492
-0.20000000298023223900 -0.00487508578225970268
-0.18999999761581420900 -0.00487339822575449944
-0.18000000715255737300 -0.00488828215748071671
-0.17000000178813934300 -0.00488362694159150124
-0.15999999642372131300 -0.00488932896405458450
-0.15000000596046447800 -0.00489325588569045067
-0.14000000059604644800 -0.00487873284146189690
-0.12999999523162841800 -0.00487568415701389313
-0.11999999731779098500 -0.00487341312691569328
-0.10999999940395355200 -0.00486131291836500168
-0.10000000149011611900 -0.00486102793365716934
-0.09000000357627868650 -0.00487383315339684487
-0.07999999821186065670 -0.00487164501100778580
-0.07000000029802322390 -0.00487670022994279862
-0.05999999865889549260 -0.00488461088389158249
-0.05000000074505805970 -0.00487224385142326355
-0.03999999910593032840 -0.00486645102500915528
-0.02999999932944774630 -0.00486800400540232659
-0.01999999955296516420 -0.00484769698232412338
-0.00999999977648258210 -0.00484801316633820534
0.00000000000000000000 -0.00485654780641198158
0.00999999977648258210 -0.00485394289717078209
0.01999999955296516420 -0.00485687097534537316
0.02999999932944774630 -0.00486252689734101296
0.03999999910593032840 -0.00486456509679555893
0.05000000074505805970 -0.00485223717987537384
0.05999999865889549260 -0.00484738592058420181
0.07000000029802322390 -0.00483958516269922257
0.07999999821186065670 -0.00482171820476651192
0.09000000357627868650 -0.00481946812942624092
0.10000000149011611900 -0.00481720315292477608
0.10999999940395355200 -0.00481810094788670540
0.11999999731779098500 -0.00482491590082645416
0.12999999523162841800 -0.00482025789096951485
0.14000000059604644800 -0.00482257222756743431
0.15000000596046447800 -0.00481945509091019631
0.15999999642372131300 -0.00479844491928815842
0.17000000178813934300 -0.00479645002633333206
0.18000000715255737300 -0.00478330021724104881
0.18999999761581420900 -0.00476180808618664742
0.20000000298023223900 -0.00476398179307579994
0.20999999344348907500 -0.00476603908464312554
0.21999999880790710400 -0.00475845392793416977
0.23000000417232513400 -0.00475199613720178604
0.23999999463558197000 -0.00475654890760779381
0.25000000000000000000 -0.00472828093916177750
0.25999999046325683600 -0.00470848893746733666
0.27000001072883606000 -0.00469952821731567383
0.28000000119209289500 -0.00466400897130370140
0.28999999165534973100 -0.00464030122384428978
0.30000001192092895500 -0.00463039381429553032
0.31000000238418579100 -0.00460342783480882645
0.31999999284744262700 -0.00457849120721220970
0.33000001311302185100 -0.00455341581255197525
0.34000000357627868600 -0.00451968004927039147
0.34999999403953552200 -0.00447412300854921341
0.36000001430511474600 -0.00442316802218556404
0.37000000476837158200 -0.00436318619176745415
0.37999999523162841800 -0.00429763598367571831
0.38999998569488525400 -0.00422674603760242462
0.40000000596046447700 -0.00415541604161262512
0.40999999642372131300 -0.00407855678349733353
0.41999998688697814900 -0.00399550516158342362
0.43000000715255737300 -0.00389496400021016598
0.43999999761581420900 -0.00379992090165615082
0.44999998807907104500 -0.00367696210741996765
0.46000000834465026800 -0.00354601093567907810
0.46999999880790710400 -0.00341585697606205940
0.47999998927116394000 -0.00326530798338353634
0.49000000953674316400 -0.00311201391741633415
0.50000000000000000000 -0.00296410289593040943
0.50999999046325683600 -0.00280415406450629234
0.51999998092651367200 -0.00263325404375791550
0.52999997138977050800 -0.00246466300450265408
0.54000002145767211900 -0.00228499597869813442
0.55000001192092895500 -0.00209554401226341724
0.56000000238418579100 -0.00190863397438079119
0.56999999284744262700 -0.00171650701668113470
0.57999998331069946300 -0.00151569000445306301
0.58999997377395629900 -0.00132562499493360519
0.60000002384185791000 -0.00113200396299362183
0.61000001430511474600 -0.00095491332467645407
0.62000000476837158200 -0.00074807280907407403
0.62999999523162841800 -0.00055186700774356723
0.63999998569488525400 -0.00035533928894437850
0.64999997615814209000 -0.00016302320000249892
0.66000002622604370100 0.00001818380951590370
0.67000001668930053700 0.00020393739396240562
0.68000000715255737300 0.00040039711166173220
0.68999999761581420900 0.00059472169959917665
0.69999998807907104500 0.00078844052040949464
0.70999997854232788100 0.00098047836218029261
0.72000002861022949200 0.00116578105371445417
0.73000001907348632800 0.00136510899756103754
0.74000000953674316400 0.00156385602895170450
0.75000000000000000000 0.00176555104553699493
0.75999999046325683600 0.00196971092373132706
0.76999998092651367200 0.00217692297883331776
0.77999997138977050800 0.00238926010206341744
0.79000002145767211900 0.00260403403080999851
0.80000001192092895500 0.00282482896000146866
0.81000000238418579100 0.00305190589278936386
0.81999999284744262700 0.00328411092050373554
0.82999998331069946300 0.00352336396463215351
0.83999997377395629900 0.00376813998445868492
0.85000002384185791000 0.00401846319437026978
0.86000001430511474600 0.00427497504279017449
0.87000000476837158200 0.00453620590269565582
0.87999999523162841800 0.00480479001998901367
0.88999998569488525400 0.00507960096001625061
0.89999997615814209000 0.00536138284951448441
0.91000002622604370100 0.00565268611535429955
0.92000001668930053700 0.00595239084213972092
0.93000000715255737300 0.00625906605273485184
0.93999999761581420900 0.00656992802396416664
0.94999998807907104500 0.00689278310164809227
0.95999997854232788100 0.00721583096310496330
0.97000002861022949200 0.00754463812336325646
0.98000001907348632800 0.00788684282451868058
0.99000000953674316400 0.00822651479393243790
1.00000000000000000000 0.00857837684452533722
