-1.00000000000000000000 -0.00474653113633394242
-0.99000000953674316400 -0.00473554898053407669
-0.98000001907348632800 -0.00472887186333537102
-0.97000002861022949200 -0.00473066093400120735
-0.95999997854232788100 -0.00471347104758024216
-0.94999998807907104500 -0.00471115391701459885
-0.93999999761581420900 -0.00472773890942335129
-0.93000000715255737300 -0.00473697902634739876
-0.92000001668930053700 -0.00473986892029643059
-0.91000002622604370100 -0.00475261500105261803
-0.89999997615814209000 -0.00474880402907729149
-0.88999998569488525400 -0.00473303487524390221
-0.87999999523162841800 -0.00474510202184319496
-0.87000000476837158200 -0.00473725982010364533
-0.86000001430511474600 -0.00471715582534670830
-0.85000002384185791000 -0.00473573198541998863
-0.83999997377395629900 -0.00473639089614152908
-0.82999998331069946300 -0.00473930500447750092
-0.81999999284744262700 -0.00474998680874705315
-0.81000000238418579100 -0.00475728418678045273
-0.80000001192092895500 -0.00474711600691080094
-0.79000002145767211900 -0.00474577397108078003
-0.77999997138977050800 -0.00474390015006065369
-0.76999998092651367200 -0.00473079411312937737
-0.75999999046325683600 -0.00473129702731966972
-0.75000000000000000000 -0.00472913496196269989
-0.74000000953674316400 -0.00473252218216657639
-0.73000001907348632800 -0.00474498700350522995
-0.72000002861022949200 -0.00474613206461071968
-0.70999997854232788100 -0.00474758679047226906
-0.69999998807907104500 -0.00475113885477185249
-0.68999999761581420900 -0.00473746517673134804
-0.68000000715255737300 -0.00473696412518620491
-0.67000001668930053700 -0.00473196711391210556
-0.66000002622604370100 -0.00471944082528352738
-0.64999997615814209000 -0.00472468882799148560
-0.63999998569488525400 -0.00474581681191921234
-0.62999999523162841800 -0.00474851299077272415
-0.62000000476837158200 -0.00474764406681060791
-0.61000001430511474600 -0.00476416386663913727
-0.60000002384185791000 -0.00475168693810701370
-0.58999997377395629900 -0.00474135484546422959
-0.57999998331069946300 -0.00474751414731144905
-0.56999999284744262700 -0.00473021902143955231
-0.56000000238418579100 -0.00472409091889858246
-0.55000001192092895500 -0.00473780604079365730
-0.54000002145767211900 -0.00474437791854143143
-0.52999997138977050800 -0.00474015297368168831
-0.51999998092651367200 -0.00475310208275914192
-0.50999999046325683600 -0.00475362595170736313
-0.50000000000000000000 -0.00474291807040572167
-0.49000000953674316400 -0.00474740006029605866
-0.47999998927116394000 -0.00473834713920950890
-0.46999999880790710400 -0.00471658119931817055
-0.46000000834465026800 -0.00472679780796170235
-0.44999998807907104500 -0.00473189307376742363
-0.43999999761581420900 -0.00473082019016146660
-0.43000000715255737300 -0.00474361702799797058
-0.41999998688697814900 -0.00474700983613729477
-0.40999999642372131300 -0.00474389595910906792
-0.40000000596046447700 -0.00473494315519928932
-0.38999998569488525400 -0.00473690778017044068
-0.37999999523162841800 -0.00472681317478418350
-0.37000000476837158200 -0.00471979007124900818
-0.36000001430511474600 -0.00472019705921411514
-0.34999999403953552200 -0.00472608720883727074
-0.34000000357627868600 -0.00473757786676287651
-0.33000001311302185100 -0.00473704701289534569
-0.31999999284744262700 -0.00474443798884749413
-0.31000000238418579100 -0.00474676396697759628
-0.30000001192092895500 -0.00473094778135418892
-0.28999999165534973100 -0.00473284395411610603
-0.28000000119209289500 -0.00472879596054553986
-0.27000001072883606000 -0.00471397396177053452
-0.25999999046325683600 -0.00471670599654316902
-0.25000000000000000000 -0.00473054219037294388
-0.23999999463558197000 -0.00472944322973489762
-0.23000000417232513400 -0.00473190797492861748
-0.21999999880790710400 -0.00474323984235525131
-0.20999999344348907500 -0.00473274197429418564
-0.20000000298023223900 -0.00471877912059426308
-0.18999999761581420900 -0.00473765097558498383
-0.18000000715255737300 -0.00471884477883577347
-0.17000000178813934300 -0.00471401913091540337
-0.15999999642372131300 -0.00472604483366012573
-0.15000000596046447800 -0.00472444994375109673
-0.14000000059604644800 -0.00472809514030814171
-0.12999999523162841800 -0.00473635504022240639
-0.11999999731779098500 -0.00473961886018514633
-0.10999999940395355200 -0.00473208678886294365
-0.10000000149011611900 -0.00472804997116327286
-0.09000000357627868650 -0.00471999309957027435
-0.07999999821186065670 -0.00470285490155220032
-0.07000000029802322390 -0.00470835296437144280
-0.05999999865889549260 -0.00470499787479639054
-0.05000000074505805970 -0.00470991991460323334
-0.03999999910593032840 -0.00471626501530408859
-0.02999999932944774630 -0.00471478980034589768
-0.01999999955296516420 -0.00471741519868373871
-0.00999999977648258210 -0.00471112783998250961
0.00000000000000000000 -0.00470529077574610710
0.00999999977648258210 -0.00469647906720638275
0.01999999955296516420 -0.00468989089131355286
0.02999999932944774630 -0.00468094600364565849
0.03999999910593032840 -0.00468354020267724991
0.05000000074505805970 -0.00469068903475999832
0.05999999865889549260 -0.00468917889520525932
0.07000000029802322390 -0.00468799006193876267
0.07999999821186065670 -0.00469930516555905342
0.09000000357627868650 -0.00467930920422077179
0.10000000149011611900 -0.00467893807217478752
0.10999999940395355200 -0.00467127701267600060
0.11999999731779098500 -0.00465102121233940125
0.12999999523162841800 -0.00465241679921746254
0.14000000059604644800 -0.00465783197432756424
0.15000000596046447800 -0.00465400097891688347
0.15999999642372131300 -0.00465711299329996109
0.17000000178813934300 -0.00466125411912798882
0.18000000715255737300 -0.00465472601354122162
0.18999999761581420900 -0.00464043486863374710
0.20000000298023223900 -0.00463854707777500153
0.20999999344348907500 -0.00462035089731216431
0.21999999880790710400 -0.00460089882835745812
0.23000000417232513400 -0.00460062082856893540
0.23999999463558197000 -0.00459372485056519508
0.25000000000000000000 -0.00459198979660868645
0.25999999046325683600 -0.00458339089527726174
0.27000001072883606000 -0.00458125490695238114
0.28000000119209289500 -0.00456636818125844002
0.28999999165534973100 -0.00453653791919350624
0.30000001192092895500 -0.00451764510944485664
0.31000000238418579100 -0.00449015805497765541
0.31999999284744262700 -0.00445198779925704003
0.33000001311302185100 -0.00442582694813609123
0.34000000357627868600 -0.00439882092177867890
0.34999999403953552200 -0.00436127185821533203
0.36000001430511474600 -0.00431734509766101837
0.37000000476837158200 -0.00427568191662430763
0.37999999523162841800 -0.00420808978378772736
0.38999998569488525400 -0.00413256185129284859
0.40000000596046447700 -0.00406728684902191162
0.40999999642372131300 -0.00397389195859432221
0.41999998688697814900 -0.00387992500327527523
0.43000000715255737300 -0.00379048497416079044
0.43999999761581420900 -0.00368809001520276070
0.44999998807907104500 -0.00357058108784258366
0.46000000834465026800 -0.00345606310293078423
0.46999999880790710400 -0.00332462089136242867
0.47999998927116394000 -0.00317739904858171940
0.49000000953674316400 -0.00303216208703815937
0.50000000000000000000 -0.00287239905446767807
0.50999999046325683600 -0.00269909901544451714
0.51999998092651367200 -0.00253477995283901692
0.52999997138977050800 -0.00236186501570045948
0.54000002145767211900 -0.00218142010271549225
0.55000001192092895500 -0.00200110790319740772
0.56000000238418579100 -0.00181067804805934429
0.56999999284744262700 -0.00161720998585224152
0.57999998331069946300 -0.00141843000892549753
0.58999997377395629900 -0.00121707597281783819
0.60000002384185791000 -0.00101152097340673208
0.61000001430511474600 -0.00082422798732295632
0.62000000476837158200 -0.00060808798298239708
0.62999999523162841800 -0.00039857230149209499
0.63999998569488525400 -0.00018791689944919199
0.64999997615814209000 0.00001376268028252525
0.66000002622604370100 0.00021928960632067174
0.67000001668930053700 0.00043615041067823768
0.68000000715255737300 0.00065283937146887183
0.68999999761581420900 0.00086862419266253710
0.69999998807907104500 0.00107723905239254236
0.70999997854232788100 0.00129740196280181408
0.72000002861022949200 0.00151807302609086037
0.73000001907348632800 0.00173968495801091194
0.74000000953674316400 0.00196282798424363136
0.75000000000000000000 0.00218894192948937416
0.75999999046325683600 0.00241774693131446838
0.76999998092651367200 0.00264924508519470692
0.77999997138977050800 0.00288475095294415951
0.79000002145767211900 0.00312182190828025341
0.80000001192092895500 0.00336341699585318565
0.81000000238418579100 0.00360893993638455868
0.81999999284744262700 0.00385625404305756092
0.82999998331069946300 0.00411124015226960182
0.83999997377395629900 0.00437179207801818848
0.85000002384185791000 0.00463712308555841446
0.86000001430511474600 0.00490762107074260712
0.87000000476837158200 0.00518177310004830361
0.87999999523162841800 0.00546289002522826195
0.88999998569488525400 0.00574385700747370720
0.89999997615814209000 0.00603409577161073685
0.91000002622604370100 0.00632780697196722031
0.92000001668930053700 0.00662198290228843689
0.93000000715255737300 0.00692961784079670906
0.93999999761581420900 0.00724384980276226998
0.94999998807907104500 0.00756108202040195465
0.95999997854232788100 0.00788176432251930237
0.97000002861022949200 0.00821673683822154999
0.98000001907348632800 0.00854536518454551697
0.99000000953674316400 0.00887703616172075272
1.00000000000000000000 0.00922519899904727936
