-1.00000000000000000000 -0.00475462386384606362
-0.99000000953674316400 -0.00474918214604258537
-0.98000001907348632800 -0.00475134886801242829
-0.97000002861022949200 -0.00473833922296762467
-0.95999997854232788100 -0.00473298877477645874
-0.94999998807907104500 -0.00473508099094033241
-0.93999999761581420900 -0.00473891291767358780
-0.93000000715255737300 -0.00474735908210277558
-0.92000001668930053700 -0.00475230393931269646
-0.91000002622604370100 -0.00475158495828509331
-0.89999997615814209000 -0.00475436402484774590
-0.88999998569488525400 -0.00473981490358710289
-0.87999999523162841800 -0.00474188802763819695
-0.87000000476837158200 -0.00473598903045058251
-0.86000001430511474600 -0.00472980178892612457
-0.85000002384185791000 -0.00473135896027088165
-0.83999997377395629900 -0.00473981723189353943
-0.82999998331069946300 -0.00474438117817044258
-0.81999999284744262700 -0.00474158581346273422
-0.81000000238418579100 -0.00475874915719032288
-0.80000001192092895500 -0.00474877422675490380
-0.79000002145767211900 -0.00473506702110171318
-0.77999997138977050800 -0.00474273785948753357
-0.76999998092651367200 -0.00472824694588780403
-0.75999999046325683600 -0.00471987901255488396
-0.75000000000000000000 -0.00473204487934708595
-0.74000000953674316400 -0.00473584001883864403
-0.73000001907348632800 -0.00473291287198662758
-0.72000002861022949200 -0.00474628992378711701
-0.70999997854232788100 -0.00475044082850217819
-0.69999998807907104500 -0.00473927985876798630
-0.68999999761581420900 -0.00474094878882169724
-0.68000000715255737300 -0.00473520578816533089
-0.67000001668930053700 -0.00471490109339356423
-0.66000002622604370100 -0.00472313212230801582
-0.64999997615814209000 -0.00472511490806937218
-0.63999998569488525400 -0.00472597498446702957
-0.62999999523162841800 -0.00473880395293235779
-0.62000000476837158200 -0.00473807612434029579
-0.61000001430511474600 -0.00474086683243513107
-0.60000002384185791000 -0.00473796809092164040
-0.58999997377395629900 -0.00473197596147656441
-0.57999998331069946300 -0.00472228601574897766
-0.56999999284744262700 -0.00471679214388132096
-0.56000000238418579100 -0.00471490900963544846
-0.55000001192092895500 -0.00471680378541350365
-0.54000002145767211900 -0.00473293103277683258
-0.52999997138977050800 -0.00473430380225181580
-0.51999998092651367200 -0.00473492406308650971
-0.50999999046325683600 -0.00474751414731144905
-0.50000000000000000000 -0.00473598204553127289
-0.49000000953674316400 -0.00473245512694120407
-0.47999998927116394000 -0.00473520113155245781
-0.46999999880790710400 -0.00471374113112688065
-0.46000000834465026800 -0.00471433810889720917
-0.44999998807907104500 -0.00472976500168442726
-0.43999999761581420900 -0.00472642993554472923
-0.43000000715255737300 -0.00472798477858304978
-0.41999998688697814900 -0.00473981583490967751
-0.40999999642372131300 -0.00472697010263800621
-0.40000000596046447700 -0.00471149291843175888
-0.38999998569488525400 -0.00471321819350123406
-0.37999999523162841800 -0.00470118178054690361
-0.37000000476837158200 -0.00468315090984106064
-0.36000001430511474600 -0.00469628721475601196
-0.34999999403953552200 -0.00469377916306257248
-0.34000000357627868600 -0.00469755707308650017
-0.33000001311302185100 -0.00470778904855251312
-0.31999999284744262700 -0.00471117114648222923
-0.31000000238418579100 -0.00470241019502282143
-0.30000001192092895500 -0.00469929911196231842
-0.28999999165534973100 -0.00469597196206450462
-0.28000000119209289500 -0.00468559283763170242
-0.27000001072883606000 -0.00467803189530968666
-0.25999999046325683600 -0.00467216921970248222
-0.25000000000000000000 -0.00467204302549362183
-0.23999999463558197000 -0.00468318397179245949
-0.23000000417232513400 -0.00468489294871687889
-0.21999999880790710400 -0.00468732882291078568
-0.20999999344348907500 -0.00468995096161961556
-0.20000000298023223900 -0.00467513594776391983
-0.18999999761581420900 -0.00467390799894928932
-0.18000000715255737300 -0.00466835685074329376
-0.17000000178813934300 -0.00465609505772590637
-0.15999999642372131300 -0.00465455697849392891
-0.15000000596046447800 -0.00466523785144090653
-0.14000000059604644800 -0.00466809095814824104
-0.12999999523162841800 -0.00466702412813901901
-0.11999999731779098500 -0.00467950478196144104
-0.10999999940395355200 -0.00466809421777725220
-0.10000000149011611900 -0.00465695606544613838
-0.09000000357627868650 -0.00465856213122606278
-0.07999999821186065670 -0.00464199902489781380
-0.07000000029802322390 -0.00463636405766010285
-0.05999999865889549260 -0.00464792596176266670
-0.05000000074505805970 -0.00464793620631098747
-0.03999999910593032840 -0.00465117581188678742
-0.02999999932944774630 -0.00465821288526058197
-0.01999999955296516420 -0.00465954607352614403
-0.00999999977648258210 -0.00464991619810461998
0.00000000000000000000 -0.00464970897883176804
0.00999999977648258210 -0.00464442791417241097
0.01999999955296516420 -0.00462449202314019203
0.02999999932944774630 -0.00462621217593550682
0.03999999910593032840 -0.00462641613557934761
0.05000000074505805970 -0.00462698796764016152
0.05999999865889549260 -0.00463525904342532158
0.07000000029802322390 -0.00463273515924811363
0.07999999821186065670 -0.00463398918509483338
0.09000000357627868650 -0.00462740799412131310
0.10000000149011611900 -0.00462024891749024391
0.10999999940395355200 -0.00461181299760937691
0.11999999731779098500 -0.00459680194035172463
0.12999999523162841800 -0.00459389295428991318
0.14000000059604644800 -0.00459247687831521034
0.15000000596046447800 -0.00459914701059460640
0.15999999642372131300 -0.00459375698119401932
0.17000000178813934300 -0.00459450297057628632
0.18000000715255737300 -0.00459609599784016609
0.18999999761581420900 -0.00458111194893717766
0.20000000298023223900 -0.00457147322595119476
0.20999999344348907500 -0.00455405889078974724
0.21999999880790710400 -0.00452764099463820458
0.23000000417232513400 -0.00451570982113480568
0.23999999463558197000 -0.00451879622414708138
0.25000000000000000000 -0.00450914911925792694
0.25999999046325683600 -0.00449802400544285774
0.27000001072883606000 -0.00449257483705878258
0.28000000119209289500 -0.00447602104395627976
0.28999999165534973100 -0.00444925809279084206
0.30000001192092895500 -0.00443253200501203537
0.31000000238418579100 -0.00439844280481338501
0.31999999284744262700 -0.00435592001304030419
0.33000001311302185100 -0.00433232309296727181
0.34000000357627868600 -0.00429953495040535927
0.34999999403953552200 -0.00426264805719256401
0.36000001430511474600 -0.00422379793599247933
0.37000000476837158200 -0.00417769607156515122
0.37999999523162841800 -0.00411308277398347855
0.38999998569488525400 -0.00404395814985036850
0.40000000596046447700 -0.00396866491064429283
0.40999999642372131300 -0.00388561096042394638
0.41999998688697814900 -0.00379338511265814304
0.43000000715255737300 -0.00369675690308213234
0.43999999761581420900 -0.00359712191857397556
0.44999998807907104500 -0.00348994391970336437
0.46000000834465026800 -0.00337042310275137425
0.46999999880790710400 -0.00324723194353282452
0.47999998927116394000 -0.00311342510394752026
0.49000000953674316400 -0.00296080810949206352
0.50000000000000000000 -0.00281491200439631939
0.50999999046325683600 -0.00265602511353790760
0.51999998092651367200 -0.00248866900801658630
0.52999997138977050800 -0.00232489989139139652
0.54000002145767211900 -0.00215730490162968636
0.55000001192092895500 -0.00198184908367693424
0.56000000238418579100 -0.00180283898953348398
0.56999999284744262700 -0.00162494694814085960
0.57999998331069946300 -0.00143508496694266796
0.58999997377395629900 -0.00124519201926887035
0.60000002384185791000 -0.00105676904786378145
0.61000001430511474600 -0.00087846617680042982
0.62000000476837158200 -0.00067782722180709243
0.62999999523162841800 -0.00048350868746638298
0.63999998569488525400 -0.00028679869137704372
0.64999997615814209000 -0.00010008270328398794
0.66000002622604370100 0.00004048526170663536
0.67000001668930053700 0.00028763161390088499
0.68000000715255737300 0.00048841611715033650
0.68999999761581420900 0.00068784010363742709
0.69999998807907104500 0.00088709872215986252
0.70999997854232788100 0.00107892800588160753
0.72000002861022949200 0.00128258496988564730
0.73000001907348632800 0.00148559000808745623
0.74000000953674316400 0.00168918294366449118
0.75000000000000000000 0.00189574097748845816
0.75999999046325683600 0.00210442603565752506
0.76999998092651367200 0.00231496198102831841
0.77999997138977050800 0.00253031309694051743
0.79000002145767211900 0.00274687097407877445
0.80000001192092895500 0.00296574900858104229
0.81000000238418579100 0.00319155701436102390
0.81999999284744262700 0.00341820693574845791
0.82999998331069946300 0.00364895607344806194
0.83999997377395629900 0.00388874788768589497
0.85000002384185791000 0.00413097580894827843
0.86000001430511474600 0.00437787082046270371
0.87000000476837158200 0.00463159894570708275
0.87999999523162841800 0.00488966191187500954
0.88999998569488525400 0.00514895701780915260
0.89999997615814209000 0.00541631178930401802
0.91000002622604370100 0.00568662816658616066
0.92000001668930053700 0.00595908612012863159
0.93000000715255737300 0.00624446198344230652
0.93999999761581420900 0.00653218291699886322
0.94999998807907104500 0.00682649109512567520
0.95999997854232788100 0.00712764402851462364
0.97000002861022949200 0.00743262702599167824
0.98000001907348632800 0.00774349179118871689
0.99000000953674316400 0.00805560406297445298
1.00000000000000000000 0.00837433338165283203
