-1.00000000000000000000 -0.00486355694010853768
-0.99000000953674316400 -0.00486502284184098244
-0.98000001907348632800 -0.00484866602346301079
-0.97000002861022949200 -0.00484124897047877312
-0.95999997854232788100 -0.00485098222270607948
-0.94999998807907104500 -0.00485042203217744827
-0.93999999761581420900 -0.00484880711883306503
-0.93000000715255737300 -0.00486434297636151314
-0.92000001668930053700 -0.00485711498185992241
-0.91000002622604370100 -0.00483920192345976830
-0.89999997615814209000 -0.00484283920377492905
-0.88999998569488525400 -0.00483298813924193382
-0.87999999523162841800 -0.00480982381850481033
-0.87000000476837158200 -0.00482701882719993591
-0.86000001430511474600 -0.00482682511210441590
-0.85000002384185791000 -0.00482917297631502152
-0.83999997377395629900 -0.00483912788331508637
-0.82999998331069946300 -0.00484601687639951706
-0.81999999284744262700 -0.00483430176973342896
-0.81000000238418579100 -0.00482805492356419563
-0.80000001192092895500 -0.00482729310169816017
-0.79000002145767211900 -0.00481367576867341995
-0.77999997138977050800 -0.00481258612126111984
-0.76999998092651367200 -0.00480728317052125931
-0.75999999046325683600 -0.00481232814490795136
-0.75000000000000000000 -0.00482675014063715935
-0.74000000953674316400 -0.00482557108625769615
-0.73000001907348632800 -0.00482871616259217262
-0.72000002861022949200 -0.00484037911519408226
-0.70999997854232788100 -0.00482616620138287544
-0.69999998807907104500 -0.00482646096497774124
-0.68999999761581420900 -0.00482582487165927887
-0.68000000715255737300 -0.00480822799727320671
-0.67000001668930053700 -0.00480835186317563057
-0.66000002622604370100 -0.00482292706146836281
-0.64999997615814209000 -0.00482249585911631584
-0.63999998569488525400 -0.00482128700241446495
-0.62999999523162841800 -0.00483894487842917442
-0.62000000476837158200 -0.00482871523126959801
-0.61000001430511474600 -0.00481298007071018219
-0.60000002384185791000 -0.00482756597921252251
-0.58999997377395629900 -0.00481795286759734154
-0.57999998331069946300 -0.00479853386059403420
-0.56999999284744262700 -0.00480996584519743920
-0.56000000238418579100 -0.00481525622308254242
-0.55000001192092895500 -0.00481277611106634140
-0.54000002145767211900 -0.00482798414304852486
-0.52999997138977050800 -0.00482663698494434357
-0.51999998092651367200 -0.00482508493587374687
-0.50999999046325683600 -0.00482418294996023178
-0.50000000000000000000 -0.00482189888134598732
-0.49000000953674316400 -0.00481511699035763741
-0.47999998927116394000 -0.00480155693367123604
-0.46999999880790710400 -0.00480369385331869126
-0.46000000834465026800 -0.00480651110410690308
-0.44999998807907104500 -0.00482837902382016182
-0.43999999761581420900 -0.00482879392802715302
-0.43000000715255737300 -0.00483200000599026680
-0.41999998688697814900 -0.00484467716887593270
-0.40999999642372131300 -0.00482777412980794907
-0.40000000596046447700 -0.00482502207159996033
-0.38999998569488525400 -0.00482646282762289047
-0.37999999523162841800 -0.00480533018708229065
-0.37000000476837158200 -0.00480678398162126541
-0.36000001430511474600 -0.00483045680448412895
-0.34999999403953552200 -0.00483021885156631470
-0.34000000357627868600 -0.00482993898913264275
-0.33000001311302185100 -0.00484241684898734093
-0.31999999284744262700 -0.00484417984262108803
-0.31000000238418579100 -0.00482934713363647461
-0.30000001192092895500 -0.00483864918351173401
-0.28999999165534973100 -0.00482677388936281204
-0.28000000119209289500 -0.00480632903054356575
-0.27000001072883606000 -0.00481779500842094422
-0.25999999046325683600 -0.00482063181698322296
-0.25000000000000000000 -0.00482421088963747025
-0.23999999463558197000 -0.00483467895537614823
-0.23000000417232513400 -0.00483476277440786362
-0.21999999880790710400 -0.00483417510986328125
-0.20999999344348907500 -0.00483528804033994675
-0.20000000298023223900 -0.00482983421534299851
-0.18999999761581420900 -0.00482515012845396996
-0.18000000715255737300 -0.00481267692521214485
-0.17000000178813934300 -0.00481065688654780388
-0.15999999642372131300 -0.00481845485046505928
-0.15000000596046447800 -0.00482855783775448799
-0.14000000059604644800 -0.00482818484306335449
-0.12999999523162841800 -0.00482873478904366493
-0.11999999731779098500 -0.00483972206711769104
-0.10999999940395355200 -0.00482521811500191689
-0.10000000149011611900 -0.00482045905664563179
-0.09000000357627868650 -0.00481929397210478783
-0.07999999821186065670 -0.00479956995695829392
-0.07000000029802322390 -0.00479877321049571037
-0.05999999865889549260 -0.00481270113959908486
-0.05000000074505805970 -0.00481026107445359230
-0.03999999910593032840 -0.00481430394574999809
-0.02999999932944774630 -0.00482411682605743408
-0.01999999955296516420 -0.00482030399143695831
-0.00999999977648258210 -0.00481359288096427918
0.00000000000000000000 -0.00481473281979560852
0.00999999977648258210 -0.00480898097157478333
0.01999999955296516420 -0.00478873914107680321
0.02999999932944774630 -0.00479335011914372444
0.03999999910593032840 -0.00479282112792134285
0.05000000074505805970 -0.00479430612176656723
0.05999999865889549260 -0.00480471597984433174
0.07000000029802322390 -0.00479921791702508927
0.07999999821186065670 -0.00480495113879442215
0.09000000357627868650 -0.00480393180623650551
0.10000000149011611900 -0.00478769605979323387
0.10999999940395355200 -0.00478168996050953865
0.11999999731779098500 -0.00477042095735669136
0.12999999523162841800 -0.00476256012916564942
0.14000000059604644800 -0.00475973216816782952
0.15000000596046447800 -0.00476062204688787460
0.15999999642372131300 -0.00475448602810502052
0.17000000178813934300 -0.00475842505693435669
0.18000000715255737300 -0.00476002786308526993
0.18999999761581420900 -0.00474357884377241135
0.20000000298023223900 -0.00473313918337225914
0.20999999344348907500 -0.00473072286695241928
0.21999999880790710400 -0.00470748217776417732
0.23000000417232513400 -0.00469368416815996170
0.23999999463558197000 -0.00468996493145823479
0.25000000000000000000 -0.00467953318729996681
0.25999999046325683600 -0.00467648217454552651
0.27000001072883606000 -0.00467029400169849396
0.28000000119209289500 -0.00466032419353723526
0.28999999165534973100 -0.00463868305087089539
0.30000001192092895500 -0.00461686402559280396
0.31000000238418579100 -0.00459087593480944634
0.31999999284744262700 -0.00455962494015693665
0.33000001311302185100 -0.00452903192490339279
0.34000000357627868600 -0.00449936185032129288
0.34999999403953552200 -0.00447522103786468506
0.36000001430511474600 -0.00443805195391178131
0.37000000476837158200 -0.00439329678192734718
0.37999999523162841800 -0.00435185106471180916
0.38999998569488525400 -0.00428948318585753441
0.40000000596046447700 -0.00421242788434028626
0.40999999642372131300 -0.00414336007088422775
0.41999998688697814900 -0.00405808119103312492
0.43000000715255737300 -0.00395626388490200043
0.43999999761581420900 -0.00386961107142269611
0.44999998807907104500 -0.00376476789824664593
0.46000000834465026800 -0.00364967505447566509
0.46999999880790710400 -0.00352882291190326214
0.47999998927116394000 -0.00340173207223415375
0.49000000953674316400 -0.00325254001654684544
0.50000000000000000000 -0.00309874303638935089
0.50999999046325683600 -0.00294555304571986199
0.51999998092651367200 -0.00277109490707516670
0.52999997138977050800 -0.00259863398969173431
0.54000002145767211900 -0.00242794398218393326
0.55000001192092895500 -0.00224681408144533634
0.56000000238418579100 -0.00206557498313486576
0.56999999284744262700 -0.00188081897795200348
0.57999998331069946300 -0.00169130205176770687
0.58999997377395629900 -0.00150167196989059448
0.60000002384185791000 -0.00131119496654719114
0.61000001430511474600 -0.00112043903209269047
0.62000000476837158200 -0.00096202228451147676
0.62999999523162841800 -0.00076075922697782516
0.63999998569488525400 -0.00057263748021796346
0.64999997615814209000 -0.00038954248884692788
0.66000002622604370100 -0.00020780880004167557
0.67000001668930053700 -0.00004921236904920079
0.68000000715255737300 0.00011344670201651752
0.68999999761581420900 0.00029312909464351833
0.69999998807907104500 0.00046886439668014646
0.70999997854232788100 0.00064018467674031854
0.72000002861022949200 0.00081263517495244741
0.73000001907348632800 0.00098608643747866154
0.74000000953674316400 0.00115016405470669270
0.75000000000000000000 0.00133335904683917761
0.75999999046325683600 0.00151845405343919992
0.76999998092651367200 0.00170681194867938757
0.77999997138977050800 0.00190188398119062185
0.79000002145767211900 0.00210204697214066982
0.80000001192092895500 0.00230762595310807228
0.81000000238418579100 0.00252231396734714508
0.81999999284744262700 0.00274191796779632568
0.82999998331069946300 0.00296833389438688755
0.83999997377395629900 0.00320255011320114136
0.85000002384185791000 0.00344437290914356709
0.86000001430511474600 0.00369483907707035542
0.87000000476837158200 0.00395629322156310082
0.87999999523162841800 0.00422394415363669396
0.88999998569488525400 0.00449879001826047897
0.89999997615814209000 0.00478531280532479286
0.91000002622604370100 0.00507421605288982392
0.92000001668930053700 0.00537326699122786522
0.93000000715255737300 0.00568632595241069794
0.93999999761581420900 0.00599966710433363915
0.94999998807907104500 0.00632448680698871613
0.95999997854232788100 0.00666368007659912110
0.97000002861022949200 0.00701069599017500878
0.98000001907348632800 0.00736683281138539314
0.99000000953674316400 0.00773599697276949883
1.00000000000000000000 0.00811199843883514405
