-1.00000000000000000000 -0.00495438277721405029
-0.99000000953674316400 -0.00495120091363787651
-0.98000001907348632800 -0.00496887881308794022
-0.97000002861022949200 -0.00496747111901640892
-0.95999997854232788100 -0.00497380690649151802
-0.94999998807907104500 -0.00499200681224465370
-0.93999999761581420900 -0.00497246393933892250
-0.93000000715255737300 -0.00496344501152634621
-0.92000001668930053700 -0.00497331097722053528
-0.91000002622604370100 -0.00495188916102051735
-0.89999997615814209000 -0.00494796596467494965
-0.88999998569488525400 -0.00495648803189396858
-0.87999999523162841800 -0.00495412806048989296
-0.87000000476837158200 -0.00495775090530514717
-0.86000001430511474600 -0.00496092112734913826
-0.85000002384185791000 -0.00496549485251307488
-0.83999997377395629900 -0.00495165679603815079
-0.82999998331069946300 -0.00495488196611404419
-0.81999999284744262700 -0.00494779087603092194
-0.81000000238418579100 -0.00493100704625248909
-0.80000001192092895500 -0.00493390485644340515
-0.79000002145767211900 -0.00493146898224949837
-0.77999997138977050800 -0.00493662199005484581
-0.76999998092651367200 -0.00494945002719759941
-0.75999999046325683600 -0.00494838692247867584
-0.75000000000000000000 -0.00495020579546689987
-0.74000000953674316400 -0.00494410376995801926
-0.73000001907348632800 -0.00492771714925765991
-0.72000002861022949200 -0.00492809107527136803
-0.70999997854232788100 -0.00492675602436065674
-0.69999998807907104500 -0.00491199502721428871
-0.68999999761581420900 -0.00491395406424999237
-0.68000000715255737300 -0.00492767989635467529
-0.67000001668930053700 -0.00492912996560335159
-0.66000002622604370100 -0.00492784008383750916
-0.64999997615814209000 -0.00494857784360647202
-0.63999998569488525400 -0.00493428716436028481
-0.62999999523162841800 -0.00491796992719173432
-0.62000000476837158200 -0.00493519008159637451
-0.61000001430511474600 -0.00492081698030233383
-0.60000002384185791000 -0.00490406109020113945
-0.58999997377395629900 -0.00492865918204188347
-0.57999998331069946300 -0.00493207806721329689
-0.56999999284744262700 -0.00493096513673663140
-0.56000000238418579100 -0.00495653785765171051
-0.55000001192092895500 -0.00495788315311074257
-0.54000002145767211900 -0.00495334388688206673
-0.52999997138977050800 -0.00495013594627380371
-0.51999998092651367200 -0.00494949519634246826
-0.50999999046325683600 -0.00493450509384274483
-0.50000000000000000000 -0.00492834020406007767
-0.49000000953674316400 -0.00493264012038707733
-0.47999998927116394000 -0.00493093486875295639
-0.46999999880790710400 -0.00494633894413709641
-0.46000000834465026800 -0.00494754780083894730
-0.44999998807907104500 -0.00494963116943836212
-0.43999999761581420900 -0.00496966484934091568
-0.43000000715255737300 -0.00495622120797634125
-0.41999998688697814900 -0.00495594320818781853
-0.40999999642372131300 -0.00495617603883147240
-0.40000000596046447700 -0.00493984622880816460
-0.38999998569488525400 -0.00493951886892318726
-0.37999999523162841800 -0.00495694112032651901
-0.37000000476837158200 -0.00495379278436303139
-0.36000001430511474600 -0.00496045686304569245
-0.34999999403953552200 -0.00497109908610582352
-0.34000000357627868600 -0.00496501382440328598
-0.33000001311302185100 -0.00495317298918962479
-0.31999999284744262700 -0.00496273301541805268
-0.31000000238418579100 -0.00494879903271794319
-0.30000001192092895500 -0.00493342196568846703
-0.28999999165534973100 -0.00493454886600375176
-0.28000000119209289500 -0.00493450183421373367
-0.27000001072883606000 -0.00493936100974678993
-0.25999999046325683600 -0.00493626901879906655
-0.25000000000000000000 -0.00493717286735773087
-0.23999999463558197000 -0.00493543222546577454
-0.23000000417232513400 -0.00492974789813160896
-0.21999999880790710400 -0.00492641981691122055
-0.20999999344348907500 -0.00491952802985906601
-0.20000000298023223900 -0.00490702688694000244
-0.18999999761581420900 -0.00490528577938675881
-0.18000000715255737300 -0.00491352891549468041
-0.17000000178813934300 -0.00492160487920045853
-0.15999999642372131300 -0.00492356298491358757
-0.15000000596046447800 -0.00492482120171189308
-0.14000000059604644800 -0.00492595322430133820
-0.12999999523162841800 -0.00490802899003028870
-0.11999999731779098500 -0.00490944413468241692
-0.10999999940395355200 -0.00489631202071905136
-0.10000000149011611900 -0.00487447017803788185
-0.09000000357627868650 -0.00487926602363586426
-0.07999999821186065670 -0.00488850520923733711
-0.07000000029802322390 -0.00488643581047654152
-0.05999999865889549260 -0.00489366706460714340
-0.05000000074505805970 -0.00490268319845199585
-0.03999999910593032840 -0.00489478604868054390
-0.02999999932944774630 -0.00489019509404897690
-0.01999999955296516420 -0.00489363400265574455
-0.00999999977648258210 -0.00487856613472104073
0.00000000000000000000 -0.00486471597105264664
0.00999999977648258210 -0.00488043203949928284
0.01999999955296516420 -0.00487862480804324150
0.02999999932944774630 -0.00488323299214243889
0.03999999910593032840 -0.00490309717133641243
0.05000000074505805970 -0.00489828689023852348
0.05999999865889549260 -0.00490116514265537262
0.07000000029802322390 -0.00489713298156857491
0.07999999821186065670 -0.00488864583894610405
0.09000000357627868650 -0.00488384999334812164
0.10000000149011611900 -0.00486871087923645973
0.10999999940395355200 -0.00486202212050557137
0.11999999731779098500 -0.00486989691853523255
0.12999999523162841800 -0.00487849302589893341
0.14000000059604644800 -0.00487273000180721283
0.15000000596046447800 -0.00487942015752196312
0.15999999642372131300 -0.00488388212397694588
0.17000000178813934300 -0.00486428104341030121
0.18000000715255737300 -0.00486136600375175476
0.18999999761581420900 -0.00486385403200984001
0.20000000298023223900 -0.00484077399596571922
0.20999999344348907500 -0.00483601912856101990
0.21999999880790710400 -0.00484002893790602684
0.23000000417232513400 -0.00483080279082059860
0.23999999463558197000 -0.00483448198065161705
0.25000000000000000000 -0.00482573080807924271
0.25999999046325683600 -0.00481671700254082680
0.27000001072883606000 -0.00480168685317039490
0.28000000119209289500 -0.00478338915854692459
0.28999999165534973100 -0.00475827418267726898
0.30000001192092895500 -0.00473298598080873490
0.31000000238418579100 -0.00471016485244035721
0.31999999284744262700 -0.00468641286715865135
0.33000001311302185100 -0.00467136222869157791
0.34000000357627868600 -0.00464173592627048493
0.34999999403953552200 -0.00460458314046263695
0.36000001430511474600 -0.00457722414284944534
0.37000000476837158200 -0.00452093919739127159
0.37999999523162841800 -0.00445874594151973724
0.38999998569488525400 -0.00440624309703707695
0.40000000596046447700 -0.00432200217619538307
0.40999999642372131300 -0.00424196198582649231
0.41999998688697814900 -0.00417014490813016892
0.43000000715255737300 -0.00408057589083909989
0.43999999761581420900 -0.00397868221625685692
0.44999998807907104500 -0.00387755292467772961
0.46000000834465026800 -0.00375968893058598042
0.46999999880790710400 -0.00362181500531733036
0.47999998927116394000 -0.00349035905674099922
0.49000000953674316400 -0.00333878910169005394
0.50000000000000000000 -0.00317209493368864060
0.50999999046325683600 -0.00301781296730041504
0.51999998092651367200 -0.00284719397313892841
0.52999997138977050800 -0.00267122592777013779
0.54000002145767211900 -0.00249564391560852528
0.55000001192092895500 -0.00230678310617804527
0.56000000238418579100 -0.00211350503377616406
0.56999999284744262700 -0.00191647000610828400
0.57999998331069946300 -0.00171118497382849455
0.58999997377395629900 -0.00150639598723500967
0.60000002384185791000 -0.00130060699302703142
0.61000001430511474600 -0.00109074101783335209
0.62000000476837158200 -0.00090630841441452503
0.62999999523162841800 -0.00068789621582254767
0.63999998569488525400 -0.00047245479072444141
0.64999997615814209000 -0.00026262330356985331
0.66000002622604370100 -0.00007166509021772072
0.67000001668930053700 0.00012897390115540475
0.68000000715255737300 0.00034600621438585222
0.68999999761581420900 0.00055568740935996175
0.69999998807907104500 0.00076744460966438055
0.70999997854232788100 0.00097730872221291065
0.72000002861022949200 0.00117847404908388853
0.73000001907348632800 0.00139594194479286671
0.74000000953674316400 0.00161238899454474449
0.75000000000000000000 0.00183250301051884890
0.75999999046325683600 0.00205588596872985363
0.76999998092651367200 0.00228178896941244602
0.77999997138977050800 0.00251390901394188404
0.79000002145767211900 0.00274920300580561161
0.80000001192092895500 0.00298928190022706986
0.81000000238418579100 0.00323657691478729248
0.81999999284744262700 0.00348805496469140053
0.82999998331069946300 0.00374616100452840328
0.83999997377395629900 0.00401525991037487984
0.85000002384185791000 0.00428873300552368164
0.86000001430511474600 0.00456740194931626320
0.87000000476837158200 0.00485620321705937386
0.87999999523162841800 0.00515267392620444298
0.88999998569488525400 0.00544840516522526741
0.89999997615814209000 0.00576015422120690346
0.91000002622604370100 0.00607432285323739052
0.92000001668930053700 0.00638926215469837189
0.93000000715255737300 0.00672474782913923264
0.93999999761581420900 0.00706670014187693596
0.94999998807907104500 0.00741171091794967652
0.95999997854232788100 0.00777041586115956307
0.97000002861022949200 0.00813462585210800171
0.98000001907348632800 0.00850332621484994889
0.99000000953674316400 0.00888221245259046555
1.00000000000000000000 0.00926628336310386658
