-1.00000000000000000000 -0.00502061517909169197
-0.99000000953674316400 -0.00502341287210583687
-0.98000001907348632800 -0.00502446386963129044
-0.97000002861022949200 -0.00503813987597823143
-0.95999997854232788100 -0.00504201184958219528
-0.94999998807907104500 -0.00502674886956810951
-0.93999999761581420900 -0.00503220921382308006
-0.93000000715255737300 -0.00502785202115774155
-0.92000001668930053700 -0.00501093408092856407
-0.91000002622604370100 -0.00501146120950579643
-0.89999997615814209000 -0.00501221278682351113
-0.88999998569488525400 -0.00501556508243083954
-0.87999999523162841800 -0.00502797216176986694
-0.87000000476837158200 -0.00503000710159540177
-0.86000001430511474600 -0.00502932909876108170
-0.85000002384185791000 -0.00503334403038024902
-0.83999997377395629900 -0.00501806987449526787
-0.82999998331069946300 -0.00501760793849825859
-0.81999999284744262700 -0.00501576485112309456
-0.81000000238418579100 -0.00500331120565533638
-0.80000001192092895500 -0.00500237708911299706
-0.79000002145767211900 -0.00501698907464742661
-0.77999997138977050800 -0.00501752598211169243
-0.76999998092651367200 -0.00501378392800688744
-0.75999999046325683600 -0.00503601320087909699
-0.75000000000000000000 -0.00502366106957197190
-0.74000000953674316400 -0.00500600412487983704
-0.73000001907348632800 -0.00501908501610159874
-0.72000002861022949200 -0.00500648282468318939
-0.70999997854232788100 -0.00499049900099635124
-0.69999998807907104500 -0.00500922277569770813
-0.68999999761581420900 -0.00501399487257003784
-0.68000000715255737300 -0.00501290010288357735
-0.67000001668930053700 -0.00501884799450635910
-0.66000002622604370100 -0.00501285213977098465
-0.64999997615814209000 -0.00500471098348498345
-0.63999998569488525400 -0.00499965809285640717
-0.62999999523162841800 -0.00500139594078063965
-0.62000000476837158200 -0.00498508010059595108
-0.61000001430511474600 -0.00498163700103759766
-0.60000002384185791000 -0.00498653808608651161
-0.58999997377395629900 -0.00498395413160324097
-0.57999998331069946300 -0.00500324601307511330
-0.56999999284744262700 -0.00499641383066773415
-0.56000000238418579100 -0.00500060105696320534
-0.55000001192092895500 -0.00500599993392825127
-0.54000002145767211900 -0.00498752621933817864
-0.52999997138977050800 -0.00498855486512184143
-0.51999998092651367200 -0.00498230103403329849
-0.50999999046325683600 -0.00496189901605248451
-0.50000000000000000000 -0.00495849922299385071
-0.49000000953674316400 -0.00497968820855021477
-0.47999998927116394000 -0.00497609702870249748
-0.46999999880790710400 -0.00497857108712196350
-0.46000000834465026800 -0.00499465176835656166
-0.44999998807907104500 -0.00498458696529269219
-0.43999999761581420900 -0.00496608903631567955
-0.43000000715255737300 -0.00498107122257351875
-0.41999998688697814900 -0.00496559822931885719
-0.40999999642372131300 -0.00495086796581745148
-0.40000000596046447700 -0.00496574817225337029
-0.38999998569488525400 -0.00496558379381895065
-0.37999999523162841800 -0.00496702222153544426
-0.37000000476837158200 -0.00497465720400214195
-0.36000001430511474600 -0.00496412394568324089
-0.34999999403953552200 -0.00495436508208513260
-0.34000000357627868600 -0.00495301000773906708
-0.33000001311302185100 -0.00494861509650945664
-0.31999999284744262700 -0.00493808696046471596
-0.31000000238418579100 -0.00493222801014780998
-0.30000001192092895500 -0.00493244687095284462
-0.28999999165534973100 -0.00493603199720382691
-0.28000000119209289500 -0.00494789704680442810
-0.27000001072883606000 -0.00495119718834757805
-0.25999999046325683600 -0.00495415600016713143
-0.25000000000000000000 -0.00496018910780549050
-0.23999999463558197000 -0.00494361389428377152
-0.23000000417232513400 -0.00494334893301129341
-0.21999999880790710400 -0.00494319200515747070
-0.20999999344348907500 -0.00491411611437797547
-0.20000000298023223900 -0.00491519179195165634
-0.18999999761581420900 -0.00492827501147985459
-0.18000000715255737300 -0.00492648407816886902
-0.17000000178813934300 -0.00492827687412500382
-0.15999999642372131300 -0.00494297081604599953
-0.15000000596046447800 -0.00493481103330850601
-0.14000000059604644800 -0.00492339301854372025
-0.12999999523162841800 -0.00493391416966915131
-0.11999999731779098500 -0.00492116995155811310
-0.10999999940395355200 -0.00490326620638370514
-0.10000000149011611900 -0.00491384509950876236
-0.09000000357627868650 -0.00491753919050097466
-0.07999999821186065670 -0.00491932500153779984
-0.07000000029802322390 -0.00493287201970815659
-0.05999999865889549260 -0.00493811722844839096
-0.05000000074505805970 -0.00493604317307472229
-0.03999999910593032840 -0.00492996303364634514
-0.02999999932944774630 -0.00492676207795739174
-0.01999999955296516420 -0.00491808122023940087
-0.00999999977648258210 -0.00490873213857412338
0.00000000000000000000 -0.00490290205925703049
0.00999999977648258210 -0.00490346504375338555
0.01999999955296516420 -0.00492164585739374161
0.02999999932944774630 -0.00491695292294025421
0.03999999910593032840 -0.00491783581674098969
0.05000000074505805970 -0.00492955697700381279
0.05999999865889549260 -0.00491520715877413750
0.07000000029802322390 -0.00490380497649312020
0.07999999821186065670 -0.00491183483973145485
0.09000000357627868650 -0.00489618722349405289
0.10000000149011611900 -0.00489118602126836777
0.10999999940395355200 -0.00490423804149031639
0.11999999731779098500 -0.00490163499489426613
0.12999999523162841800 -0.00490121822804212570
0.14000000059604644800 -0.00491052120923995972
0.15000000596046447800 -0.00490830698981881142
0.15999999642372131300 -0.00489619979634881020
0.17000000178813934300 -0.00489291921257972717
0.18000000715255737300 -0.00487996591255068779
0.18999999761581420900 -0.00485902791842818260
0.20000000298023223900 -0.00486051989719271660
0.20999999344348907500 -0.00485373707488179207
0.21999999880790710400 -0.00485192611813545227
0.23000000417232513400 -0.00485478108748793602
0.23999999463558197000 -0.00485376594588160515
0.25000000000000000000 -0.00485123181715607643
0.25999999046325683600 -0.00483803916722536087
0.27000001072883606000 -0.00481686322018504143
0.28000000119209289500 -0.00480031315237283707
0.28999999165534973100 -0.00477385986596345902
0.30000001192092895500 -0.00474480586126446724
0.31000000238418579100 -0.00473372312262654305
0.31999999284744262700 -0.00471590599045157433
0.33000001311302185100 -0.00468695396557450295
0.34000000357627868600 -0.00466052303090691567
0.34999999403953552200 -0.00463273096829652786
0.36000001430511474600 -0.00457499315962195397
0.37000000476837158200 -0.00452711386606097222
0.37999999523162841800 -0.00447311997413635254
0.38999998569488525400 -0.00439122878015041351
0.40000000596046447700 -0.00432829791679978371
0.40999999642372131300 -0.00425420189276337624
0.41999998688697814900 -0.00417046202346682549
0.43000000715255737300 -0.00408296193927526474
0.43999999761581420900 -0.00398292578756809235
0.44999998807907104500 -0.00387001805938780308
0.46000000834465026800 -0.00374623900279402733
0.46999999880790710400 -0.00361075089313089848
0.47999998927116394000 -0.00346635491587221623
0.49000000953674316400 -0.00331205409020185471
0.50000000000000000000 -0.00315402890555560589
0.50999999046325683600 -0.00298922206275165081
0.51999998092651367200 -0.00282267411239445210
0.52999997138977050800 -0.00264604692347347736
0.54000002145767211900 -0.00246301805600523949
0.55000001192092895500 -0.00227985088713467121
0.56000000238418579100 -0.00207961304113268852
0.56999999284744262700 -0.00187712698243558407
0.57999998331069946300 -0.00167758797761052847
0.58999997377395629900 -0.00146805599797517061
0.60000002384185791000 -0.00125938304699957371
0.61000001430511474600 -0.00105794996488839388
0.62000000476837158200 -0.00087164598517119885
0.62999999523162841800 -0.00065067427931353450
0.63999998569488525400 -0.00044304510811343789
0.64999997615814209000 -0.00023605189926456660
0.66000002622604370100 -0.00004566989082377404
0.67000001668930053700 0.00015334869385696948
0.68000000715255737300 0.00036479168920777738
0.68999999761581420900 0.00057217391440644860
0.69999998807907104500 0.00077825272455811501
0.70999997854232788100 0.00098427676130086184
0.72000002861022949200 0.00118221098091453314
0.73000001907348632800 0.00139505695551633835
0.74000000953674316400 0.00160724099259823561
0.75000000000000000000 0.00182185601443052292
0.75999999046325683600 0.00204007909633219242
0.76999998092651367200 0.00226181093603372574
0.77999997138977050800 0.00248708599247038364
0.79000002145767211900 0.00271818391047418118
0.80000001192092895500 0.00295357592403888702
0.81000000238418579100 0.00319295097142457962
0.81999999284744262700 0.00344141595996916294
0.82999998331069946300 0.00369701301679015160
0.83999997377395629900 0.00395781919360160828
0.85000002384185791000 0.00422634603455662728
0.86000001430511474600 0.00450259307399392128
0.87000000476837158200 0.00478476611897349358
0.87999999523162841800 0.00507181696593761444
0.88999998569488525400 0.00536641618236899376
0.89999997615814209000 0.00566339585930109024
0.91000002622604370100 0.00596874719485640526
0.92000001668930053700 0.00628810282796621323
0.93000000715255737300 0.00661348877474665642
0.93999999761581420900 0.00694861309602856636
0.94999998807907104500 0.00729121407493948937
0.95999997854232788100 0.00763882417231798172
0.97000002861022949200 0.00799851585179567337
0.98000001907348632800 0.00835779123008251190
0.99000000953674316400 0.00872720777988433838
1.00000000000000000000 0.00910500530153512955
