-1.00000000000000000000 -0.00494822906330227852
-0.99000000953674316400 -0.00493596401065587998
-0.98000001907348632800 -0.00492529897019267082
-0.97000002861022949200 -0.00493135303258895874
-0.95999997854232788100 -0.00491218920797109604
-0.94999998807907104500 -0.00490925414487719536
-0.93999999761581420900 -0.00492364494130015373
-0.93000000715255737300 -0.00492287892848253250
-0.92000001668930053700 -0.00492456508800387383
-0.91000002622604370100 -0.00493569299578666687
-0.89999997615814209000 -0.00493908999487757683
-0.88999998569488525400 -0.00492560397833585739
-0.87999999523162841800 -0.00493246316909790039
-0.87000000476837158200 -0.00492067215964198113
-0.86000001430511474600 -0.00490353303030133248
-0.85000002384185791000 -0.00491005182266235352
-0.83999997377395629900 -0.00491512287408113480
-0.82999998331069946300 -0.00491952989250421524
-0.81999999284744262700 -0.00492984009906649590
-0.81000000238418579100 -0.00492903077974915505
-0.80000001192092895500 -0.00492960913106799126
-0.79000002145767211900 -0.00493273604661226273
-0.77999997138977050800 -0.00492508010938763619
-0.76999998092651367200 -0.00491841789335012436
-0.75999999046325683600 -0.00490427901968359947
-0.75000000000000000000 -0.00490625714883208275
-0.74000000953674316400 -0.00491411099210381508
-0.73000001907348632800 -0.00492501910775899887
-0.72000002861022949200 -0.00492335623130202294
-0.70999997854232788100 -0.00492770317941904068
-0.69999998807907104500 -0.00494176521897315979
-0.68999999761581420900 -0.00492584379389882088
-0.68000000715255737300 -0.00492712296545505524
-0.67000001668930053700 -0.00492562400177121163
-0.66000002622604370100 -0.00490597216412425041
-0.64999997615814209000 -0.00490639498457312584
-0.63999998569488525400 -0.00491889379918575287
-0.62999999523162841800 -0.00491994386538863182
-0.62000000476837158200 -0.00492369290441274643
-0.61000001430511474600 -0.00493626482784748078
-0.60000002384185791000 -0.00493452697992324829
-0.58999997377395629900 -0.00492889620363712311
-0.57999998331069946300 -0.00493281288072466850
-0.56999999284744262700 -0.00492061022669076920
-0.56000000238418579100 -0.00490774307399988175
-0.55000001192092895500 -0.00491006486117839813
-0.54000002145767211900 -0.00491253379732370377
-0.52999997138977050800 -0.00491853291168808937
-0.51999998092651367200 -0.00492964405566453934
-0.50999999046325683600 -0.00492464983835816384
-0.50000000000000000000 -0.00493333023041486740
-0.49000000953674316400 -0.00492522818967700005
-0.47999998927116394000 -0.00492182513698935509
-0.46999999880790710400 -0.00491821905598044396
-0.46000000834465026800 -0.00490208296105265618
-0.44999998807907104500 -0.00490464689210057259
-0.43999999761581420900 -0.00491361087188124657
-0.43000000715255737300 -0.00492031499743461609
-0.41999998688697814900 -0.00491785397753119469
-0.40999999642372131300 -0.00493101496249437332
-0.40000000596046447700 -0.00492956303060054779
-0.38999998569488525400 -0.00491728913038969040
-0.37999999523162841800 -0.00491958577185869217
-0.37000000476837158200 -0.00491488911211490631
-0.36000001430511474600 -0.00489118322730064392
-0.34999999403953552200 -0.00489808712154626846
-0.34000000357627868600 -0.00490802479907870293
-0.33000001311302185100 -0.00490404199808835983
-0.31999999284744262700 -0.00491854595020413399
-0.31000000238418579100 -0.00492245610803365708
-0.30000001192092895500 -0.00491870287805795670
-0.28999999165534973100 -0.00491630891337990761
-0.28000000119209289500 -0.00491650216281414032
-0.27000001072883606000 -0.00490221520885825157
-0.25999999046325683600 -0.00489244516938924790
-0.25000000000000000000 -0.00489863101392984390
-0.23999999463558197000 -0.00489370711147785187
-0.23000000417232513400 -0.00490816403180360794
-0.21999999880790710400 -0.00490809883922338486
-0.20999999344348907500 -0.00490844203159213066
-0.20000000298023223900 -0.00491455616429448128
-0.18999999761581420900 -0.00490738917142152786
-0.18000000715255737300 -0.00490181101486086846
-0.17000000178813934300 -0.00490444106981158257
-0.15999999642372131300 -0.00488521018996834755
-0.15000000596046447800 -0.00487960083410143852
-0.14000000059604644800 -0.00489986920729279518
-0.12999999523162841800 -0.00490027992054820061
-0.11999999731779098500 -0.00489702122285962105
-0.10999999940395355200 -0.00491083599627017975
-0.10000000149011611900 -0.00490956800058484078
-0.09000000357627868650 -0.00488938018679618836
-0.07999999821186065670 -0.00490188598632812500
-0.07000000029802322390 -0.00489548500627279282
-0.05999999865889549260 -0.00488204695284366608
-0.05000000074505805970 -0.00489418394863605499
-0.03999999910593032840 -0.00489702681079506874
-0.02999999932944774630 -0.00489717721939086914
-0.01999999955296516420 -0.00490961410105228424
-0.00999999977648258210 -0.00490959594026207924
0.00000000000000000000 -0.00490093417465686798
0.00999999977648258210 -0.00490226689726114273
0.01999999955296516420 -0.00489844614639878273
0.02999999932944774630 -0.00488117476925253868
0.03999999910593032840 -0.00487110298126935959
0.05000000074505805970 -0.00487237796187400818
0.05999999865889549260 -0.00487163895741105080
0.07000000029802322390 -0.00488176010549068451
0.07999999821186065670 -0.00488067790865898132
0.09000000357627868650 -0.00487784622237086296
0.10000000149011611900 -0.00488660484552383423
0.10999999940395355200 -0.00486758397892117500
0.11999999731779098500 -0.00486333714798092842
0.12999999523162841800 -0.00486086495220661164
0.14000000059604644800 -0.00483980681747198105
0.15000000596046447800 -0.00483539421111345291
0.15999999642372131300 -0.00484766811132431030
0.17000000178813934300 -0.00484181614592671394
0.18000000715255737300 -0.00483485218137502670
0.18999999761581420900 -0.00484948186203837395
0.20000000298023223900 -0.00483400793746113777
0.20999999344348907500 -0.00481060100719332695
0.21999999880790710400 -0.00481694098562002182
0.23000000417232513400 -0.00479486398398876190
0.23999999463558197000 -0.00476955715566873551
0.25000000000000000000 -0.00477410620078444481
0.25999999046325683600 -0.00476597202941775322
0.27000001072883606000 -0.00475306808948516846
0.28000000119209289500 -0.00474738283082842827
0.28999999165534973100 -0.00473247095942497254
0.30000001192092895500 -0.00470525817945599556
0.31000000238418579100 -0.00467866612598299980
0.31999999284744262700 -0.00465005217120051384
0.33000001311302185100 -0.00461011705920100212
0.34000000357627868600 -0.00457000499591231346
0.34999999403953552200 -0.00453387899324297905
0.36000001430511474600 -0.00449150800704956055
0.37000000476837158200 -0.00445068301633000374
0.37999999523162841800 -0.00439041620120406151
0.38999998569488525400 -0.00433175498619675636
0.40000000596046447700 -0.00426157377660274506
0.40999999642372131300 -0.00416833395138382912
0.41999998688697814900 -0.00408015400171279907
0.43000000715255737300 -0.00397834181785583496
0.43999999761581420900 -0.00386087805964052677
0.44999998807907104500 -0.00375330890528857708
0.46000000834465026800 -0.00363491498865187168
0.46999999880790710400 -0.00350024295039474964
0.47999998927116394000 -0.00336195202544331551
0.49000000953674316400 -0.00321754906326532364
0.50000000000000000000 -0.00305127003230154514
0.50999999046325683600 -0.00288311601616442204
0.51999998092651367200 -0.00271368096582591534
0.52999997138977050800 -0.00252689002081751824
0.54000002145767211900 -0.00234128604643046856
0.55000001192092895500 -0.00215829210355877876
0.56000000238418579100 -0.00196446804329752922
0.56999999284744262700 -0.00177237601019442082
0.57999998331069946300 -0.00157663796562701464
0.58999997377395629900 -0.00137686100788414478
0.60000002384185791000 -0.00117388705257326365
0.61000001430511474600 -0.00099000090267509222
0.62000000476837158200 -0.00077686592703685164
0.62999999523162841800 -0.00057244050549343228
0.63999998569488525400 -0.00036810731398873031
0.64999997615814209000 -0.00016430020332336426
0.66000002622604370100 0.00002619488986965735
0.67000001668930053700 0.00021610049589071423
0.68000000715255737300 0.00042377249337732792
0.68999999761581420900 0.00062593427719548345
0.69999998807907104500 0.00082823901902884245
0.70999997854232788100 0.00103000295348465443
0.72000002861022949200 0.00122243503574281931
0.73000001907348632800 0.00143015896901488304
0.74000000953674316400 0.00163671094924211502
0.75000000000000000000 0.00184548995457589626
0.75999999046325683600 0.00205812510102987290
0.76999998092651367200 0.00227325293235480785
0.77999997138977050800 0.00249303597956895828
0.79000002145767211900 0.00271851499564945698
0.80000001192092895500 0.00294691510498523712
0.81000000238418579100 0.00318097998388111591
0.81999999284744262700 0.00342030706815421581
0.82999998331069946300 0.00366441695950925350
0.83999997377395629900 0.00391387101262807846
0.85000002384185791000 0.00417027808725833893
0.86000001430511474600 0.00443340186029672623
0.87000000476837158200 0.00470391800627112389
0.87999999523162841800 0.00498295808210968971
0.88999998569488525400 0.00526442099362611771
0.89999997615814209000 0.00555723393335938454
0.91000002622604370100 0.00585386622697114945
0.92000001668930053700 0.00615100096911191940
0.93000000715255737300 0.00646308017894625664
0.93999999761581420900 0.00677820621058344841
0.94999998807907104500 0.00709264585748314858
0.95999997854232788100 0.00742577109485864640
0.97000002861022949200 0.00776764983311295510
0.98000001907348632800 0.00810984801501035691
0.99000000953674316400 0.00846446771174669266
1.00000000000000000000 0.00882655754685401917
