-1.00000000000000000000 -0.00482585607096552849
-0.99000000953674316400 -0.00482326187193393707
-0.98000001907348632800 -0.00483609177172183991
-0.97000002861022949200 -0.00483682798221707344
-0.95999997854232788100 -0.00483131408691406250
-0.94999998807907104500 -0.00483139604330062866
-0.93999999761581420900 -0.00482632080093026161
-0.93000000715255737300 -0.00481041800230741501
-0.92000001668930053700 -0.00481575820595026016
-0.91000002622604370100 -0.00481628114357590676
-0.89999997615814209000 -0.00482206791639328003
-0.88999998569488525400 -0.00483153201639652252
-0.87999999523162841800 -0.00482932385057210922
-0.87000000476837158200 -0.00483849784359335900
-0.86000001430511474600 -0.00483435811474919319
-0.85000002384185791000 -0.00482740486040711403
-0.83999997377395629900 -0.00482327397912740708
-0.82999998331069946300 -0.00480905920267105103
-0.81999999284744262700 -0.00480552390217781067
-0.81000000238418579100 -0.00481605902314186096
-0.80000001192092895500 -0.00482390681281685829
-0.79000002145767211900 -0.00482489587739109993
-0.77999997138977050800 -0.00483176996931433678
-0.76999998092651367200 -0.00483426777645945549
-0.75999999046325683600 -0.00481979502364993096
-0.75000000000000000000 -0.00482466118410229683
-0.74000000953674316400 -0.00481639616191387177
-0.73000001907348632800 -0.00479659484699368477
-0.72000002861022949200 -0.00480585498735308647
-0.70999997854232788100 -0.00481502199545502663
-0.69999998807907104500 -0.00481243617832660675
-0.68999999761581420900 -0.00482594687491655350
-0.68000000715255737300 -0.00483282189816236496
-0.67000001668930053700 -0.00482917111366987229
-0.66000002622604370100 -0.00482350122183561325
-0.64999997615814209000 -0.00482575409114360809
-0.63999998569488525400 -0.00481280777603387833
-0.62999999523162841800 -0.00480433320626616478
-0.62000000476837158200 -0.00481391698122024536
-0.61000001430511474600 -0.00481228576973080635
-0.60000002384185791000 -0.00482625002041459084
-0.58999997377395629900 -0.00482528191059827805
-0.57999998331069946300 -0.00483125913888216019
-0.56999999284744262700 -0.00483240699395537377
-0.56000000238418579100 -0.00482047116383910179
-0.55000001192092895500 -0.00481826020404696465
-0.54000002145767211900 -0.00481636496260762215
-0.52999997138977050800 -0.00479561882093548775
-0.51999998092651367200 -0.00479561788961291313
-0.50999999046325683600 -0.00480761798098683357
-0.50000000000000000000 -0.00480828993022441864
-0.49000000953674316400 -0.00480666290968656540
-0.47999998927116394000 -0.00482209678739309311
-0.46999999880790710400 -0.00481281708925962448
-0.46000000834465026800 -0.00479796901345252991
-0.44999998807907104500 -0.00480775907635688782
-0.43999999761581420900 -0.00478384597226977348
-0.43000000715255737300 -0.00476947985589504242
-0.41999998688697814900 -0.00478614307940006256
-0.40999999642372131300 -0.00478811608627438545
-0.40000000596046447700 -0.00478786416351795197
-0.38999998569488525400 -0.00479864422231912613
-0.37999999523162841800 -0.00479721697047352791
-0.37000000476837158200 -0.00478171603754162789
-0.36000001430511474600 -0.00478569883853197098
-0.34999999403953552200 -0.00478009181097149849
-0.34000000357627868600 -0.00475835520774126053
-0.33000001311302185100 -0.00476488284766674042
-0.31999999284744262700 -0.00476642604917287827
-0.31000000238418579100 -0.00476585794240236282
-0.30000001192092895500 -0.00477689877152442932
-0.28999999165534973100 -0.00477857002988457680
-0.28000000119209289500 -0.00477694207802414894
-0.27000001072883606000 -0.00478032510727643967
-0.25999999046325683600 -0.00477161118760704994
-0.25000000000000000000 -0.00476031703874468804
-0.23999999463558197000 -0.00475468393415212631
-0.23000000417232513400 -0.00475017400458455086
-0.21999999880790710400 -0.00475181918591260910
-0.20999999344348907500 -0.00476579694077372551
-0.20000000298023223900 -0.00476674688979983330
-0.18999999761581420900 -0.00476594083011150360
-0.18000000715255737300 -0.00478140683844685555
-0.17000000178813934300 -0.00476515898481011391
-0.15999999642372131300 -0.00476227281615138054
-0.15000000596046447800 -0.00476283393800258637
-0.14000000059604644800 -0.00474025122821331024
-0.12999999523162841800 -0.00474266521632671356
-0.11999999731779098500 -0.00475570186972618103
-0.10999999940395355200 -0.00475525902584195137
-0.10000000149011611900 -0.00475259078666567803
-0.09000000357627868650 -0.00476782489567995072
-0.07999999821186065670 -0.00477323587983846665
-0.07000000029802322390 -0.00475763482972979546
-0.05999999865889549260 -0.00476797716692090035
-0.05000000074505805970 -0.00475354399532079697
-0.03999999910593032840 -0.00473929801955819130
-0.02999999932944774630 -0.00474750809371471405
-0.01999999955296516420 -0.00475113280117511749
-0.00999999977648258210 -0.00474854791536927223
0.00000000000000000000 -0.00476090516895055771
0.00999999977648258210 -0.00476096617057919502
0.01999999955296516420 -0.00475494703277945519
0.02999999932944774630 -0.00475236121565103531
0.03999999910593032840 -0.00474959984421730042
0.05000000074505805970 -0.00473566213622689247
0.05999999865889549260 -0.00472321501001715660
0.07000000029802322390 -0.00472470792010426521
0.07999999821186065670 -0.00472366111353039742
0.09000000357627868650 -0.00473420601338148117
0.10000000149011611900 -0.00473146885633468628
0.10999999940395355200 -0.00473091797903180123
0.11999999731779098500 -0.00473433500155806542
0.12999999523162841800 -0.00471952697262167931
0.14000000059604644800 -0.00471245078369975090
0.15000000596046447800 -0.00470896298065781593
0.15999999642372131300 -0.00468839891254901886
0.17000000178813934300 -0.00468255812302231789
0.18000000715255737300 -0.00469258381053805351
0.18999999761581420900 -0.00468670297414064408
0.20000000298023223900 -0.00468104518949985504
0.20999999344348907500 -0.00469149602577090264
0.21999999880790710400 -0.00467697018757462502
0.23000000417232513400 -0.00465102680027484894
0.23999999463558197000 -0.00465383892878890038
0.25000000000000000000 -0.00462890695780515671
0.25999999046325683600 -0.00460735522210597992
0.27000001072883606000 -0.00460818177089095116
0.28000000119209289500 -0.00459504220634698868
0.28999999165534973100 -0.00457746582105755806
0.30000001192092895500 -0.00457115191966295242
0.31000000238418579100 -0.00455735810101032257
0.31999999284744262700 -0.00451921997591853142
0.33000001311302185100 -0.00448863208293914795
0.34000000357627868600 -0.00445034308359026909
0.34999999403953552200 -0.00439346907660365105
0.36000001430511474600 -0.00435619801282882691
0.37000000476837158200 -0.00431303400546312332
0.37999999523162841800 -0.00425971299409866333
0.38999998569488525400 -0.00420607207342982292
0.40000000596046447700 -0.00413542101159691811
0.40999999642372131300 -0.00405657012015581131
0.41999998688697814900 -0.00396868679672479630
0.43000000715255737300 -0.00386709207668900490
0.43999999761581420900 -0.00375421997159719467
0.44999998807907104500 -0.00363721093162894249
0.46000000834465026800 -0.00351225491613149643
0.46999999880790710400 -0.00338363810442388058
0.47999998927116394000 -0.00325060193426907063
0.49000000953674316400 -0.00310531607829034329
0.50000000000000000000 -0.00294956006109714508
0.50999999046325683600 -0.00279646203853189945
0.51999998092651367200 -0.00262193288654088974
0.52999997138977050800 -0.00244733504951000214
0.54000002145767211900 -0.00226951390504837036
0.55000001192092895500 -0.00207871501334011555
0.56000000238418579100 -0.00189245399087667465
0.56999999284744262700 -0.00170892104506492615
0.57999998331069946300 -0.00151769199874252081
0.58999997377395629900 -0.00132332497742027044
0.60000002384185791000 -0.00113421003334224224
0.61000001430511474600 -0.00095128617249429226
0.62000000476837158200 -0.00074579822830855846
0.62999999523162841800 -0.00055202067596837878
0.63999998569488525400 -0.00035520701203495264
0.64999997615814209000 -0.00015757139772176743
0.66000002622604370100 0.00002793458952510264
0.67000001668930053700 0.00021274639584589750
0.68000000715255737300 0.00041197289829142392
0.68999999761581420900 0.00060871831374242902
0.69999998807907104500 0.00080479780444875360
0.70999997854232788100 0.00100018503144383431
0.72000002861022949200 0.00118781300261616707
0.73000001907348632800 0.00138917705044150353
0.74000000953674316400 0.00158924295101314783
0.75000000000000000000 0.00179203297011554241
0.75999999046325683600 0.00199630390852689743
0.76999998092651367200 0.00220350804738700390
0.77999997138977050800 0.00241645099595189095
0.79000002145767211900 0.00263239094056189060
0.80000001192092895500 0.00285158306360244751
0.81000000238418579100 0.00307891191914677620
0.81999999284744262700 0.00330867501907050610
0.82999998331069946300 0.00354050309397280216
0.83999997377395629900 0.00378308398649096489
0.85000002384185791000 0.00402682600542902947
0.86000001430511474600 0.00427343696355819702
0.87000000476837158200 0.00453505106270313263
0.87999999523162841800 0.00479787820950150490
0.88999998569488525400 0.00506698479875922203
0.89999997615814209000 0.00534605281427502632
0.91000002622604370100 0.00563008012250065804
0.92000001668930053700 0.00591410603374242783
0.93000000715255737300 0.00620787311345338822
0.93999999761581420900 0.00650883279740810394
0.94999998807907104500 0.00680855615064501763
0.95999997854232788100 0.00712154991924762726
0.97000002861022949200 0.00744236400350928307
0.98000001907348632800 0.00776755716651678086
0.99000000953674316400 0.00810289010405540467
1.00000000000000000000 0.00844299700111150742
