-1.00000000000000000000 -0.00476017221808433533
-0.99000000953674316400 -0.00474805897101759911
-0.98000001907348632800 -0.00475063221529126167
-0.97000002861022949200 -0.00476321484893560410
-0.95999997854232788100 -0.00476611312478780747
-0.94999998807907104500 -0.00476641114801168442
-0.93999999761581420900 -0.00478323688730597496
-0.93000000715255737300 -0.00477280886843800545
-0.92000001668930053700 -0.00475917477160692215
-0.91000002622604370100 -0.00477023003622889519
-0.89999997615814209000 -0.00475702900439500809
-0.88999998569488525400 -0.00474074622616171837
-0.87999999523162841800 -0.00475680502131581307
-0.87000000476837158200 -0.00476039387285709381
-0.86000001430511474600 -0.00476037012413144112
-0.85000002384185791000 -0.00476897694170475006
-0.83999997377395629900 -0.00477855699136853218
-0.82999998331069946300 -0.00476723723113536835
-0.81999999284744262700 -0.00476656202226877213
-0.81000000238418579100 -0.00476494105532765389
-0.80000001192092895500 -0.00474508106708526611
-0.79000002145767211900 -0.00474734511226415634
-0.77999997138977050800 -0.00475187785923480988
-0.76999998092651367200 -0.00475311977788805962
-0.75999999046325683600 -0.00476165488362312317
-0.75000000000000000000 -0.00476653780788183212
-0.74000000953674316400 -0.00476766517385840416
-0.73000001907348632800 -0.00476538110524415970
-0.72000002861022949200 -0.00476009817793965340
-0.70999997854232788100 -0.00474827596917748451
-0.69999998807907104500 -0.00474139722064137459
-0.68999999761581420900 -0.00473885703831911087
-0.68000000715255737300 -0.00474064098671078682
-0.67000001668930053700 -0.00475318497046828270
-0.66000002622604370100 -0.00475494889542460442
-0.64999997615814209000 -0.00475275702774524689
-0.63999998569488525400 -0.00476709892973303795
-0.62999999523162841800 -0.00475725391879677773
-0.62000000476837158200 -0.00475090416148304939
-0.61000001430511474600 -0.00475405482575297356
-0.60000002384185791000 -0.00473278621211647988
-0.58999997377395629900 -0.00473768403753638268
-0.57999998331069946300 -0.00474729109555482865
-0.56999999284744262700 -0.00475334422662854195
-0.56000000238418579100 -0.00474860193207859993
-0.55000001192092895500 -0.00476407399401068688
-0.54000002145767211900 -0.00475928885862231255
-0.52999997138977050800 -0.00474549783393740654
-0.51999998092651367200 -0.00476147886365652084
-0.50999999046325683600 -0.00474983081221580506
-0.50000000000000000000 -0.00472788885235786438
-0.49000000953674316400 -0.00474217906594276428
-0.47999998927116394000 -0.00474789412692189217
-0.46999999880790710400 -0.00474856188520789147
-0.46000000834465026800 -0.00476127909496426582
-0.44999998807907104500 -0.00476573919877409935
-0.43999999761581420900 -0.00475698802620172501
-0.43000000715255737300 -0.00475333305075764656
-0.41999998688697814900 -0.00475701782852411270
-0.40999999642372131300 -0.00474083796143531799
-0.40000000596046447700 -0.00473893992602825165
-0.38999998569488525400 -0.00473898183554410935
-0.37999999523162841800 -0.00474002305418252945
-0.37000000476837158200 -0.00475229090079665184
-0.36000001430511474600 -0.00475216796621680260
-0.34999999403953552200 -0.00475609116256237030
-0.34000000357627868600 -0.00475445203483104706
-0.33000001311302185100 -0.00474270805716514588
-0.31999999284744262700 -0.00473980512470006943
-0.31000000238418579100 -0.00473438901826739311
-0.30000001192092895500 -0.00472997780889272690
-0.28999999165534973100 -0.00472570583224296570
-0.28000000119209289500 -0.00473944703117012978
-0.27000001072883606000 -0.00474219815805554390
-0.25999999046325683600 -0.00473953178152441979
-0.25000000000000000000 -0.00475128507241606712
-0.23999999463558197000 -0.00474047288298606873
-0.23000000417232513400 -0.00473003182560205460
-0.21999999880790710400 -0.00473376084119081497
-0.20999999344348907500 -0.00471549015492200852
-0.20000000298023223900 -0.00470354687422513962
-0.18999999761581420900 -0.00470687309280037880
-0.18000000715255737300 -0.00470722978934645653
-0.17000000178813934300 -0.00470667099580168724
-0.15999999642372131300 -0.00471522379666566849
-0.15000000596046447800 -0.00471497001126408577
-0.14000000059604644800 -0.00470215594395995140
-0.12999999523162841800 -0.00470849499106407166
-0.11999999731779098500 -0.00469642179086804390
-0.10999999940395355200 -0.00467615202069282532
-0.10000000149011611900 -0.00468928320333361626
-0.09000000357627868650 -0.00468690600246191025
-0.07999999821186065670 -0.00468932790681719780
-0.07000000029802322390 -0.00469845021143555641
-0.05999999865889549260 -0.00470014102756977081
-0.05000000074505805970 -0.00469418289139866829
-0.03999999910593032840 -0.00467770406976342201
-0.02999999932944774630 -0.00467420602217316628
-0.01999999955296516420 -0.00466447183862328530
-0.00999999977648258210 -0.00465293088927865029
0.00000000000000000000 -0.00465411785989999771
0.00999999977648258210 -0.00465871300548315048
0.01999999955296516420 -0.00466439500451087952
0.02999999932944774630 -0.00466584088280797005
0.03999999910593032840 -0.00466661900281906128
0.05000000074505805970 -0.00467275921255350113
0.05999999865889549260 -0.00465597677975893021
0.07000000029802322390 -0.00465374998748302460
0.07999999821186065670 -0.00465205311775207520
0.09000000357627868650 -0.00463130604475736618
0.10000000149011611900 -0.00462326500564813614
0.10999999940395355200 -0.00462908111512660980
0.11999999731779098500 -0.00462870579212903977
0.12999999523162841800 -0.00462420610710978508
0.14000000059604644800 -0.00463580386713147164
0.15000000596046447800 -0.00462134508416056633
0.15999999642372131300 -0.00460456218570470810
0.17000000178813934300 -0.00460880482569336891
0.18000000715255737300 -0.00459266919642686844
0.18999999761581420900 -0.00457508303225040436
0.20000000298023223900 -0.00457866489887237549
0.20999999344348907500 -0.00457647489383816719
0.21999999880790710400 -0.00456905597820878029
0.23000000417232513400 -0.00457325484603643418
0.23999999463558197000 -0.00456460285931825638
0.25000000000000000000 -0.00454987492412328720
0.25999999046325683600 -0.00453319586813449860
0.27000001072883606000 -0.00451591797173023224
0.28000000119209289500 -0.00449137901887297630
0.28999999165534973100 -0.00447716191411018372
0.30000001192092895500 -0.00445835990831255913
0.31000000238418579100 -0.00444062519818544388
0.31999999284744262700 -0.00442355219274759293
0.33000001311302185100 -0.00439212005585432053
0.34000000357627868600 -0.00437091384083032608
0.34999999403953552200 -0.00432618195191025734
0.36000001430511474600 -0.00427643815055489540
0.37000000476837158200 -0.00422635721042752266
0.37999999523162841800 -0.00415594782680273056
0.38999998569488525400 -0.00409254897385835648
0.40000000596046447700 -0.00403872504830360413
0.40999999642372131300 -0.00396448094397783280
0.41999998688697814900 -0.00387696805410087109
0.43000000715255737300 -0.00379046401940286160
0.43999999761581420900 -0.00368737103417515755
0.44999998807907104500 -0.00356622203253209591
0.46000000834465026800 -0.00344934896565973759
0.46999999880790710400 -0.00331568601541221142
0.47999998927116394000 -0.00316625903360545635
0.49000000953674316400 -0.00302754691801965237
0.50000000000000000000 -0.00287879491224884987
0.50999999046325683600 -0.00271837390027940273
0.51999998092651367200 -0.00255760806612670422
0.52999997138977050800 -0.00238696089945733547
0.54000002145767211900 -0.00220790202729403973
0.55000001192092895500 -0.00202207802794873715
0.56000000238418579100 -0.00183670199476182461
0.56999999284744262700 -0.00164248899091035128
0.57999998331069946300 -0.00144595699384808540
0.58999997377395629900 -0.00125355797354131937
0.60000002384185791000 -0.00105594098567962647
0.61000001430511474600 -0.00087051949230954051
0.62000000476837158200 -0.00066162669099867344
0.62999999523162841800 -0.00045946770114824176
0.63999998569488525400 -0.00025803330936469138
0.64999997615814209000 -0.00006453692913055420
0.66000002622604370100 0.00013640080578625202
0.67000001668930053700 0.00034397828858345747
0.68000000715255737300 0.00054919137619435787
0.68999999761581420900 0.00075587409082800150
0.69999998807907104500 0.00096193532226607204
0.70999997854232788100 0.00116240303032100201
0.72000002861022949200 0.00137387600261718035
0.73000001907348632800 0.00158528296742588282
0.74000000953674316400 0.00179768702946603298
0.75000000000000000000 0.00201318296603858471
0.75999999046325683600 0.00222911103628575802
0.76999998092651367200 0.00244932202622294426
0.77999997138977050800 0.00267177098430693150
0.79000002145767211900 0.00289648794569075108
0.80000001192092895500 0.00312766595743596554
0.81000000238418579100 0.00336340209469199181
0.81999999284744262700 0.00360315199941396713
0.82999998331069946300 0.00384760205633938313
0.83999997377395629900 0.00409705890342593193
0.85000002384185791000 0.00434992695227265358
0.86000001430511474600 0.00460558990016579628
0.87000000476837158200 0.00486898981034755707
0.87999999523162841800 0.00513533409684896469
0.88999998569488525400 0.00540630798786878586
0.89999997615814209000 0.00568597204983234406
0.91000002622604370100 0.00597199518233537674
0.92000001668930053700 0.00626391498371958733
0.93000000715255737300 0.00655898218974471092
0.93999999761581420900 0.00686397589743137360
0.94999998807907104500 0.00716703198850154877
0.95999997854232788100 0.00747421802952885628
0.97000002861022949200 0.00779290217906236649
0.98000001907348632800 0.00810904242098331452
0.99000000953674316400 0.00843241903930902481
1.00000000000000000000 0.00877035409212112427
