-1.00000000000000000000 -0.00469047017395496369
-0.99000000953674316400 -0.00467712478712201119
-0.98000001907348632800 -0.00469140522181987763
-0.97000002861022949200 -0.00468640588223934174
-0.95999997854232788100 -0.00466152792796492577
-0.94999998807907104500 -0.00467569986358284950
-0.93999999761581420900 -0.00467696087434887886
-0.93000000715255737300 -0.00467916298657655716
-0.92000001668930053700 -0.00469066994264721871
-0.91000002622604370100 -0.00469468208029866219
-0.89999997615814209000 -0.00469303084537386894
-0.88999998569488525400 -0.00469404179602861405
-0.87999999523162841800 -0.00468889577314257622
-0.87000000476837158200 -0.00468070292845368385
-0.86000001430511474600 -0.00467226514592766762
-0.85000002384185791000 -0.00467548891901969910
-0.83999997377395629900 -0.00467802397906780243
-0.82999998331069946300 -0.00469972193241119385
-0.81999999284744262700 -0.00470088422298431397
-0.81000000238418579100 -0.00470030494034290314
-0.80000001192092895500 -0.00471258489415049553
-0.79000002145767211900 -0.00469691213220357895
-0.77999997138977050800 -0.00469732796773314476
-0.76999998092651367200 -0.00469786114990711212
-0.75999999046325683600 -0.00467673595994710922
-0.75000000000000000000 -0.00468087382614612580
-0.74000000953674316400 -0.00469293491914868355
-0.73000001907348632800 -0.00469463318586349487
-0.72000002861022949200 -0.00469199381768703461
-0.70999997854232788100 -0.00471186218783259392
-0.69999998807907104500 -0.00470194220542907715
-0.68999999761581420900 -0.00468728598207235336
-0.68000000715255737300 -0.00469881622120738030
-0.67000001668930053700 -0.00468635093420743942
-0.66000002622604370100 -0.00467438576743006706
-0.64999997615814209000 -0.00468770600855350495
-0.63999998569488525400 -0.00469220802187919617
-0.62999999523162841800 -0.00468936096876859665
-0.62000000476837158200 -0.00470304209738969803
-0.61000001430511474600 -0.00471230689436197281
-0.60000002384185791000 -0.00469911703839898110
-0.58999997377395629900 -0.00469474401324987412
-0.57999998331069946300 -0.00469590909779071808
-0.56999999284744262700 -0.00467916904017329216
-0.56000000238418579100 -0.00467680115252733231
-0.55000001192092895500 -0.00469096098095178604
-0.54000002145767211900 -0.00469561992213129997
-0.52999997138977050800 -0.00470717903226613999
-0.51999998092651367200 -0.00470735598355531693
-0.50999999046325683600 -0.00470910686999559403
-0.50000000000000000000 -0.00470582023262977600
-0.49000000953674316400 -0.00469982111826539040
-0.47999998927116394000 -0.00469610188156366348
-0.46999999880790710400 -0.00468339119106531143
-0.46000000834465026800 -0.00468055484816431999
-0.44999998807907104500 -0.00468689110130071640
-0.43999999761581420900 -0.00469661410897970200
-0.43000000715255737300 -0.00469521014019846916
-0.41999998688697814900 -0.00470092380419373512
-0.40999999642372131300 -0.00470737088471651077
-0.40000000596046447700 -0.00468495581299066544
-0.38999998569488525400 -0.00468588806688785553
-0.37999999523162841800 -0.00467266002669930458
-0.37000000476837158200 -0.00465175788849592209
-0.36000001430511474600 -0.00466183898970484734
-0.34999999403953552200 -0.00466735893860459328
-0.34000000357627868600 -0.00466534821316599846
-0.33000001311302185100 -0.00467772502452135086
-0.31999999284744262700 -0.00468389177694916725
-0.31000000238418579100 -0.00467735715210437775
-0.30000001192092895500 -0.00467152893543243408
-0.28999999165534973100 -0.00467222882434725762
-0.28000000119209289500 -0.00465976120904088020
-0.27000001072883606000 -0.00465178396552801132
-0.25999999046325683600 -0.00465995213016867638
-0.25000000000000000000 -0.00464758509770035744
-0.23999999463558197000 -0.00466028181836009026
-0.23000000417232513400 -0.00465023284777998924
-0.21999999880790710400 -0.00465174578130245209
-0.20999999344348907500 -0.00465104496106505394
-0.20000000298023223900 -0.00463739084079861641
-0.18999999761581420900 -0.00463581690564751625
-0.18000000715255737300 -0.00463254889473319054
-0.17000000178813934300 -0.00461984705179929733
-0.15999999642372131300 -0.00461735995486378670
-0.15000000596046447800 -0.00463104480877518654
-0.14000000059604644800 -0.00463107507675886154
-0.12999999523162841800 -0.00462977681308984757
-0.11999999731779098500 -0.00464487820863723755
-0.10999999940395355200 -0.00463427416980266571
-0.10000000149011611900 -0.00461879884824156761
-0.09000000357627868650 -0.00462597422301769257
-0.07999999821186065670 -0.00460900692269206047
-0.07000000029802322390 -0.00459761777892708779
-0.05999999865889549260 -0.00460922904312610626
-0.05000000074505805970 -0.00460715591907501221
-0.03999999910593032840 -0.00460506603121757507
-0.02999999932944774630 -0.00461420789361000061
-0.01999999955296516420 -0.00462211994454264641
-0.00999999977648258210 -0.00460617011412978172
0.00000000000000000000 -0.00460617011412978172
0.00999999977648258210 -0.00460257707163691521
0.01999999955296516420 -0.00458607682958245278
0.02999999932944774630 -0.00458390079438686371
0.03999999910593032840 -0.00458088517189025879
0.05000000074505805970 -0.00458301696926355362
0.05999999865889549260 -0.00459262682124972344
0.07000000029802322390 -0.00460125692188739777
0.07999999821186065670 -0.00460315588861703873
0.09000000357627868650 -0.00460054585710167885
0.10000000149011611900 -0.00458546588197350502
0.10999999940395355200 -0.00458145420998334885
0.11999999731779098500 -0.00457436777651309967
0.12999999523162841800 -0.00455979909747838974
0.14000000059604644800 -0.00455973576754331589
0.15000000596046447800 -0.00456666294485330582
0.15999999642372131300 -0.00456586806103587151
0.17000000178813934300 -0.00455825496464967728
0.18000000715255737300 -0.00457126600667834282
0.18999999761581420900 -0.00455430522561073303
0.20000000298023223900 -0.00452858814969658852
0.20999999344348907500 -0.00452854298055171967
0.21999999880790710400 -0.00449499208480119705
0.23000000417232513400 -0.00448016403242945671
0.23999999463558197000 -0.00448341714218258858
0.25000000000000000000 -0.00447499798610806465
0.25999999046325683600 -0.00446406891569495201
0.27000001072883606000 -0.00446318509057164192
0.28000000119209289500 -0.00444723898544907570
0.28999999165534973100 -0.00442316988483071327
0.30000001192092895500 -0.00441040191799402237
0.31000000238418579100 -0.00438004080206155777
0.31999999284744262700 -0.00433856621384620667
0.33000001311302185100 -0.00431721005588769913
0.34000000357627868600 -0.00429108599200844765
0.34999999403953552200 -0.00425119418650865555
0.36000001430511474600 -0.00422184215858578682
0.37000000476837158200 -0.00417209276929497719
0.37999999523162841800 -0.00412000715732574463
0.38999998569488525400 -0.00405691517516970635
0.40000000596046447700 -0.00398406712338328362
0.40999999642372131300 -0.00390228698961436749
0.41999998688697814900 -0.00381276290863752365
0.43000000715255737300 -0.00372406607493758202
0.43999999761581420900 -0.00362346903420984745
0.44999998807907104500 -0.00352376699447631836
0.46000000834465026800 -0.00340473907999694348
0.46999999880790710400 -0.00328171905130147934
0.47999998927116394000 -0.00315616000443696976
0.49000000953674316400 -0.00300593790598213673
0.50000000000000000000 -0.00286283902823925018
0.50999999046325683600 -0.00271004508249461651
0.51999998092651367200 -0.00254269992001354694
0.52999997138977050800 -0.00237585208378732205
0.54000002145767211900 -0.00221208808943629265
0.55000001192092895500 -0.00203390792012214661
0.56000000238418579100 -0.00185177300591021776
0.56999999284744262700 -0.00167131400667130947
0.57999998331069946300 -0.00148122198879718781
0.58999997377395629900 -0.00128543004393577576
0.60000002384185791000 -0.00109562603756785393
0.61000001430511474600 -0.00091385730775073171
0.62000000476837158200 -0.00070754421176388860
0.62999999523162841800 -0.00050747982459142804
0.63999998569488525400 -0.00030528768547810614
0.64999997615814209000 -0.00010094290337292477
0.66000002622604370100 0.00009000018326332793
0.67000001668930053700 0.00028743239818140864
0.68000000715255737300 0.00049476337153464556
0.68999999761581420900 0.00070195930311456323
0.69999998807907104500 0.00090772198745980859
0.70999997854232788100 0.00110674905590713024
0.72000002861022949200 0.00131754705216735601
0.73000001907348632800 0.00152783398516476154
0.74000000953674316400 0.00173837901093065739
0.75000000000000000000 0.00195182999595999718
0.75999999046325683600 0.00216731196269392967
0.76999998092651367200 0.00238396599888801575
0.77999997138977050800 0.00260550994426012039
0.79000002145767211900 0.00282891909591853619
0.80000001192092895500 0.00305329589173197746
0.81000000238418579100 0.00328459101729094982
0.81999999284744262700 0.00351735693402588368
0.82999998331069946300 0.00375189189799129963
0.83999997377395629900 0.00399645976722240448
0.85000002384185791000 0.00424343720078468323
0.86000001430511474600 0.00449449196457862854
0.87000000476837158200 0.00475333211943507195
0.87999999523162841800 0.00501526007428765297
0.88999998569488525400 0.00527946511283516884
0.89999997615814209000 0.00554927578195929527
0.91000002622604370100 0.00582586601376533508
0.92000001668930053700 0.00610127020627260208
0.93000000715255737300 0.00638570496812462807
0.93999999761581420900 0.00667890580371022225
0.94999998807907104500 0.00697378022596240044
0.95999997854232788100 0.00728061702102422714
0.97000002861022949200 0.00758692389354109764
0.98000001907348632800 0.00790094770491123200
0.99000000953674316400 0.00821931101381778717
1.00000000000000000000 0.00853567197918891907
