-1.00000000000000000000 -0.00475681899115443230
-0.99000000953674316400 -0.00476366095244884491
-0.98000001907348632800 -0.00475548300892114639
-0.97000002861022949200 -0.00473432196304202080
-0.95999997854232788100 -0.00474919378757476807
-0.94999998807907104500 -0.00475207995623350144
-0.93999999761581420900 -0.00475065084174275398
-0.93000000715255737300 -0.00476505514234304428
-0.92000001668930053700 -0.00476471893489360809
-0.91000002622604370100 -0.00476223090663552284
-0.89999997615814209000 -0.00476057594642043114
-0.88999998569488525400 -0.00475696520879864693
-0.87999999523162841800 -0.00474409107118844986
-0.87000000476837158200 -0.00474069779738783837
-0.86000001430511474600 -0.00474306382238864899
-0.85000002384185791000 -0.00474377302452921868
-0.83999997377395629900 -0.00475971680134534836
-0.82999998331069946300 -0.00475411722436547280
-0.81999999284744262700 -0.00476076593622565270
-0.81000000238418579100 -0.00476694293320178986
-0.80000001192092895500 -0.00475547323003411293
-0.79000002145767211900 -0.00475151510909199715
-0.77999997138977050800 -0.00475492188706994057
-0.76999998092651367200 -0.00473435223102569580
-0.75999999046325683600 -0.00473291706293821335
-0.75000000000000000000 -0.00475283805280923844
-0.74000000953674316400 -0.00474824989214539528
-0.73000001907348632800 -0.00475005805492401123
-0.72000002861022949200 -0.00476466678082942963
-0.70999997854232788100 -0.00475607812404632568
-0.69999998807907104500 -0.00473983585834503174
-0.68999999761581420900 -0.00475546112284064293
-0.68000000715255737300 -0.00474089803174138069
-0.67000001668930053700 -0.00472484296187758446
-0.66000002622604370100 -0.00474337302148342133
-0.64999997615814209000 -0.00474014086648821831
-0.63999998569488525400 -0.00474300701171159744
-0.62999999523162841800 -0.00475513888522982598
-0.62000000476837158200 -0.00476186303421854973
-0.61000001430511474600 -0.00475439801812171936
-0.60000002384185791000 -0.00475192209705710411
-0.58999997377395629900 -0.00475113093852996826
-0.57999998331069946300 -0.00473783398047089577
-0.56999999284744262700 -0.00473497295752167702
-0.56000000238418579100 -0.00473660184070467949
-0.55000001192092895500 -0.00474127987399697304
-0.54000002145767211900 -0.00475174700841307640
-0.52999997138977050800 -0.00475144013762474060
-0.51999998092651367200 -0.00475779408589005470
-0.50999999046325683600 -0.00476102903485298157
-0.50000000000000000000 -0.00474530505016446114
-0.49000000953674316400 -0.00474725291132926941
-0.47999998927116394000 -0.00474565709009766579
-0.46999999880790710400 -0.00472711678594350815
-0.46000000834465026800 -0.00473315594717860222
-0.44999998807907104500 -0.00474530784413218498
-0.43999999761581420900 -0.00474472390487790108
-0.43000000715255737300 -0.00474459910765290260
-0.41999998688697814900 -0.00476275803521275520
-0.40999999642372131300 -0.00474979309365153313
-0.40000000596046447700 -0.00473462510854005814
-0.38999998569488525400 -0.00474704988300800324
-0.37999999523162841800 -0.00473503395915031433
-0.37000000476837158200 -0.00472005689516663551
-0.36000001430511474600 -0.00473521184176206589
-0.34999999403953552200 -0.00473722210153937340
-0.34000000357627868600 -0.00473638391122221947
-0.33000001311302185100 -0.00474889390170574188
-0.31999999284744262700 -0.00475142803043127060
-0.31000000238418579100 -0.00474223494529724121
-0.30000001192092895500 -0.00474001979455351830
-0.28999999165534973100 -0.00473893806338310242
-0.28000000119209289500 -0.00472486997023224831
-0.27000001072883606000 -0.00472340499982237816
-0.25999999046325683600 -0.00472312793135643006
-0.25000000000000000000 -0.00472595682367682457
-0.23999999463558197000 -0.00473698787391185761
-0.23000000417232513400 -0.00473796995356678963
-0.21999999880790710400 -0.00474131293594837189
-0.20999999344348907500 -0.00474163191393017769
-0.20000000298023223900 -0.00473080296069383621
-0.18999999761581420900 -0.00472748791798949242
-0.18000000715255737300 -0.00472443690523505211
-0.17000000178813934300 -0.00471539283171296120
-0.15999999642372131300 -0.00471261609345674515
-0.15000000596046447800 -0.00472658500075340271
-0.14000000059604644800 -0.00472883321344852448
-0.12999999523162841800 -0.00472773797810077667
-0.11999999731779098500 -0.00474226195365190506
-0.10999999940395355200 -0.00473118713125586510
-0.10000000149011611900 -0.00471773603931069374
-0.09000000357627868650 -0.00472760898992419243
-0.07999999821186065670 -0.00471101701259613037
-0.07000000029802322390 -0.00470458902418613434
-0.05999999865889549260 -0.00471962010487914086
-0.05000000074505805970 -0.00471936119720339775
-0.03999999910593032840 -0.00472301710397005081
-0.02999999932944774630 -0.00473090121522545815
-0.01999999955296516420 -0.00473296409472823143
-0.00999999977648258210 -0.00472337007522583008
0.00000000000000000000 -0.00472338404506444931
0.00999999977648258210 -0.00471867481246590614
0.01999999955296516420 -0.00470537692308425903
0.02999999932944774630 -0.00470027513802051544
0.03999999910593032840 -0.00469762086868286133
0.05000000074505805970 -0.00470449822023510933
0.05999999865889549260 -0.00471062678843736649
0.07000000029802322390 -0.00470688100904226303
0.07999999821186065670 -0.00470692198723554611
0.09000000357627868650 -0.00470724795013666153
0.10000000149011611900 -0.00469430489465594292
0.10999999940395355200 -0.00468793511390686035
0.11999999731779098500 -0.00468085613101720810
0.12999999523162841800 -0.00466642901301383972
0.14000000059604644800 -0.00466786883771419525
0.15000000596046447800 -0.00467330915853381157
0.15999999642372131300 -0.00467088399454951286
0.17000000178813934300 -0.00466353911906480789
0.18000000715255737300 -0.00467487191781401634
0.18999999761581420900 -0.00465703196823596954
0.20000000298023223900 -0.00463810004293918610
0.20999999344348907500 -0.00464074593037366867
0.21999999880790710400 -0.00461995881050825119
0.23000000417232513400 -0.00460416590794920921
0.23999999463558197000 -0.00460874708369374275
0.25000000000000000000 -0.00459894817322492600
0.25999999046325683600 -0.00458581419661641121
0.27000001072883606000 -0.00458357296884059906
0.28000000119209289500 -0.00457201013341546059
0.28999999165534973100 -0.00454197684302926064
0.30000001192092895500 -0.00451794499531388283
0.31000000238418579100 -0.00449319696053862572
0.31999999284744262700 -0.00444972002878785134
0.33000001311302185100 -0.00441700778901576996
0.34000000357627868600 -0.00438753422349691391
0.34999999403953552200 -0.00434778910130262375
0.36000001430511474600 -0.00431422609835863114
0.37000000476837158200 -0.00426053488627076149
0.37999999523162841800 -0.00420997897163033486
0.38999998569488525400 -0.00414540199562907219
0.40000000596046447700 -0.00406614178791642189
0.40999999642372131300 -0.00398623198270797730
0.41999998688697814900 -0.00389342894777655602
0.43000000715255737300 -0.00379252899438142777
0.43999999761581420900 -0.00369444792158901692
0.44999998807907104500 -0.00359152699820697308
0.46000000834465026800 -0.00347308698110282421
0.46999999880790710400 -0.00334717193618416786
0.47999998927116394000 -0.00321776908822357655
0.49000000953674316400 -0.00306760892271995545
0.50000000000000000000 -0.00291243707761168480
0.50999999046325683600 -0.00275645405054092407
0.51999998092651367200 -0.00258190603926777840
0.52999997138977050800 -0.00241306889802217484
0.54000002145767211900 -0.00224417098797857761
0.55000001192092895500 -0.00206563505344092846
0.56000000238418579100 -0.00188534404151141644
0.56999999284744262700 -0.00170381704811006784
0.57999998331069946300 -0.00151915696915239096
0.58999997377395629900 -0.00132929801475256681
0.60000002384185791000 -0.00114404503256082535
0.61000001430511474600 -0.00098149513360112906
0.62000000476837158200 -0.00078503391705453396
0.62999999523162841800 -0.00059907831018790603
0.63999998569488525400 -0.00041699581197462976
0.64999997615814209000 -0.00023661050363443792
0.66000002622604370100 -0.00007475527672795579
0.67000001668930053700 0.00005772164877271280
0.68000000715255737300 0.00026557789533399045
0.68999999761581420900 0.00044393699499778450
0.69999998807907104500 0.00061909190844744444
0.70999997854232788100 0.00079256948083639145
0.72000002861022949200 0.00096764840418472886
0.73000001907348632800 0.00113632995635271072
0.74000000953674316400 0.00131949700880795717
0.75000000000000000000 0.00150627398397773504
0.75999999046325683600 0.00169684202410280705
0.76999998092651367200 0.00189177098218351603
0.77999997138977050800 0.00209446600638329983
0.79000002145767211900 0.00230249110609292984
0.80000001192092895500 0.00251535302959382534
0.81000000238418579100 0.00273656588979065418
0.81999999284744262700 0.00296526309102773666
0.82999998331069946300 0.00319850491359829903
0.83999997377395629900 0.00344166695140302181
0.85000002384185791000 0.00369400996714830399
0.86000001430511474600 0.00395466480404138565
0.87000000476837158200 0.00422686384990811348
0.87999999523162841800 0.00450361892580986023
0.88999998569488525400 0.00479107489809393883
0.89999997615814209000 0.00508703617379069328
0.91000002622604370100 0.00538604613393545151
0.92000001668930053700 0.00569441914558410645
0.93000000715255737300 0.00601471913978457451
0.93999999761581420900 0.00633898517116904259
0.94999998807907104500 0.00667705619707703591
0.95999997854232788100 0.00703030219301581383
0.97000002861022949200 0.00738700805231928826
0.98000001907348632800 0.00774775398895144463
0.99000000953674316400 0.00812912918627262116
1.00000000000000000000 0.00850683078169822693
