-1.00000000000000000000 -0.00500437477603554726
-0.99000000953674316400 -0.00500976201146841049
-0.98000001907348632800 -0.00499948300421237946
-0.97000002861022949200 -0.00499992817640304566
-0.95999997854232788100 -0.00499314488843083382
-0.94999998807907104500 -0.00498654320836067200
-0.93999999761581420900 -0.00498342420905828476
-0.93000000715255737300 -0.00498481281101703644
-0.92000001668930053700 -0.00499368319287896156
-0.91000002622604370100 -0.00500378478318452835
-0.89999997615814209000 -0.00500203203409910202
-0.88999998569488525400 -0.00501597998663783074
-0.87999999523162841800 -0.00501467008143663407
-0.87000000476837158200 -0.00499522080644965172
-0.86000001430511474600 -0.00500135822221636772
-0.85000002384185791000 -0.00499502010643482208
-0.83999997377395629900 -0.00497831217944622040
-0.82999998331069946300 -0.00498871412128210068
-0.81999999284744262700 -0.00499508203938603401
-0.81000000238418579100 -0.00499528599902987480
-0.80000001192092895500 -0.00500216381624341011
-0.79000002145767211900 -0.00501545984297990799
-0.77999997138977050800 -0.00500496011227369309
-0.76999998092651367200 -0.00499586900696158409
-0.75999999046325683600 -0.00500408606603741646
-0.75000000000000000000 -0.00498508987948298454
-0.74000000953674316400 -0.00497793499380350113
-0.73000001907348632800 -0.00498588196933269501
-0.72000002861022949200 -0.00498495111241936684
-0.70999997854232788100 -0.00499403523281216622
-0.69999998807907104500 -0.00500087579712271691
-0.68999999761581420900 -0.00500078080222010613
-0.68000000715255737300 -0.00500320596620440483
-0.67000001668930053700 -0.00498883286491036415
-0.66000002622604370100 -0.00498973904177546501
-0.64999997615814209000 -0.00498605379834771156
-0.63999998569488525400 -0.00497151911258697510
-0.62999999523162841800 -0.00497419899329543114
-0.62000000476837158200 -0.00498823216184973717
-0.61000001430511474600 -0.00499193789437413216
-0.60000002384185791000 -0.00498687103390693665
-0.58999997377395629900 -0.00500868121162056923
-0.57999998331069946300 -0.00499999383464455605
-0.56999999284744262700 -0.00498421397060155869
-0.56000000238418579100 -0.00499710207805037499
-0.55000001192092895500 -0.00498520489782094956
-0.54000002145767211900 -0.00496571790426969528
-0.52999997138977050800 -0.00498020416125655174
-0.51999998092651367200 -0.00498651620000600815
-0.50999999046325683600 -0.00496373791247606278
-0.50000000000000000000 -0.00497480016201734543
-0.49000000953674316400 -0.00498150521889328957
-0.47999998927116394000 -0.00497053796425461769
-0.46999999880790710400 -0.00496738078072667122
-0.46000000834465026800 -0.00496845180168747902
-0.44999998807907104500 -0.00495550315827131272
-0.43999999761581420900 -0.00494892196729779244
-0.43000000715255737300 -0.00495107611641287804
-0.41999998688697814900 -0.00494984397664666176
-0.40999999642372131300 -0.00496572814881801605
-0.40000000596046447700 -0.00496376818045973778
-0.38999998569488525400 -0.00496849603950977326
-0.37999999523162841800 -0.00497459108009934426
-0.37000000476837158200 -0.00495651923120021820
-0.36000001430511474600 -0.00494899693876504898
-0.34999999403953552200 -0.00494877202436327934
-0.34000000357627868600 -0.00492836302146315575
-0.33000001311302185100 -0.00493009109050035477
-0.31999999284744262700 -0.00494864396750926972
-0.31000000238418579100 -0.00494703603908419609
-0.30000001192092895500 -0.00494855223223567009
-0.28999999165534973100 -0.00496669393032789230
-0.28000000119209289500 -0.00495431479066610336
-0.27000001072883606000 -0.00493600685149431229
-0.25999999046325683600 -0.00495073711499571800
-0.25000000000000000000 -0.00493405200541019440
-0.23999999463558197000 -0.00491886911913752556
-0.23000000417232513400 -0.00493395281955599785
-0.21999999880790710400 -0.00493263779208064079
-0.20999999344348907500 -0.00495278602465987206
-0.20000000298023223900 -0.00496841501444578171
-0.18999999761581420900 -0.00497339386492967606
-0.18000000715255737300 -0.00496363686397671700
-0.17000000178813934300 -0.00496397120878100395
-0.15999999642372131300 -0.00495964707806706429
-0.15000000596046447800 -0.00494510587304830551
-0.14000000059604644800 -0.00494323996827006340
-0.12999999523162841800 -0.00493955379351973534
-0.11999999731779098500 -0.00494529120624065399
-0.10999999940395355200 -0.00495779095217585564
-0.10000000149011611900 -0.00495492387562990189
-0.09000000357627868650 -0.00496105989441275597
-0.07999999821186065670 -0.00496798986569046974
-0.07000000029802322390 -0.00494672311469912529
-0.05999999865889549260 -0.00494530098512768746
-0.05000000074505805970 -0.00494819693267345429
-0.03999999910593032840 -0.00492206122726202011
-0.02999999932944774630 -0.00492736604064702988
-0.01999999955296516420 -0.00494070909917354584
-0.00999999977648258210 -0.00493790907785296440
0.00000000000000000000 -0.00493486179038882256
0.00999999977648258210 -0.00494962884113192558
0.01999999955296516420 -0.00494605721905827522
0.02999999932944774630 -0.00493242079392075539
0.03999999910593032840 -0.00493921199813485146
0.05000000074505805970 -0.00492732692509889603
0.05999999865889549260 -0.00490627018734812737
0.07000000029802322390 -0.00491242203861474991
0.07999999821186065670 -0.00491666793823242188
0.09000000357627868650 -0.00491273403167724610
0.10000000149011611900 -0.00492720911279320717
0.10999999940395355200 -0.00492084305733442307
0.11999999731779098500 -0.00492134504020214081
0.12999999523162841800 -0.00491805095225572586
0.14000000059604644800 -0.00490770209580659866
0.15000000596046447800 -0.00489478977397084236
0.15999999642372131300 -0.00488855922594666481
0.17000000178813934300 -0.00487653119489550591
0.18000000715255737300 -0.00487645389512181282
0.18999999761581420900 -0.00488696713000535965
0.20000000298023223900 -0.00487812282517552376
0.20999999344348907500 -0.00487653585150837898
0.21999999880790710400 -0.00488635012879967690
0.23000000417232513400 -0.00486580422148108483
0.23999999463558197000 -0.00485886586830019951
0.25000000000000000000 -0.00485463300719857216
0.25999999046325683600 -0.00482328189536929131
0.27000001072883606000 -0.00480550620704889298
0.28000000119209289500 -0.00480711599811911583
0.28999999165534973100 -0.00478576216846704483
0.30000001192092895500 -0.00476912781596183777
0.31000000238418579100 -0.00475837197154760361
0.31999999284744262700 -0.00473282719030976296
0.33000001311302185100 -0.00469463784247636795
0.34000000357627868600 -0.00466495798900723458
0.34999999403953552200 -0.00462029222398996353
0.36000001430511474600 -0.00456000119447708130
0.37000000476837158200 -0.00452031521126627922
0.37999999523162841800 -0.00446216808632016182
0.38999998569488525400 -0.00440070312470197678
0.40000000596046447700 -0.00434108497574925423
0.40999999642372131300 -0.00426169717684388161
0.41999998688697814900 -0.00417758896946907044
0.43000000715255737300 -0.00408443110063672066
0.43999999761581420900 -0.00397094013169407845
0.44999998807907104500 -0.00385486590676009655
0.46000000834465026800 -0.00372994295321404934
0.46999999880790710400 -0.00358992605470120907
0.47999998927116394000 -0.00345424702391028404
0.49000000953674316400 -0.00331276096403598786
0.50000000000000000000 -0.00315586710348725319
0.50999999046325683600 -0.00299446308054029942
0.51999998092651367200 -0.00282733305357396603
0.52999997138977050800 -0.00264187902212142944
0.54000002145767211900 -0.00245637400075793266
0.55000001192092895500 -0.00226953905075788498
0.56000000238418579100 -0.00206927093677222729
0.56999999284744262700 -0.00187205395195633173
0.57999998331069946300 -0.00167778402101248503
0.58999997377395629900 -0.00147709494922310114
0.60000002384185791000 -0.00127662497106939554
0.61000001430511474600 -0.00107673404272645712
0.62000000476837158200 -0.00089123507495969534
0.62999999523162841800 -0.00067931681405752897
0.63999998569488525400 -0.00047717080451548100
0.64999997615814209000 -0.00027382880216464400
0.66000002622604370100 -0.00008604204049333930
0.67000001668930053700 0.00010272330109728500
0.68000000715255737300 0.00030746619449928403
0.68999999761581420900 0.00050842430209740996
0.69999998807907104500 0.00070748641155660152
0.70999997854232788100 0.00090699031716212630
0.72000002861022949200 0.00109560403507202864
0.73000001907348632800 0.00130088103469461203
0.74000000953674316400 0.00150470004882663488
0.75000000000000000000 0.00171107903588563204
0.75999999046325683600 0.00192122394219040871
0.76999998092651367200 0.00213285605423152447
0.77999997138977050800 0.00234823697246611118
0.79000002145767211900 0.00257114111445844174
0.80000001192092895500 0.00279702199622988701
0.81000000238418579100 0.00302969501353800297
0.81999999284744262700 0.00327018392272293568
0.82999998331069946300 0.00351399905048310757
0.83999997377395629900 0.00376557605341076851
0.85000002384185791000 0.00402361620217561722
0.86000001430511474600 0.00428537512198090553
0.87000000476837158200 0.00455502793192863464
0.87999999523162841800 0.00483202794566750527
0.88999998569488525400 0.00511428015306591988
0.89999997615814209000 0.00540752522647380829
0.91000002622604370100 0.00571134686470031738
0.92000001668930053700 0.00601802207529544830
0.93000000715255737300 0.00633227219805121422
0.93999999761581420900 0.00666224397718906403
0.94999998807907104500 0.00698398007079958916
0.95999997854232788100 0.00731989322230219841
0.97000002861022949200 0.00766759412363171578
0.98000001907348632800 0.00800860580056905747
0.99000000953674316400 0.00836672540754079819
1.00000000000000000000 0.00874271988868713379
