-1.00000000000000000000 -0.00499893678352236748
-0.99000000953674316400 -0.00499259494245052338
-0.98000001907348632800 -0.00497568305581808090
-0.97000002861022949200 -0.00499005708843469620
-0.95999997854232788100 -0.00497868889942765236
-0.94999998807907104500 -0.00495647313073277474
-0.93999999761581420900 -0.00497461203485727310
-0.93000000715255737300 -0.00497579015791416168
-0.92000001668930053700 -0.00497536081820726395
-0.91000002622604370100 -0.00498969992622733116
-0.89999997615814209000 -0.00498811388388276100
-0.88999998569488525400 -0.00498825777322053909
-0.87999999523162841800 -0.00498443096876144409
-0.87000000476837158200 -0.00498058414086699486
-0.86000001430511474600 -0.00497178081423044205
-0.85000002384185791000 -0.00496412394568324089
-0.83999997377395629900 -0.00496313907206058502
-0.82999998331069946300 -0.00496754702180624008
-0.81999999284744262700 -0.00498174596577882767
-0.81000000238418579100 -0.00497777201235294342
-0.80000001192092895500 -0.00498495995998382569
-0.79000002145767211900 -0.00499471602961421013
-0.77999997138977050800 -0.00497644301503896713
-0.76999998092651367200 -0.00497837085276842117
-0.75999999046325683600 -0.00497704604640603066
-0.75000000000000000000 -0.00495430920273065567
-0.74000000953674316400 -0.00495863705873489380
-0.73000001907348632800 -0.00497316522523760796
-0.72000002861022949200 -0.00497007602825760842
-0.70999997854232788100 -0.00497782882302999497
-0.69999998807907104500 -0.00498640397563576698
-0.68999999761581420900 -0.00498404214158654213
-0.68000000715255737300 -0.00497293192893266678
-0.67000001668930053700 -0.00498257996514439583
-0.66000002622604370100 -0.00496750092133879662
-0.64999997615814209000 -0.00495028216391801834
-0.63999998569488525400 -0.00495957816019654274
-0.62999999523162841800 -0.00495954602956771851
-0.62000000476837158200 -0.00496596796438097954
-0.61000001430511474600 -0.00497568584978580475
-0.60000002384185791000 -0.00497746979817748070
-0.58999997377395629900 -0.00497512007132172585
-0.57999998331069946300 -0.00497663905844092369
-0.56999999284744262700 -0.00496992003172636032
-0.56000000238418579100 -0.00496377982199192047
-0.55000001192092895500 -0.00495390407741069794
-0.54000002145767211900 -0.00495124887675046921
-0.52999997138977050800 -0.00496186409145593643
-0.51999998092651367200 -0.00497116893529891968
-0.50999999046325683600 -0.00497007183730602265
-0.50000000000000000000 -0.00497563602402806282
-0.49000000953674316400 -0.00498524121940135956
-0.47999998927116394000 -0.00497068697586655617
-0.46999999880790710400 -0.00497234100475907326
-0.46000000834465026800 -0.00497301481664180756
-0.44999998807907104500 -0.00494928192347288132
-0.43999999761581420900 -0.00495809409767389298
-0.43000000715255737300 -0.00496687600389122963
-0.41999998688697814900 -0.00496965693309903145
-0.40999999642372131300 -0.00497249001637101174
-0.40000000596046447700 -0.00498523190617561340
-0.38999998569488525400 -0.00498053990304470062
-0.37999999523162841800 -0.00497595593333244324
-0.37000000476837158200 -0.00497761787846684456
-0.36000001430511474600 -0.00496439589187502861
-0.34999999403953552200 -0.00494915107265114784
-0.34000000357627868600 -0.00495391385629773140
-0.33000001311302185100 -0.00495422398671507836
-0.31999999284744262700 -0.00495993206277489662
-0.31000000238418579100 -0.00496952608227729798
-0.30000001192092895500 -0.00496485782787203789
-0.28999999165534973100 -0.00497530680149793625
-0.28000000119209289500 -0.00496862176805734635
-0.27000001072883606000 -0.00496298400685191155
-0.25999999046325683600 -0.00495890993624925614
-0.25000000000000000000 -0.00494414893910288811
-0.23999999463558197000 -0.00494122505187988281
-0.23000000417232513400 -0.00495141791179776192
-0.21999999880790710400 -0.00496067199856042862
-0.20999999344348907500 -0.00495451409369707108
-0.20000000298023223900 -0.00496685691177845001
-0.18999999761581420900 -0.00496934121474623680
-0.18000000715255737300 -0.00495425099506974220
-0.17000000178813934300 -0.00495691178366541863
-0.15999999642372131300 -0.00495416997000575066
-0.15000000596046447800 -0.00493012089282274246
-0.14000000059604644800 -0.00493464805185794830
-0.12999999523162841800 -0.00494451122358441353
-0.11999999731779098500 -0.00494210002943873406
-0.10999999940395355200 -0.00495490292087197304
-0.10000000149011611900 -0.00495466403663158417
-0.09000000357627868650 -0.00495602609589695931
-0.07999999821186065670 -0.00495300302281975746
-0.07000000029802322390 -0.00494825281202793122
-0.05999999865889549260 -0.00493341498076915741
-0.05000000074505805970 -0.00492460001260042191
-0.03999999910593032840 -0.00492340512573719025
-0.02999999932944774630 -0.00492130406200885773
-0.01999999955296516420 -0.00493786484003067017
-0.00999999977648258210 -0.00493699917569756508
0.00000000000000000000 -0.00493635004386305809
0.00999999977648258210 -0.00494525814428925514
0.01999999955296516420 -0.00494415499269962311
0.02999999932944774630 -0.00492813298478722572
0.03999999910593032840 -0.00492853717878460884
0.05000000074505805970 -0.00491943722590804100
0.05999999865889549260 -0.00490602711215615273
0.07000000029802322390 -0.00491279596462845802
0.07999999821186065670 -0.00491882208734750748
0.09000000357627868650 -0.00491569796577095986
0.10000000149011611900 -0.00491960300132632256
0.10999999940395355200 -0.00492887292057275772
0.11999999731779098500 -0.00490941293537616730
0.12999999523162841800 -0.00490448577329516411
0.14000000059604644800 -0.00490411603823304176
0.15000000596046447800 -0.00487977080047130585
0.15999999642372131300 -0.00487584993243217468
0.17000000178813934300 -0.00487752398476004601
0.18000000715255737300 -0.00487620709463953972
0.18999999761581420900 -0.00488165812566876412
0.20000000298023223900 -0.00487878918647766113
0.20999999344348907500 -0.00487266713753342629
0.21999999880790710400 -0.00486517604440450668
0.23000000417232513400 -0.00484694493934512139
0.23999999463558197000 -0.00483667710795998573
0.25000000000000000000 -0.00481769489124417305
0.25999999046325683600 -0.00479719787836074829
0.27000001072883606000 -0.00478578591719269753
0.28000000119209289500 -0.00478299986571073532
0.28999999165534973100 -0.00476717203855514527
0.30000001192092895500 -0.00474174320697784424
0.31000000238418579100 -0.00473763188347220421
0.31999999284744262700 -0.00469980016350746155
0.33000001311302185100 -0.00465619796887040138
0.34000000357627868600 -0.00463121384382247925
0.34999999403953552200 -0.00457057217136025429
0.36000001430511474600 -0.00451493915170431137
0.37000000476837158200 -0.00447966391220688820
0.37999999523162841800 -0.00442275777459144592
0.38999998569488525400 -0.00435519590973854065
0.40000000596046447700 -0.00429360009729862213
0.40999999642372131300 -0.00421127583831548691
0.41999998688697814900 -0.00411356519907712937
0.43000000715255737300 -0.00402033701539039612
0.43999999761581420900 -0.00390854803845286369
0.44999998807907104500 -0.00378071190789341927
0.46000000834465026800 -0.00366005091927945614
0.46999999880790710400 -0.00352637493051588535
0.47999998927116394000 -0.00338608608581125736
0.49000000953674316400 -0.00324672809801995754
0.50000000000000000000 -0.00308629311621189118
0.50999999046325683600 -0.00292474194429814816
0.51999998092651367200 -0.00275510596111416817
0.52999997138977050800 -0.00257490295916795731
0.54000002145767211900 -0.00239260098896920681
0.55000001192092895500 -0.00220511108636856079
0.56000000238418579100 -0.00201562093570828438
0.56999999284744262700 -0.00182604498695582151
0.57999998331069946300 -0.00163907604292035103
0.58999997377395629900 -0.00144438899587839842
0.60000002384185791000 -0.00125179998576641083
0.61000001430511474600 -0.00106189597863703966
0.62000000476837158200 -0.00088611431419849396
0.62999999523162841800 -0.00068519078195095062
0.63999998569488525400 -0.00049482868053019047
0.64999997615814209000 -0.00030465438612736762
0.66000002622604370100 -0.00011615989933488891
0.67000001668930053700 0.00005523331128642894
0.68000000715255737300 0.00022486300440505147
0.68999999761581420900 0.00041309860534965992
0.69999998807907104500 0.00059649767354130745
0.70999997854232788100 0.00077803438762202859
0.72000002861022949200 0.00095983961364254355
0.73000001907348632800 0.00113089196383953095
0.74000000953674316400 0.00131849700119346380
0.75000000000000000000 0.00150654604658484459
0.75999999046325683600 0.00169707299210131168
0.76999998092651367200 0.00188960705418139696
0.77999997138977050800 0.00208729598671197891
0.79000002145767211900 0.00229100091382861137
0.80000001192092895500 0.00249795708805322647
0.81000000238418579100 0.00271102692931890488
0.81999999284744262700 0.00293208891525864601
0.82999998331069946300 0.00315571296960115433
0.83999997377395629900 0.00338475801981985569
0.85000002384185791000 0.00362391001544892788
0.86000001430511474600 0.00386589695699512959
0.87000000476837158200 0.00411284295842051506
0.87999999523162841800 0.00437395600602030754
0.88999998569488525400 0.00463807303458452225
0.89999997615814209000 0.00490981992334127426
0.91000002622604370100 0.00519336201250553131
0.92000001668930053700 0.00547950388863682747
0.93000000715255737300 0.00577273312956094742
0.93999999761581420900 0.00607377896085381508
0.94999998807907104500 0.00638104882091283798
0.95999997854232788100 0.00669238902628421784
0.97000002861022949200 0.00701395422220230103
0.98000001907348632800 0.00734421797096729279
0.99000000953674316400 0.00768391508609056473
1.00000000000000000000 0.00803614780306816101
