-1.00000000000000000000 -0.00486508198082447052
-0.99000000953674316400 -0.00486610177904367447
-0.98000001907348632800 -0.00487294886261224747
-0.97000002861022949200 -0.00488144112750887871
-0.95999997854232788100 -0.00487841106951236725
-0.94999998807907104500 -0.00487427413463592529
-0.93999999761581420900 -0.00487768277525901795
-0.93000000715255737300 -0.00486438395455479622
-0.92000001668930053700 -0.00484901620075106621
-0.91000002622604370100 -0.00485812313854694367
-0.89999997615814209000 -0.00485906796529889107
-0.88999998569488525400 -0.00486796721816062927
-0.87999999523162841800 -0.00487335817888379097
-0.87000000476837158200 -0.00487025501206517220
-0.86000001430511474600 -0.00487647904083132744
-0.85000002384185791000 -0.00486864103004336357
-0.83999997377395629900 -0.00486575299873948097
-0.82999998331069946300 -0.00486274715512990952
-0.81999999284744262700 -0.00485909217968583107
-0.81000000238418579100 -0.00486014084890484810
-0.80000001192092895500 -0.00487391510978341103
-0.79000002145767211900 -0.00487816380336880684
-0.77999997138977050800 -0.00487458286806941033
-0.76999998092651367200 -0.00489076878875494003
-0.75999999046325683600 -0.00488574197515845299
-0.75000000000000000000 -0.00486824894323945046
-0.74000000953674316400 -0.00488710496574640274
-0.73000001907348632800 -0.00487936893478035927
-0.72000002861022949200 -0.00486139301210641861
-0.70999997854232788100 -0.00487944390624761582
-0.69999998807907104500 -0.00488095777109265328
-0.68999999761581420900 -0.00487928092479705811
-0.68000000715255737300 -0.00489497510716319084
-0.67000001668930053700 -0.00490864412859082222
-0.66000002622604370100 -0.00490191206336021424
-0.64999997615814209000 -0.00489778816699981690
-0.63999998569488525400 -0.00489845918491482735
-0.62999999523162841800 -0.00488137593492865563
-0.62000000476837158200 -0.00488107977434992790
-0.61000001430511474600 -0.00488675804808735848
-0.60000002384185791000 -0.00488503510132431984
-0.58999997377395629900 -0.00490255188196897507
-0.57999998331069946300 -0.00489888386800885201
-0.56999999284744262700 -0.00490367691963911057
-0.56000000238418579100 -0.00490515120327472687
-0.55000001192092895500 -0.00489357300102710724
-0.54000002145767211900 -0.00489016482606530190
-0.52999997138977050800 -0.00488795200362801552
-0.51999998092651367200 -0.00487974984571337700
-0.50999999046325683600 -0.00487633701413869858
-0.50000000000000000000 -0.00489405589178204537
-0.49000000953674316400 -0.00489248894155025482
-0.47999998927116394000 -0.00489411689341068268
-0.46999999880790710400 -0.00490935891866683960
-0.46000000834465026800 -0.00490034092217683792
-0.44999998807907104500 -0.00488557294011116028
-0.43999999761581420900 -0.00489391200244426727
-0.43000000715255737300 -0.00487515702843666077
-0.41999998688697814900 -0.00487420195713639260
-0.40999999642372131300 -0.00488585093989968300
-0.40000000596046447700 -0.00488743605092167854
-0.38999998569488525400 -0.00488794501870870590
-0.37999999523162841800 -0.00489990413188934326
-0.37000000476837158200 -0.00490584596991539002
-0.36000001430511474600 -0.00489146402105689049
-0.34999999403953552200 -0.00489480700343847275
-0.34000000357627868600 -0.00488743977621197701
-0.33000001311302185100 -0.00486589595675468445
-0.31999999284744262700 -0.00487192906439304352
-0.31000000238418579100 -0.00487518589943647385
-0.30000001192092895500 -0.00487543595954775810
-0.28999999165534973100 -0.00487942295148968697
-0.28000000119209289500 -0.00487848278135061264
-0.27000001072883606000 -0.00487814191728830338
-0.25999999046325683600 -0.00487685389816761017
-0.25000000000000000000 -0.00487031321972608566
-0.23999999463558197000 -0.00486505078151822090
-0.23000000417232513400 -0.00485473079606890679
-0.21999999880790710400 -0.00483906222507357598
-0.20999999344348907500 -0.00484854914247989655
-0.20000000298023223900 -0.00485615292564034462
-0.18999999761581420900 -0.00485539622604846954
-0.18000000715255737300 -0.00486074388027191162
-0.17000000178813934300 -0.00486748619005084038
-0.15999999642372131300 -0.00485056499019265175
-0.15000000596046447800 -0.00485379900783300400
-0.14000000059604644800 -0.00484293885529041290
-0.12999999523162841800 -0.00481934100389480591
-0.11999999731779098500 -0.00482816295698285103
-0.10999999940395355200 -0.00483460212126374245
-0.10000000149011611900 -0.00483496906235814095
-0.09000000357627868650 -0.00484194094315171242
-0.07999999821186065670 -0.00485060596838593483
-0.07000000029802322390 -0.00483393296599388123
-0.05999999865889549260 -0.00482883211225271225
-0.05000000074505805970 -0.00482869520783424378
-0.03999999910593032840 -0.00481681711971759796
-0.02999999932944774630 -0.00480583216995000839
-0.01999999955296516420 -0.00480507314205169678
-0.00999999977648258210 -0.00480636814609169960
0.00000000000000000000 -0.00481191277503967285
0.00999999977648258210 -0.00481850514188408852
0.01999999955296516420 -0.00481222989037632942
0.02999999932944774630 -0.00481706112623214722
0.03999999910593032840 -0.00481636403128504753
0.05000000074505805970 -0.00480420188978314400
0.05999999865889549260 -0.00479657901450991631
0.07000000029802322390 -0.00478609092533588410
0.07999999821186065670 -0.00478808023035526276
0.09000000357627868650 -0.00479054497554898262
0.10000000149011611900 -0.00480181584134697914
0.10999999940395355200 -0.00479557598009705544
0.11999999731779098500 -0.00479684676975011826
0.12999999523162841800 -0.00480647198855876923
0.14000000059604644800 -0.00478931888937950134
0.15000000596046447800 -0.00478164618834853172
0.15999999642372131300 -0.00477895420044660568
0.17000000178813934300 -0.00475280778482556343
0.18000000715255737300 -0.00474875699728727341
0.18999999761581420900 -0.00475939409807324410
0.20000000298023223900 -0.00475002918392419815
0.20999999344348907500 -0.00475352909415960312
0.21999999880790710400 -0.00475212000310420990
0.23000000417232513400 -0.00474587222561240196
0.23999999463558197000 -0.00472794007509946823
0.25000000000000000000 -0.00472346600145101547
0.25999999046325683600 -0.00470132892951369286
0.27000001072883606000 -0.00466987816616892815
0.28000000119209289500 -0.00466274097561836243
0.28999999165534973100 -0.00464767497032880783
0.30000001192092895500 -0.00463414797559380531
0.31000000238418579100 -0.00461772503331303597
0.31999999284744262700 -0.00459130201488733292
0.33000001311302185100 -0.00456711882725358010
0.34000000357627868600 -0.00452989805489778519
0.34999999403953552200 -0.00448599085211753845
0.36000001430511474600 -0.00444047898054122925
0.37000000476837158200 -0.00437874300405383110
0.37999999523162841800 -0.00431698793545365334
0.38999998569488525400 -0.00426451116800308228
0.40000000596046447700 -0.00419750111177563667
0.40999999642372131300 -0.00411908514797687531
0.41999998688697814900 -0.00403807591646909714
0.43000000715255737300 -0.00394416879862546921
0.43999999761581420900 -0.00382590107619762421
0.44999998807907104500 -0.00371773610822856426
0.46000000834465026800 -0.00359397009015083313
0.46999999880790710400 -0.00344980694353580475
0.47999998927116394000 -0.00331977591849863529
0.49000000953674316400 -0.00317385001108050346
0.50000000000000000000 -0.00301750097423791885
0.50999999046325683600 -0.00286124600097537041
0.51999998092651367200 -0.00269486405886709690
0.52999997138977050800 -0.00251661706715822220
0.54000002145767211900 -0.00233661406673491001
0.55000001192092895500 -0.00215103500522673130
0.56000000238418579100 -0.00195748289115726948
0.56999999284744262700 -0.00176440703216940165
0.57999998331069946300 -0.00157235399819910526
0.58999997377395629900 -0.00137865694705396891
0.60000002384185791000 -0.00118729600217193365
0.61000001430511474600 -0.00100639404263347387
0.62000000476837158200 -0.00080159021308645606
0.62999999523162841800 -0.00060741417109966278
0.63999998569488525400 -0.00041409279219806194
0.64999997615814209000 -0.00022102129878476262
0.66000002622604370100 -0.00004212935891700909
0.67000001668930053700 0.00013862950436305255
0.68000000715255737300 0.00033217651071026921
0.68999999761581420900 0.00052126630907878280
0.69999998807907104500 0.00070975738344714046
0.70999997854232788100 0.00089759018737822771
0.72000002861022949200 0.00107534194830805063
0.73000001907348632800 0.00126811699010431767
0.74000000953674316400 0.00145949004217982292
0.75000000000000000000 0.00165324995759874582
0.75999999046325683600 0.00184967799577862024
0.76999998092651367200 0.00204846705310046673
0.77999997138977050800 0.00225120899267494679
0.79000002145767211900 0.00245888810604810715
0.80000001192092895500 0.00267053302377462387
0.81000000238418579100 0.00288866600021719933
0.81999999284744262700 0.00311452895402908325
0.82999998331069946300 0.00334286596626043320
0.83999997377395629900 0.00357864890247583389
0.85000002384185791000 0.00382017809897661209
0.86000001430511474600 0.00406406819820404053
0.87000000476837158200 0.00431786617264151573
0.87999999523162841800 0.00457517383620142937
0.88999998569488525400 0.00484068877995014191
0.89999997615814209000 0.00511621078476309776
0.91000002622604370100 0.00539895193651318550
0.92000001668930053700 0.00568456994369626045
0.93000000715255737300 0.00598010607063770294
0.93999999761581420900 0.00628414889797568321
0.94999998807907104500 0.00658565014600753784
0.95999997854232788100 0.00690107094123959542
0.97000002861022949200 0.00722160516306757927
0.98000001907348632800 0.00754088722169399262
0.99000000953674316400 0.00787927210330963135
1.00000000000000000000 0.00822397880256175995
