-1.00000000000000000000 -0.00451261410489678383
-0.99000000953674316400 -0.00451352307572960854
-0.98000001907348632800 -0.00452787894755601883
-0.97000002861022949200 -0.00452790688723325730
-0.95999997854232788100 -0.00452789478003978729
-0.94999998807907104500 -0.00455374596640467644
-0.93999999761581420900 -0.00454687979072332382
-0.93000000715255737300 -0.00453086989000439644
-0.92000001668930053700 -0.00454415101557970047
-0.91000002622604370100 -0.00453091086819767952
-0.89999997615814209000 -0.00451823184266686440
-0.88999998569488525400 -0.00453370297327637673
-0.87999999523162841800 -0.00453460402786731720
-0.87000000476837158200 -0.00454501388594508171
-0.86000001430511474600 -0.00455853994935750961
-0.85000002384185791000 -0.00456420378759503365
-0.83999997377395629900 -0.00455184793099761009
-0.82999998331069946300 -0.00454976689070463181
-0.81999999284744262700 -0.00455097109079360962
-0.81000000238418579100 -0.00453568482771515846
-0.80000001192092895500 -0.00453524896875023842
-0.79000002145767211900 -0.00453389296308159828
-0.77999997138977050800 -0.00453633302822709084
-0.76999998092651367200 -0.00454493518918752670
-0.75999999046325683600 -0.00454777386039495468
-0.75000000000000000000 -0.00454762997105717659
-0.74000000953674316400 -0.00454980088397860527
-0.73000001907348632800 -0.00453457096591591835
-0.72000002861022949200 -0.00453790882602334023
-0.70999997854232788100 -0.00453399680554866791
-0.69999998807907104500 -0.00451941788196563721
-0.68999999761581420900 -0.00452493689954280853
-0.68000000715255737300 -0.00453694583848118782
-0.67000001668930053700 -0.00453603221103549004
-0.66000002622604370100 -0.00453530298545956612
-0.64999997615814209000 -0.00455274013802409172
-0.63999998569488525400 -0.00453926296904683113
-0.62999999523162841800 -0.00453057093545794487
-0.62000000476837158200 -0.00453910790383815766
-0.61000001430511474600 -0.00452037481591105461
-0.60000002384185791000 -0.00451723206788301468
-0.58999997377395629900 -0.00452689081430435181
-0.57999998331069946300 -0.00452853878960013390
-0.56999999284744262700 -0.00453637819737195969
-0.56000000238418579100 -0.00455278810113668442
-0.55000001192092895500 -0.00455145305022597313
-0.54000002145767211900 -0.00454396521672606468
-0.52999997138977050800 -0.00454770913347601891
-0.51999998092651367200 -0.00454101897776126862
-0.50999999046325683600 -0.00452325586229562760
-0.50000000000000000000 -0.00452825007960200310
-0.49000000953674316400 -0.00453123077750205994
-0.47999998927116394000 -0.00453358097001910210
-0.46999999880790710400 -0.00454718293622136116
-0.46000000834465026800 -0.00454521784558892250
-0.44999998807907104500 -0.00454834802076220513
-0.43999999761581420900 -0.00454784184694290161
-0.43000000715255737300 -0.00453920383006334305
-0.41999998688697814900 -0.00453752279281616211
-0.40999999642372131300 -0.00452810712158679962
-0.40000000596046447700 -0.00452397903427481651
-0.38999998569488525400 -0.00452792318537831307
-0.37999999523162841800 -0.00454364577308297157
-0.37000000476837158200 -0.00454309908673167229
-0.36000001430511474600 -0.00454488908872008324
-0.34999999403953552200 -0.00455847801640629769
-0.34000000357627868600 -0.00454566581174731255
-0.33000001311302185100 -0.00454055191949009895
-0.31999999284744262700 -0.00454354099929332733
-0.31000000238418579100 -0.00452225608751177788
-0.30000001192092895500 -0.00451798504218459129
-0.28999999165534973100 -0.00453407596796751022
-0.28000000119209289500 -0.00452996511012315750
-0.27000001072883606000 -0.00453286012634634972
-0.25999999046325683600 -0.00454439409077167511
-0.25000000000000000000 -0.00454180315136909485
-0.23999999463558197000 -0.00452740583568811417
-0.23000000417232513400 -0.00453822314739227295
-0.21999999880790710400 -0.00452613085508346558
-0.20999999344348907500 -0.00450266199186444283
-0.20000000298023223900 -0.00452031614258885384
-0.18999999761581420900 -0.00451705884188413620
-0.18000000715255737300 -0.00451709097251296044
-0.17000000178813934300 -0.00452864216640591622
-0.15999999642372131300 -0.00452807499095797539
-0.15000000596046447800 -0.00452470779418945313
-0.14000000059604644800 -0.00452357111498713494
-0.12999999523162841800 -0.00451731402426958084
-0.11999999731779098500 -0.00450795004144310951
-0.10999999940395355200 -0.00450149178504943848
-0.10000000149011611900 -0.00450260005891323090
-0.09000000357627868650 -0.00450329110026359558
-0.07999999821186065670 -0.00451177218928933144
-0.07000000029802322390 -0.00451349886134266853
-0.05999999865889549260 -0.00451193610206246376
-0.05000000074505805970 -0.00451974989846348763
-0.03999999910593032840 -0.00450106710195541382
-0.02999999932944774630 -0.00449861586093902588
-0.01999999955296516420 -0.00449550105258822441
-0.00999999977648258210 -0.00447742687538266182
0.00000000000000000000 -0.00448053888976573944
0.00999999977648258210 -0.00448855897411704064
0.01999999955296516420 -0.00448430189862847328
0.02999999932944774630 -0.00447279307991266251
0.03999999910593032840 -0.00448379479348659516
0.05000000074505805970 -0.00447155302390456200
0.05999999865889549260 -0.00445598922669887543
0.07000000029802322390 -0.00446370616555213928
0.07999999821186065670 -0.00444974098354578018
0.09000000357627868650 -0.00442731194198131561
0.10000000149011611900 -0.00442803511396050453
0.10999999940395355200 -0.00442461203783750534
0.11999999731779098500 -0.00441693095490336418
0.12999999523162841800 -0.00442244298756122589
0.14000000059604644800 -0.00441515911370515824
0.15000000596046447800 -0.00440661190077662468
0.15999999642372131300 -0.00439338991418480873
0.17000000178813934300 -0.00438145501539111138
0.18000000715255737300 -0.00435190089046955109
0.18999999761581420900 -0.00433006091043353081
0.20000000298023223900 -0.00431900285184383392
0.20999999344348907500 -0.00430203182622790337
0.21999999880790710400 -0.00429756287485361099
0.23000000417232513400 -0.00427155988290905953
0.23999999463558197000 -0.00425469409674406052
0.25000000000000000000 -0.00423190509900450707
0.25999999046325683600 -0.00418859021738171578
0.27000001072883606000 -0.00415643118321895600
0.28000000119209289500 -0.00411815894767642021
0.28999999165534973100 -0.00406446307897567749
0.30000001192092895500 -0.00402261689305305481
0.31000000238418579100 -0.00398557493463158608
0.31999999284744262700 -0.00393037404865026474
0.33000001311302185100 -0.00387345394119620323
0.34000000357627868600 -0.00382021209225058556
0.34999999403953552200 -0.00374187901616096497
0.36000001430511474600 -0.00365594704635441303
0.37000000476837158200 -0.00358367594890296459
0.37999999523162841800 -0.00348741398192942143
0.38999998569488525400 -0.00338630005717277527
0.40000000596046447700 -0.00329431705176830292
0.40999999642372131300 -0.00318917492404580116
0.41999998688697814900 -0.00308195897378027439
0.43000000715255737300 -0.00297398888505995274
0.43999999761581420900 -0.00285639590583741665
0.44999998807907104500 -0.00272869993932545185
0.46000000834465026800 -0.00259943003766238690
0.46999999880790710400 -0.00246576103381812573
0.47999998927116394000 -0.00232008588500320911
0.49000000953674316400 -0.00217946292832493782
0.50000000000000000000 -0.00204008398577570915
0.50999999046325683600 -0.00189967802725732327
0.51999998092651367200 -0.00176014995668083429
0.52999997138977050800 -0.00161416304763406515
0.54000002145767211900 -0.00147001200821250677
0.55000001192092895500 -0.00132701895199716091
0.56000000238418579100 -0.00117865204811096191
0.56999999284744262700 -0.00103380496148020029
0.57999998331069946300 -0.00092781952116638422
0.58999997377395629900 -0.00076494901441037655
0.60000002384185791000 -0.00061958981677889824
0.61000001430511474600 -0.00047839811304584146
0.62000000476837158200 -0.00033755879849195480
0.62999999523162841800 -0.00020218300051055849
0.63999998569488525400 -0.00008826453267829493
0.64999997615814209000 0.00002391808084212244
0.66000002622604370100 0.00016838239389471710
0.67000001668930053700 0.00030737629276700318
0.68000000715255737300 0.00044208019971847534
0.68999999761581420900 0.00057593657402321696
0.69999998807907104500 0.00071043317439034581
0.70999997854232788100 0.00084592169150710106
0.72000002861022949200 0.00098411506041884422
0.73000001907348632800 0.00110928295180201530
0.74000000953674316400 0.00125904905144125223
0.75000000000000000000 0.00141003297176212072
0.75999999046325683600 0.00156448595225811005
0.76999998092651367200 0.00172041705809533596
0.77999997138977050800 0.00188365601934492588
0.79000002145767211900 0.00205164193175733090
0.80000001192092895500 0.00222235405817627907
0.81000000238418579100 0.00240242900326848030
0.81999999284744262700 0.00259171193465590477
0.82999998331069946300 0.00278314598836004734
0.83999997377395629900 0.00298245507292449474
0.85000002384185791000 0.00319289090111851692
0.86000001430511474600 0.00340091390535235405
0.87000000476837158200 0.00361565290950238705
0.87999999523162841800 0.00384557899087667465
0.88999998569488525400 0.00407086499035358429
0.89999997615814209000 0.00430680112913250923
0.91000002622604370100 0.00456000678241252899
0.92000001668930053700 0.00481267878785729408
0.93000000715255737300 0.00507452804595232010
0.93999999761581420900 0.00534800812602043152
0.94999998807907104500 0.00562318600714206696
0.95999997854232788100 0.00589953083544969559
0.97000002861022949200 0.00619156192988157273
0.98000001907348632800 0.00648111384361982346
0.99000000953674316400 0.00676950579509139061
1.00000000000000000000 0.00708602322265505791
