-1.00000000000000000000 -0.00477114785462617874
-0.99000000953674316400 -0.00475511280819773674
-0.98000001907348632800 -0.00476854899898171425
-0.97000002861022949200 -0.00477004097774624825
-0.95999997854232788100 -0.00477499281987547875
-0.94999998807907104500 -0.00478441081941127777
-0.93999999761581420900 -0.00478553678840398789
-0.93000000715255737300 -0.00478284200653433800
-0.92000001668930053700 -0.00477448105812072754
-0.91000002622604370100 -0.00477094296365976334
-0.89999997615814209000 -0.00476454803720116615
-0.88999998569488525400 -0.00476086186245083809
-0.87999999523162841800 -0.00476146489381790161
-0.87000000476837158200 -0.00476938998326659203
-0.86000001430511474600 -0.00477831717580556870
-0.85000002384185791000 -0.00477326288819313049
-0.83999997377395629900 -0.00479103485122323036
-0.82999998331069946300 -0.00478280382230877876
-0.81999999284744262700 -0.00476966286078095436
-0.81000000238418579100 -0.00477206520736217499
-0.80000001192092895500 -0.00475914822891354561
-0.79000002145767211900 -0.00475339777767658234
-0.77999997138977050800 -0.00475859083235263825
-0.76999998092651367200 -0.00476932618767023087
-0.75999999046325683600 -0.00476592406630516052
-0.75000000000000000000 -0.00477832509204745293
-0.74000000953674316400 -0.00477901985868811608
-0.73000001907348632800 -0.00476697180420160294
-0.72000002861022949200 -0.00477183610200881958
-0.70999997854232788100 -0.00476622208952903748
-0.69999998807907104500 -0.00474435277283191681
-0.68999999761581420900 -0.00475563295185565949
-0.68000000715255737300 -0.00475931819528341294
-0.67000001668930053700 -0.00475764088332653046
-0.66000002622604370100 -0.00477325823158025742
-0.64999997615814209000 -0.00477478420361876488
-0.63999998569488525400 -0.00477472878992557526
-0.62999999523162841800 -0.00477398419752717018
-0.62000000476837158200 -0.00477366894483566284
-0.61000001430511474600 -0.00476082693785429001
-0.60000002384185791000 -0.00475330976769328118
-0.58999997377395629900 -0.00475905602797865868
-0.57999998331069946300 -0.00475661316886544228
-0.56999999284744262700 -0.00477372901514172554
-0.56000000238418579100 -0.00477370107546448708
-0.55000001192092895500 -0.00477369781583547592
-0.54000002145767211900 -0.00478189578279852867
-0.52999997138977050800 -0.00477259280160069466
-0.51999998092651367200 -0.00477221794426441193
-0.50999999046325683600 -0.00477027799934148789
-0.50000000000000000000 -0.00475406087934970856
-0.49000000953674316400 -0.00474928878247737885
-0.47999998927116394000 -0.00476659601554274559
-0.46999999880790710400 -0.00476639298722147942
-0.46000000834465026800 -0.00476412987336516380
-0.44999998807907104500 -0.00477991998195648194
-0.43999999761581420900 -0.00477463006973266602
-0.43000000715255737300 -0.00475466204807162285
-0.41999998688697814900 -0.00476643303409218788
-0.40999999642372131300 -0.00475278403609991074
-0.40000000596046447700 -0.00473647890612483025
-0.38999998569488525400 -0.00475119799375534058
-0.37999999523162841800 -0.00475017586722970009
-0.37000000476837158200 -0.00475066015496850014
-0.36000001430511474600 -0.00476202322170138359
-0.34999999403953552200 -0.00476950779557228089
-0.34000000357627868600 -0.00475986022502183914
-0.33000001311302185100 -0.00475835287943482399
-0.31999999284744262700 -0.00475800503045320511
-0.31000000238418579100 -0.00473912479355931282
-0.30000001192092895500 -0.00474243005737662316
-0.28999999165534973100 -0.00474217487499117851
-0.28000000119209289500 -0.00474467081949114800
-0.27000001072883606000 -0.00475644599646329880
-0.25999999046325683600 -0.00475897593423724175
-0.25000000000000000000 -0.00475788488984107971
-0.23999999463558197000 -0.00475960597395896912
-0.23000000417232513400 -0.00474606687203049660
-0.21999999880790710400 -0.00474188383668661118
-0.20999999344348907500 -0.00473711686208844185
-0.20000000298023223900 -0.00472809793427586556
-0.18999999761581420900 -0.00473135616630315781
-0.18000000715255737300 -0.00474460097029805184
-0.17000000178813934300 -0.00474591320380568504
-0.15999999642372131300 -0.00474053621292114258
-0.15000000596046447800 -0.00475908815860748291
-0.14000000059604644800 -0.00474505778402090073
-0.12999999523162841800 -0.00473614316433668137
-0.11999999731779098500 -0.00474168686196208000
-0.10999999940395355200 -0.00471765082329511643
-0.10000000149011611900 -0.00471846293658018112
-0.09000000357627868650 -0.00473112007603049278
-0.07999999821186065670 -0.00473180413246154785
-0.07000000029802322390 -0.00473759695887565613
-0.05999999865889549260 -0.00475415308028459549
-0.05000000074505805970 -0.00475114909932017326
-0.03999999910593032840 -0.00473866611719131470
-0.02999999932944774630 -0.00474634999409317970
-0.01999999955296516420 -0.00473780278116464615
-0.00999999977648258210 -0.00471261190250515938
0.00000000000000000000 -0.00472543481737375260
0.00999999977648258210 -0.00472660316154360771
0.01999999955296516420 -0.00472203409299254418
0.02999999932944774630 -0.00473454222083091736
0.03999999910593032840 -0.00473026186227798462
0.05000000074505805970 -0.00473097199574112892
0.05999999865889549260 -0.00472625903785228729
0.07000000029802322390 -0.00471989298239350319
0.07999999821186065670 -0.00470545515418052674
0.09000000357627868650 -0.00469761621206998825
0.10000000149011611900 -0.00469424901530146599
0.10999999940395355200 -0.00468984106555581093
0.11999999731779098500 -0.00470360415056347847
0.12999999523162841800 -0.00469559198245406151
0.14000000059604644800 -0.00469838781282305718
0.15000000596046447800 -0.00470207678154110909
0.15999999642372131300 -0.00468756398186087608
0.17000000178813934300 -0.00467641884461045265
0.18000000715255737300 -0.00467415386810898781
0.18999999761581420900 -0.00465452717617154122
0.20000000298023223900 -0.00464589288458228111
0.20999999344348907500 -0.00465658679604530335
0.21999999880790710400 -0.00464846706017851830
0.23000000417232513400 -0.00464049680158495903
0.23999999463558197000 -0.00464585795998573303
0.25000000000000000000 -0.00462639611214399338
0.25999999046325683600 -0.00460024923086166382
0.27000001072883606000 -0.00459726015105843544
0.28000000119209289500 -0.00456915097311139107
0.28999999165534973100 -0.00454007880762219429
0.30000001192092895500 -0.00453191623091697693
0.31000000238418579100 -0.00451101502403616905
0.31999999284744262700 -0.00448777806013822556
0.33000001311302185100 -0.00446604378521442413
0.34000000357627868600 -0.00443510897457599640
0.34999999403953552200 -0.00438548810780048370
0.36000001430511474600 -0.00433999998494982720
0.37000000476837158200 -0.00428399583324790001
0.37999999523162841800 -0.00421478785574436188
0.38999998569488525400 -0.00415083207190036774
0.40000000596046447700 -0.00408018194139003754
0.40999999642372131300 -0.00400325423106551170
0.41999998688697814900 -0.00392079120501875878
0.43000000715255737300 -0.00382487196475267410
0.43999999761581420900 -0.00372297503054141998
0.44999998807907104500 -0.00360821001231670380
0.46000000834465026800 -0.00348093989305198193
0.46999999880790710400 -0.00334669998846948147
0.47999998927116394000 -0.00320398900657892227
0.49000000953674316400 -0.00305336108431220055
0.50000000000000000000 -0.00290460698306560516
0.50999999046325683600 -0.00275136902928352356
0.51999998092651367200 -0.00258616497740149498
0.52999997138977050800 -0.00241541606374084950
0.54000002145767211900 -0.00224502198398113251
0.55000001192092895500 -0.00205835793167352676
0.56000000238418579100 -0.00187383301090449095
0.56999999284744262700 -0.00168735999614000320
0.57999998331069946300 -0.00149213802069425583
0.58999997377395629900 -0.00130381598137319088
0.60000002384185791000 -0.00111604901030659676
0.61000001430511474600 -0.00094175711274147034
0.62000000476837158200 -0.00073852558853104711
0.62999999523162841800 -0.00054885871941223741
0.63999998569488525400 -0.00035717189894057810
0.64999997615814209000 -0.00016728970513213426
0.66000002622604370100 0.00000763359457778279
0.67000001668930053700 0.00019107559637632221
0.68000000715255737300 0.00038407160900533199
0.68999999761581420900 0.00057385500986129046
0.69999998807907104500 0.00076209270628169179
0.70999997854232788100 0.00094943947624415159
0.72000002861022949200 0.00112883001565933228
0.73000001907348632800 0.00132198794744908810
0.74000000953674316400 0.00151347799692302942
0.75000000000000000000 0.00170810904819518328
0.75999999046325683600 0.00190484803169965744
0.76999998092651367200 0.00210350006818771362
0.77999997138977050800 0.00230719009414315224
0.79000002145767211900 0.00251490599475800991
0.80000001192092895500 0.00272373599000275135
0.81000000238418579100 0.00293961702845990658
0.81999999284744262700 0.00315985199995338917
0.82999998331069946300 0.00338152004405856133
0.83999997377395629900 0.00361393298953771591
0.85000002384185791000 0.00385151105001568794
0.86000001430511474600 0.00409215688705444336
0.87000000476837158200 0.00434212107211351395
0.87999999523162841800 0.00459733791649341583
0.88999998569488525400 0.00485584791749715805
0.89999997615814209000 0.00511981593444943428
0.91000002622604370100 0.00539266085252165795
0.92000001668930053700 0.00566533720120787621
0.93000000715255737300 0.00594632001593708992
0.93999999761581420900 0.00623844796791672707
0.94999998807907104500 0.00653313519433140755
0.95999997854232788100 0.00684059597551822663
0.97000002861022949200 0.00714976200833916664
0.98000001907348632800 0.00746437814086675644
0.99000000953674316400 0.00778653984889388085
1.00000000000000000000 0.00810888968408107758
