-1.00000000000000000000 -0.00461026513949036598
-0.99000000953674316400 -0.00459814397618174553
-0.98000001907348632800 -0.00461199600249528885
-0.97000002861022949200 -0.00460252491757273674
-0.95999997854232788100 -0.00458718789741396904
-0.94999998807907104500 -0.00459898076951503754
-0.93999999761581420900 -0.00459925318136811257
-0.93000000715255737300 -0.00460098916664719582
-0.92000001668930053700 -0.00461366586387157440
-0.91000002622604370100 -0.00461698509752750397
-0.89999997615814209000 -0.00460991915315389633
-0.88999998569488525400 -0.00460671586915850640
-0.87999999523162841800 -0.00460544181987643242
-0.87000000476837158200 -0.00459417421370744705
-0.86000001430511474600 -0.00458848197013139725
-0.85000002384185791000 -0.00459806108847260475
-0.83999997377395629900 -0.00460280897095799446
-0.82999998331069946300 -0.00461462978273630142
-0.81999999284744262700 -0.00461672013625502586
-0.81000000238418579100 -0.00461844122037291527
-0.80000001192092895500 -0.00462210597470402718
-0.79000002145767211900 -0.00460553122684359551
-0.77999997138977050800 -0.00460670003667473793
-0.76999998092651367200 -0.00460664601996541023
-0.75999999046325683600 -0.00459059095010161400
-0.75000000000000000000 -0.00459601217880845070
-0.74000000953674316400 -0.00460606301203370094
-0.73000001907348632800 -0.00460764020681381226
-0.72000002861022949200 -0.00460457010194659233
-0.70999997854232788100 -0.00462211994454264641
-0.69999998807907104500 -0.00461012311279773712
-0.68999999761581420900 -0.00460329698398709297
-0.68000000715255737300 -0.00461714807897806168
-0.67000001668930053700 -0.00460415799170732498
-0.66000002622604370100 -0.00459430599585175514
-0.64999997615814209000 -0.00461012311279773712
-0.63999998569488525400 -0.00461186096072196961
-0.62999999523162841800 -0.00461392896249890328
-0.62000000476837158200 -0.00462687714025378227
-0.61000001430511474600 -0.00462885992601513863
-0.60000002384185791000 -0.00461979210376739502
-0.58999997377395629900 -0.00462259491905570030
-0.57999998331069946300 -0.00461586890742182732
-0.56999999284744262700 -0.00459790788590908051
-0.56000000238418579100 -0.00460661714896559715
-0.55000001192092895500 -0.00460638012737035752
-0.54000002145767211900 -0.00460746278986334801
-0.52999997138977050800 -0.00462341587990522385
-0.51999998092651367200 -0.00462032714858651161
-0.50999999046325683600 -0.00462242681533098221
-0.50000000000000000000 -0.00462321517989039421
-0.49000000953674316400 -0.00461490405723452568
-0.47999998927116394000 -0.00460829585790634155
-0.46999999880790710400 -0.00460128486156463623
-0.46000000834465026800 -0.00459833489730954170
-0.44999998807907104500 -0.00460056914016604424
-0.43999999761581420900 -0.00461401091888546944
-0.43000000715255737300 -0.00461556622758507729
-0.41999998688697814900 -0.00461634900420904160
-0.40999999642372131300 -0.00462463404983282089
-0.40000000596046447700 -0.00461293105036020279
-0.38999998569488525400 -0.00460856920108199120
-0.37999999523162841800 -0.00460636289790272713
-0.37000000476837158200 -0.00458894483745098114
-0.36000001430511474600 -0.00458528613671660423
-0.34999999403953552200 -0.00459980918094515801
-0.34000000357627868600 -0.00460080383345484734
-0.33000001311302185100 -0.00460244482383131981
-0.31999999284744262700 -0.00461102509871125221
-0.31000000238418579100 -0.00461137806996703148
-0.30000001192092895500 -0.00459885690361261368
-0.28999999165534973100 -0.00460576312616467476
-0.28000000119209289500 -0.00459588784724473953
-0.27000001072883606000 -0.00457874312996864319
-0.25999999046325683600 -0.00458789616823196411
-0.25000000000000000000 -0.00458845496177673340
-0.23999999463558197000 -0.00458942586556077004
-0.23000000417232513400 -0.00460109394043684006
-0.21999999880790710400 -0.00460330303758382797
-0.20999999344348907500 -0.00459530018270015717
-0.20000000298023223900 -0.00458849687129259110
-0.18999999761581420900 -0.00458806613460183144
-0.18000000715255737300 -0.00458024581894278526
-0.17000000178813934300 -0.00457669002935290337
-0.15999999642372131300 -0.00457181222736835480
-0.15000000596046447800 -0.00457985885441303253
-0.14000000059604644800 -0.00459019001573324204
-0.12999999523162841800 -0.00458828685805201531
-0.11999999731779098500 -0.00459394510835409165
-0.10999999940395355200 -0.00459391996264457703
-0.10000000149011611900 -0.00457637291401624680
-0.09000000357627868650 -0.00457772519439458847
-0.07999999821186065670 -0.00457196310162544251
-0.07000000029802322390 -0.00455866800621151924
-0.05999999865889549260 -0.00456350808963179588
-0.05000000074505805970 -0.00457042595371603966
-0.03999999910593032840 -0.00457174796611070633
-0.02999999932944774630 -0.00457286695018410683
-0.01999999955296516420 -0.00458438089117407799
-0.00999999977648258210 -0.00457085110247135162
0.00000000000000000000 -0.00456014415249228478
0.00999999977648258210 -0.00456788018345832825
0.01999999955296516420 -0.00455457903444766998
0.02999999932944774630 -0.00453774817287921906
0.03999999910593032840 -0.00454406021162867546
0.05000000074505805970 -0.00454655289649963379
0.05999999865889549260 -0.00454484997317194939
0.07000000029802322390 -0.00455292407423257828
0.07999999821186065670 -0.00455586286261677742
0.09000000357627868650 -0.00454604299739003182
0.10000000149011611900 -0.00453436700627207756
0.10999999940395355200 -0.00453224219381809235
0.11999999731779098500 -0.00452166609466075897
0.12999999523162841800 -0.00451153004541993141
0.14000000059604644800 -0.00451299082487821579
0.15000000596046447800 -0.00450899219140410423
0.15999999642372131300 -0.00451601110398769379
0.17000000178813934300 -0.00450809812173247338
0.18000000715255737300 -0.00451341597363352776
0.18999999761581420900 -0.00450778286904096604
0.20000000298023223900 -0.00448978599160909653
0.20999999344348907500 -0.00448366487398743630
0.21999999880790710400 -0.00446952600032091141
0.23000000417232513400 -0.00445261178538203240
0.23999999463558197000 -0.00445190398022532463
0.25000000000000000000 -0.00445104017853736878
0.25999999046325683600 -0.00443822797387838364
0.27000001072883606000 -0.00443334784358739853
0.28000000119209289500 -0.00442610587924718857
0.28999999165534973100 -0.00439692893996834755
0.30000001192092895500 -0.00438072718679904938
0.31000000238418579100 -0.00435752095654606819
0.31999999284744262700 -0.00431750202551484108
0.33000001311302185100 -0.00429688813164830208
0.34000000357627868600 -0.00427221506834030152
0.34999999403953552200 -0.00422941707074642182
0.36000001430511474600 -0.00419677002355456352
0.37000000476837158200 -0.00415093917399644852
0.37999999523162841800 -0.00409920699894428253
0.38999998569488525400 -0.00403893180191516876
0.40000000596046447700 -0.00397404190152883530
0.40999999642372131300 -0.00389157002791762352
0.41999998688697814900 -0.00380593701265752316
0.43000000715255737300 -0.00371694192290306091
0.43999999761581420900 -0.00362230092287063599
0.44999998807907104500 -0.00352610601112246513
0.46000000834465026800 -0.00341143994592130184
0.46999999880790710400 -0.00329238595440983772
0.47999998927116394000 -0.00316309905610978603
0.49000000953674316400 -0.00301984092220664024
0.50000000000000000000 -0.00286875199526548386
0.50999999046325683600 -0.00271444604732096195
0.51999998092651367200 -0.00254507106728851795
0.52999997138977050800 -0.00238048401661217213
0.54000002145767211900 -0.00221690698526799679
0.55000001192092895500 -0.00204069097526371479
0.56000000238418579100 -0.00185985199641436338
0.56999999284744262700 -0.00167964794673025608
0.57999998331069946300 -0.00148968794383108616
0.58999997377395629900 -0.00129281496629118919
0.60000002384185791000 -0.00110196298919618130
0.61000001430511474600 -0.00091910222545266151
0.62000000476837158200 -0.00071101938374340534
0.62999999523162841800 -0.00051179761067032814
0.63999998569488525400 -0.00030815319041721523
0.64999997615814209000 -0.00010094409662997350
0.66000002622604370100 0.00009335290815215558
0.67000001668930053700 0.00029404670931398869
0.68000000715255737300 0.00050519499927759171
0.68999999761581420900 0.00071501528145745397
0.69999998807907104500 0.00092462718021124601
0.70999997854232788100 0.00112793105654418469
0.72000002861022949200 0.00134239497128874064
0.73000001907348632800 0.00155654002446681261
0.74000000953674316400 0.00177087297197431326
0.75000000000000000000 0.00198810594156384468
0.75999999046325683600 0.00220765103586018086
0.76999998092651367200 0.00242818100377917290
0.77999997138977050800 0.00265287095680832863
0.79000002145767211900 0.00288023799657821655
0.80000001192092895500 0.00310790305957198143
0.81000000238418579100 0.00334175000898540020
0.81999999284744262700 0.00357795506715774536
0.82999998331069946300 0.00381458690389990807
0.83999997377395629900 0.00406167376786470413
0.85000002384185791000 0.00431223912164568901
0.86000001430511474600 0.00456475699320435524
0.87000000476837158200 0.00482357805594801903
0.87999999523162841800 0.00508739612996578217
0.88999998569488525400 0.00535200908780097962
0.89999997615814209000 0.00562203582376241684
0.91000002622604370100 0.00589949917048215866
0.92000001668930053700 0.00617647822946310044
0.93000000715255737300 0.00646067596971988678
0.93999999761581420900 0.00675470009446144104
0.94999998807907104500 0.00704981293529272080
0.95999997854232788100 0.00735594099387526512
0.97000002861022949200 0.00766219012439250946
0.98000001907348632800 0.00797466561198234558
0.99000000953674316400 0.00829040445387363434
1.00000000000000000000 0.00860753189772367478
