-1.00000000000000000000 -0.00462948298081755638
-0.99000000953674316400 -0.00463605578988790512
-0.98000001907348632800 -0.00461519276723265648
-0.97000002861022949200 -0.00460876291617751122
-0.95999997854232788100 -0.00462472205981612206
-0.94999998807907104500 -0.00462475419044494629
-0.93999999761581420900 -0.00462558493018150330
-0.93000000715255737300 -0.00463733915239572525
-0.92000001668930053700 -0.00463933916762471199
-0.91000002622604370100 -0.00462712207809090614
-0.89999997615814209000 -0.00463735312223434448
-0.88999998569488525400 -0.00462670903652906418
-0.87999999523162841800 -0.00460392981767654419
-0.87000000476837158200 -0.00461663305759429932
-0.86000001430511474600 -0.00461666705086827278
-0.85000002384185791000 -0.00462088407948613167
-0.83999997377395629900 -0.00463115610182285309
-0.82999998331069946300 -0.00463279103860259056
-0.81999999284744262700 -0.00463109510019421578
-0.81000000238418579100 -0.00463116215541958809
-0.80000001192092895500 -0.00462656188756227493
-0.79000002145767211900 -0.00461915321648120880
-0.77999997138977050800 -0.00460954289883375168
-0.76999998092651367200 -0.00461201695725321770
-0.75999999046325683600 -0.00461454782634973526
-0.75000000000000000000 -0.00462735490873456001
-0.74000000953674316400 -0.00462626013904809952
-0.73000001907348632800 -0.00462803198024630547
-0.72000002861022949200 -0.00463978480547666550
-0.70999997854232788100 -0.00462577305734157562
-0.69999998807907104500 -0.00462649622932076454
-0.68999999761581420900 -0.00462862616404891014
-0.68000000715255737300 -0.00460831215605139732
-0.67000001668930053700 -0.00460776919499039650
-0.66000002622604370100 -0.00462263822555541992
-0.64999997615814209000 -0.00462669320404529572
-0.63999998569488525400 -0.00462578888982534409
-0.62999999523162841800 -0.00464264908805489540
-0.62000000476837158200 -0.00463231001049280167
-0.61000001430511474600 -0.00461823400110006333
-0.60000002384185791000 -0.00463054794818162918
-0.58999997377395629900 -0.00461780093610286713
-0.57999998331069946300 -0.00460003223270177841
-0.56999999284744262700 -0.00461486820131540299
-0.56000000238418579100 -0.00461713783442974091
-0.55000001192092895500 -0.00461737299337983132
-0.54000002145767211900 -0.00463073793798685074
-0.52999997138977050800 -0.00463182991370558739
-0.51999998092651367200 -0.00462756305932998657
-0.50999999046325683600 -0.00462185498327016831
-0.50000000000000000000 -0.00462271785363554955
-0.49000000953674316400 -0.00460951402783393860
-0.47999998927116394000 -0.00460215797647833824
-0.46999999880790710400 -0.00460610911250114441
-0.46000000834465026800 -0.00460756104439496994
-0.44999998807907104500 -0.00461925100535154343
-0.43999999761581420900 -0.00461694877594709396
-0.43000000715255737300 -0.00462278677150607109
-0.41999998688697814900 -0.00462613813579082489
-0.40999999642372131300 -0.00461058598011732102
-0.40000000596046447700 -0.00461179390549659729
-0.38999998569488525400 -0.00460807280614972115
-0.37999999523162841800 -0.00459589622914791107
-0.37000000476837158200 -0.00459771417081356049
-0.36000001430511474600 -0.00461300509050488472
-0.34999999403953552200 -0.00460956990718841553
-0.34000000357627868600 -0.00461168820038437843
-0.33000001311302185100 -0.00462646316736936569
-0.31999999284744262700 -0.00461502280086278916
-0.31000000238418579100 -0.00460339710116386414
-0.30000001192092895500 -0.00461019203066825867
-0.28999999165534973100 -0.00459080515429377556
-0.28000000119209289500 -0.00458612898364663124
-0.27000001072883606000 -0.00460166716948151589
-0.25999999046325683600 -0.00459856912493705750
-0.25000000000000000000 -0.00460194004699587822
-0.23999999463558197000 -0.00461201416328549385
-0.23000000417232513400 -0.00461636483669281006
-0.21999999880790710400 -0.00460278801620006561
-0.20999999344348907500 -0.00460844999179244042
-0.20000000298023223900 -0.00460118195042014122
-0.18999999761581420900 -0.00457842880859971047
-0.18000000715255737300 -0.00459066219627857208
-0.17000000178813934300 -0.00458862399682402611
-0.15999999642372131300 -0.00459374487400054932
-0.15000000596046447800 -0.00460285507142543793
-0.14000000059604644800 -0.00460285507142543793
-0.12999999523162841800 -0.00460333889350295067
-0.11999999731779098500 -0.00460356986150145531
-0.10999999940395355200 -0.00459486804902553558
-0.10000000149011611900 -0.00458974577486515045
-0.09000000357627868650 -0.00458048284053802490
-0.07999999821186065670 -0.00457741320133209229
-0.07000000029802322390 -0.00458343699574470520
-0.05999999865889549260 -0.00459322193637490273
-0.05000000074505805970 -0.00459249690175056458
-0.03999999910593032840 -0.00459261192008852959
-0.02999999932944774630 -0.00460459804162383080
-0.01999999955296516420 -0.00458837905898690224
-0.00999999977648258210 -0.00458600092679262161
0.00000000000000000000 -0.00458345515653491020
0.00999999977648258210 -0.00456322589889168739
0.01999999955296516420 -0.00455949781462550163
0.02999999932944774630 -0.00457051489502191544
0.03999999910593032840 -0.00456971395760774613
0.05000000074505805970 -0.00456590391695499420
0.05999999865889549260 -0.00457622203975915909
0.07000000029802322390 -0.00457214517518877983
0.07999999821186065670 -0.00455699115991592407
0.09000000357627868650 -0.00456539215520024300
0.10000000149011611900 -0.00455136317759752274
0.10999999940395355200 -0.00452799489721655846
0.11999999731779098500 -0.00453651882708072662
0.12999999523162841800 -0.00453348504379391670
0.14000000059604644800 -0.00452990178018808365
0.15000000596046447800 -0.00453796517103910446
0.15999999642372131300 -0.00453084614127874375
0.17000000178813934300 -0.00452461093664169312
0.18000000715255737300 -0.00451441202312707901
0.18999999761581420900 -0.00450370786711573601
0.20000000298023223900 -0.00448371004313230515
0.20999999344348907500 -0.00446715811267495155
0.21999999880790710400 -0.00445816013962030411
0.23000000417232513400 -0.00444585597142577171
0.23999999463558197000 -0.00444521987810730934
0.25000000000000000000 -0.00442994479089975357
0.25999999046325683600 -0.00441381288692355156
0.27000001072883606000 -0.00439981510862708092
0.28000000119209289500 -0.00436487514525651932
0.28999999165534973100 -0.00434053689241409302
0.30000001192092895500 -0.00431219907477498055
0.31000000238418579100 -0.00426399288699030876
0.31999999284744262700 -0.00422951299697160721
0.33000001311302185100 -0.00420280080288648605
0.34000000357627868600 -0.00415760604664683342
0.34999999403953552200 -0.00410985993221402168
0.36000001430511474600 -0.00406590104103088379
0.37000000476837158200 -0.00399969611316919327
0.37999999523162841800 -0.00392035394906997681
0.38999998569488525400 -0.00385771295987069607
0.40000000596046447700 -0.00377007899805903435
0.40999999642372131300 -0.00367143703624606133
0.41999998688697814900 -0.00359065202064812184
0.43000000715255737300 -0.00349035602994263172
0.43999999761581420900 -0.00338441599160432816
0.44999998807907104500 -0.00327972788363695145
0.46000000834465026800 -0.00315682496875524521
0.46999999880790710400 -0.00302169099450111389
0.47999998927116394000 -0.00288541405461728573
0.49000000953674316400 -0.00274287303909659386
0.50000000000000000000 -0.00258596194908022881
0.50999999046325683600 -0.00243441690690815449
0.51999998092651367200 -0.00227815099060535431
0.52999997138977050800 -0.00211631390266120434
0.54000002145767211900 -0.00195406889542937279
0.55000001192092895500 -0.00178695295471698046
0.56000000238418579100 -0.00161511497572064400
0.56999999284744262700 -0.00144124694634228945
0.57999998331069946300 -0.00126390601508319378
0.58999997377395629900 -0.00108727894257754087
0.60000002384185791000 -0.00093465211102738977
0.61000001430511474600 -0.00074523902731016278
0.62000000476837158200 -0.00056638097157701850
0.62999999523162841800 -0.00038969240267761052
0.63999998569488525400 -0.00021110579837113619
0.64999997615814209000 -0.00005006020001019351
0.66000002622604370100 0.00011765729868784547
0.67000001668930053700 0.00029899430228397250
0.68000000715255737300 0.00047520929365418851
0.68999999761581420900 0.00065131328301504254
0.69999998807907104500 0.00082897092215716839
0.70999997854232788100 0.00100741698406636715
0.72000002861022949200 0.00118166103493422270
0.73000001907348632800 0.00136910704895853996
0.74000000953674316400 0.00155756401363760233
0.75000000000000000000 0.00175104395020753145
0.75999999046325683600 0.00194847304373979569
0.76999998092651367200 0.00215100590139627457
0.77999997138977050800 0.00235911598429083824
0.79000002145767211900 0.00257172691635787487
0.80000001192092895500 0.00279064290225505829
0.81000000238418579100 0.00301592005416750908
0.81999999284744262700 0.00324964593164622784
0.82999998331069946300 0.00348703796043992043
0.83999997377395629900 0.00373816210776567459
0.85000002384185791000 0.00399380410090088844
0.86000001430511474600 0.00425654090940952301
0.87000000476837158200 0.00453137606382369995
0.87999999523162841800 0.00480364076793193817
0.88999998569488525400 0.00508711580187082291
0.89999997615814209000 0.00538201816380023956
0.91000002622604370100 0.00567350396886467934
0.92000001668930053700 0.00597922690212726593
0.93000000715255737300 0.00630363589152693749
0.93999999761581420900 0.00662651099264621735
0.94999998807907104500 0.00695608789101243019
0.95999997854232788100 0.00730217387899756432
0.97000002861022949200 0.00764645077288150788
0.98000001907348632800 0.00798915605992078781
0.99000000953674316400 0.00835683103650808335
1.00000000000000000000 0.00871723890304565430
