-1.00000000000000000000 -0.00494332378730177880
-0.99000000953674316400 -0.00494184112176299095
-0.98000001907348632800 -0.00492880120873451233
-0.97000002861022949200 -0.00492721097543835640
-0.95999997854232788100 -0.00491995410993695259
-0.94999998807907104500 -0.00491154706105589867
-0.93999999761581420900 -0.00491466699168086052
-0.93000000715255737300 -0.00492733204737305641
-0.92000001668930053700 -0.00492649199441075325
-0.91000002622604370100 -0.00493194907903671265
-0.89999997615814209000 -0.00494420109316706658
-0.88999998569488525400 -0.00493090320378541947
-0.87999999523162841800 -0.00492224097251892090
-0.87000000476837158200 -0.00493196677416563034
-0.86000001430511474600 -0.00491222692653536797
-0.85000002384185791000 -0.00490623898804187775
-0.83999997377395629900 -0.00491937017068266869
-0.82999998331069946300 -0.00491783395409584046
-0.81999999284744262700 -0.00492563797160983086
-0.81000000238418579100 -0.00493334978818893433
-0.80000001192092895500 -0.00493757380172610283
-0.79000002145767211900 -0.00492874393239617348
-0.77999997138977050800 -0.00492558581754565239
-0.76999998092651367200 -0.00492260511964559555
-0.75999999046325683600 -0.00491175521165132523
-0.75000000000000000000 -0.00491013703867793083
-0.74000000953674316400 -0.00490762200206518173
-0.73000001907348632800 -0.00491468282416462898
-0.72000002861022949200 -0.00492618279531598091
-0.70999997854232788100 -0.00492439977824687958
-0.69999998807907104500 -0.00493322685360908508
-0.68999999761581420900 -0.00493392394855618477
-0.68000000715255737300 -0.00491662602871656418
-0.67000001668930053700 -0.00492275413125753403
-0.66000002622604370100 -0.00491563696414232254
-0.64999997615814209000 -0.00489991204813122750
-0.63999998569488525400 -0.00490959919989109039
-0.62999999523162841800 -0.00491751590743660927
-0.62000000476837158200 -0.00491915410384535790
-0.61000001430511474600 -0.00492400489747524262
-0.60000002384185791000 -0.00493839895352721214
-0.58999997377395629900 -0.00492582004517316818
-0.57999998331069946300 -0.00491859298199415207
-0.56999999284744262700 -0.00492654880508780480
-0.56000000238418579100 -0.00491140689700841904
-0.55000001192092895500 -0.00490105291828513146
-0.54000002145767211900 -0.00491113821044564247
-0.52999997138977050800 -0.00491175800561904907
-0.51999998092651367200 -0.00492258416488766670
-0.50999999046325683600 -0.00492837792262434960
-0.50000000000000000000 -0.00492860889062285423
-0.49000000953674316400 -0.00492742797359824181
-0.47999998927116394000 -0.00491523277014493942
-0.46999999880790710400 -0.00491268699988722801
-0.46000000834465026800 -0.00490975100547075272
-0.44999998807907104500 -0.00489605590701103211
-0.43999999761581420900 -0.00489941705018281937
-0.43000000715255737300 -0.00490532210096716881
-0.41999998688697814900 -0.00491176778450608254
-0.40999999642372131300 -0.00490927789360284805
-0.40000000596046447700 -0.00492575112730264664
-0.38999998569488525400 -0.00492057716473937035
-0.37999999523162841800 -0.00490596797317266464
-0.37000000476837158200 -0.00491490820422768593
-0.36000001430511474600 -0.00490408577024936676
-0.34999999403953552200 -0.00488628679886460304
-0.34000000357627868600 -0.00489903986454010010
-0.33000001311302185100 -0.00490533793345093727
-0.31999999284744262700 -0.00490262079983949661
-0.31000000238418579100 -0.00491387117654085159
-0.30000001192092895500 -0.00492131104692816734
-0.28999999165534973100 -0.00491070700809359551
-0.28000000119209289500 -0.00490385293960571289
-0.27000001072883606000 -0.00490653188899159432
-0.25999999046325683600 -0.00489459093660116196
-0.25000000000000000000 -0.00488825980573892594
-0.23999999463558197000 -0.00488800508901476860
-0.23000000417232513400 -0.00489387102425098419
-0.21999999880790710400 -0.00490293512120842934
-0.20999999344348907500 -0.00490125594660639763
-0.20000000298023223900 -0.00490636890754103661
-0.18999999761581420900 -0.00490786600857973099
-0.18000000715255737300 -0.00489284796640276909
-0.17000000178813934300 -0.00488959206268191338
-0.15999999642372131300 -0.00489205215126276016
-0.15000000596046447800 -0.00487497402355074883
-0.14000000059604644800 -0.00487258704379200936
-0.12999999523162841800 -0.00489018810912966728
-0.11999999731779098500 -0.00488882418721914292
-0.10999999940395355200 -0.00488880183547735214
-0.10000000149011611900 -0.00490702921524643898
-0.09000000357627868650 -0.00489584682509303093
-0.07999999821186065670 -0.00487888883799314499
-0.07000000029802322390 -0.00489347614347934723
-0.05999999865889549260 -0.00487712910398840904
-0.05000000074505805970 -0.00486027216538786888
-0.03999999910593032840 -0.00487826298922300339
-0.02999999932944774630 -0.00487532094120979309
-0.01999999955296516420 -0.00487653398886322975
-0.00999999977648258210 -0.00488702114671468735
0.00000000000000000000 -0.00489005493000149727
0.00999999977648258210 -0.00488056708127260208
0.01999999955296516420 -0.00487856613472104073
0.02999999932944774630 -0.00487561803311109543
0.03999999910593032840 -0.00486039789393544197
0.05000000074505805970 -0.00485357502475380898
0.05999999865889549260 -0.00485030794516205788
0.07000000029802322390 -0.00485183205455541611
0.07999999821186065670 -0.00486336601898074150
0.09000000357627868650 -0.00486088218167424202
0.10000000149011611900 -0.00485852221027016640
0.10999999940395355200 -0.00486467499285936356
0.11999999731779098500 -0.00484465621411800385
0.12999999523162841800 -0.00484019005671143532
0.14000000059604644800 -0.00483715906739234924
0.15000000596046447800 -0.00481493212282657623
0.15999999642372131300 -0.00480965478345751763
0.17000000178813934300 -0.00482009910047054291
0.18000000715255737300 -0.00481551000848412514
0.18999999761581420900 -0.00480836117640137673
0.20000000298023223900 -0.00482148816809058190
0.20999999344348907500 -0.00480762915685772896
0.21999999880790710400 -0.00478848302736878395
0.23000000417232513400 -0.00479150190949440003
0.23999999463558197000 -0.00476927822455763817
0.25000000000000000000 -0.00474230013787746430
0.25999999046325683600 -0.00473962118849158287
0.27000001072883606000 -0.00472763599827885628
0.28000000119209289500 -0.00470936391502618790
0.28999999165534973100 -0.00470818905159831047
0.30000001192092895500 -0.00468606082722544670
0.31000000238418579100 -0.00466113584116101265
0.31999999284744262700 -0.00463466998189687729
0.33000001311302185100 -0.00459807692095637322
0.34000000357627868600 -0.00455635087564587593
0.34999999403953552200 -0.00451445812359452248
0.36000001430511474600 -0.00446586078032851219
0.37000000476837158200 -0.00442176917567849159
0.37999999523162841800 -0.00437886221334338188
0.38999998569488525400 -0.00431278208270668984
0.40000000596046447700 -0.00424653617665171623
0.40999999642372131300 -0.00417947396636009216
0.41999998688697814900 -0.00408249208703637123
0.43000000715255737300 -0.00398737378418445587
0.43999999761581420900 -0.00388718489557504654
0.44999998807907104500 -0.00375922303646802902
0.46000000834465026800 -0.00363837298937141895
0.46999999880790710400 -0.00352163310162723065
0.47999998927116394000 -0.00338348792865872383
0.49000000953674316400 -0.00323638995178043842
0.50000000000000000000 -0.00309005705639719963
0.50999999046325683600 -0.00293077109381556511
0.51999998092651367200 -0.00275514088571071625
0.52999997138977050800 -0.00258846301585435867
0.54000002145767211900 -0.00240447605028748512
0.55000001192092895500 -0.00221345294266939163
0.56000000238418579100 -0.00203319801948964596
0.56999999284744262700 -0.00184496096335351467
0.57999998331069946300 -0.00165496300905942917
0.58999997377395629900 -0.00146637402940541506
0.60000002384185791000 -0.00127534102648496628
0.61000001430511474600 -0.00108276400715112686
0.62000000476837158200 -0.00091323489323258400
0.62999999523162841800 -0.00071287539321929216
0.63999998569488525400 -0.00052251602755859494
0.64999997615814209000 -0.00033551148953847587
0.66000002622604370100 -0.00014909259334672242
0.67000001668930053700 0.00002055156073765829
0.68000000715255737300 0.00018635980086401105
0.68999999761581420900 0.00037282038829289377
0.69999998807907104500 0.00055392942158505321
0.70999997854232788100 0.00073144061025232077
0.72000002861022949200 0.00091002642875537276
0.73000001907348632800 0.00107764604035764933
0.74000000953674316400 0.00126139097847044468
0.75000000000000000000 0.00144537200685590506
0.75999999046325683600 0.00163110101129859686
0.76999998092651367200 0.00182002398651093245
0.77999997138977050800 0.00201345793902873993
0.79000002145767211900 0.00221145502291619778
0.80000001192092895500 0.00241536903195083141
0.81000000238418579100 0.00262346095405519009
0.81999999284744262700 0.00283849495463073254
0.82999998331069946300 0.00305900909006595612
0.83999997377395629900 0.00328300707042217255
0.85000002384185791000 0.00351649196818470955
0.86000001430511474600 0.00375567795708775520
0.87000000476837158200 0.00399832986295223236
0.87999999523162841800 0.00425211805850267410
0.88999998569488525400 0.00451581599190831185
0.89999997615814209000 0.00477933604270219803
0.91000002622604370100 0.00505334604531526566
0.92000001668930053700 0.00534013286232948303
0.93000000715255737300 0.00562789198011159897
0.93999999761581420900 0.00592028209939599037
0.94999998807907104500 0.00622786115854978562
0.95999997854232788100 0.00653587188571691513
0.97000002861022949200 0.00684946216642856598
0.98000001907348632800 0.00718152895569801331
0.99000000953674316400 0.00751658715307712555
1.00000000000000000000 0.00785990804433822632
